DeliveryDate,HourEnding,SettlementPoint,SettlementPointPrice,DSTFlag
01/21/2024,01:00,7RNCHSLR_ALL, 21.11,N
01/21/2024,01:00,AEEC, 14.85,N
01/21/2024,01:00,AGUAYO_UNIT1, 21.09,N
01/21/2024,01:00,AJAXWIND_RN, 19.28,N
01/21/2024,01:00,ALGOD_ALL_RN, 21.34,N
01/21/2024,01:00,ALVIN_RN, 20.82,N
01/21/2024,01:00,AMADEUS_ALL, 19.42,N
01/21/2024,01:00,AMISTAD_ALL, 28.74,N
01/21/2024,01:00,AMOCOOIL_CC1, 20.8,N
01/21/2024,01:00,AMOCOOIL_CC2, 20.8,N
01/21/2024,01:00,AMOCO_PUN1, 20.8,N
01/21/2024,01:00,AMOCO_PUN2, 20.8,N
01/21/2024,01:00,AMO_AMOCO_1, 20.8,N
01/21/2024,01:00,AMO_AMOCO_2, 20.8,N
01/21/2024,01:00,AMO_AMOCO_5, 20.8,N
01/21/2024,01:00,AMO_AMOCO_G1, 20.8,N
01/21/2024,01:00,AMO_AMOCO_G2, 20.8,N
01/21/2024,01:00,AMO_AMOCO_G3, 20.8,N
01/21/2024,01:00,AMO_AMOCO_S1, 20.8,N
01/21/2024,01:00,AMO_AMOCO_S2, 20.8,N
01/21/2024,01:00,ANACACHO_ANA, 28.47,N
01/21/2024,01:00,ANCHOR_ALL, 19.83,N
01/21/2024,01:00,ANDMDSLR_ALL, 19.43,N
01/21/2024,01:00,ANEM_ESS_RN, 21.39,N
01/21/2024,01:00,ANG_ALL, 23.29,N
01/21/2024,01:00,ANSON1_ALL, 19.54,N
01/21/2024,01:00,APPALOSA_ALL, 34.15,N
01/21/2024,01:00,AQUI_ALL, 20.27,N
01/21/2024,01:00,ARAGORN_RN, 29.27,N
01/21/2024,01:00,ASTRA_RN, 13.68,N
01/21/2024,01:00,ATK_ATKINSG7, 20.59,N
01/21/2024,01:00,AURO_SLR_RN, 20.65,N
01/21/2024,01:00,AUSTPL_ALL, 21.11,N
01/21/2024,01:00,AVIAT_ALL, 25.15,N
01/21/2024,01:00,AZURE_RN, 19.4,N
01/21/2024,01:00,AZ_ALL, 20.76,N
01/21/2024,01:00,BAC_RN_ALL, 20.8,N
01/21/2024,01:00,BAFFIN_ALL, 21.35,N
01/21/2024,01:00,BAIRDWND_ALL, 19.67,N
01/21/2024,01:00,BARROW_ALL, 30.25,N
01/21/2024,01:00,BASTEN_CC1, 21.11,N
01/21/2024,01:00,BASTEN_CCU, 21.11,N
01/21/2024,01:00,BATCAVE_RN, 22.98,N
01/21/2024,01:00,BAYC_BESS_RN, 21.95,N
01/21/2024,01:00,BBREEZE_1_2, 21.38,N
01/21/2024,01:00,BCATWD_WD_1, 19.59,N
01/21/2024,01:00,BCH_RN, 20.9,N
01/21/2024,01:00,BCK_RN, 20.85,N
01/21/2024,01:00,BELM_SLR_RN, 20.68,N
01/21/2024,01:00,BIGSTAR_ALL, 21.11,N
01/21/2024,01:00,BLACKJAK_RN, 21.33,N
01/21/2024,01:00,BLSMT1_5_A_6, 18.9,N
01/21/2024,01:00,BLUEJAY_RN, 20.58,N
01/21/2024,01:00,BOARDCRK_ALL, 20.26,N
01/21/2024,01:00,BOOTLEG_UN1, 28.64,N
01/21/2024,01:00,BORDAS_345, 21.44,N
01/21/2024,01:00,BOSQUESW_CC1, 20.41,N
01/21/2024,01:00,BOSQUESW_CC2, 20.44,N
01/21/2024,01:00,BOSQ_BSQSU_5, 20.44,N
01/21/2024,01:00,BOSQ_BSQS_12, 20.44,N
01/21/2024,01:00,BOSQ_BSQS_34, 20.41,N
01/21/2024,01:00,BRANDON_RN, 19.71,N
01/21/2024,01:00,BRAUNIG_CC1, 21.47,N
01/21/2024,01:00,BRAUNIG_VHB1, 21.43,N
01/21/2024,01:00,BRAUNIG_VHB2, 21.43,N
01/21/2024,01:00,BRAUNIG_VHB3, 21.47,N
01/21/2024,01:00,BRAZ_WND_ALL, 22.56,N
01/21/2024,01:00,BRA_AVR1_CT2, 21.47,N
01/21/2024,01:00,BRA_AVR_CST1, 21.47,N
01/21/2024,01:00,BRHEIGHT_RN, 20.8,N
01/21/2024,01:00,BRIGHTSD_RN, 21.44,N
01/21/2024,01:00,BRIGHTSD_U1, 21.42,N
01/21/2024,01:00,BRISCOE_WIND, 14.09,N
01/21/2024,01:00,BRPANGLE_RN, 20.96,N
01/21/2024,01:00,BRPMAGNO_RN, 20.8,N
01/21/2024,01:00,BRP_BRAZ_RN, 20.96,N
01/21/2024,01:00,BRP_DIKN_RN, 20.8,N
01/21/2024,01:00,BRP_LOOP_RN, 21.26,N
01/21/2024,01:00,BRP_LOP1_RN, 21.48,N
01/21/2024,01:00,BRP_PBL1_RN, 39.82,N
01/21/2024,01:00,BRP_PBL2_RN, 39.81,N
01/21/2024,01:00,BRP_RN_UNIT1, 21.59,N
01/21/2024,01:00,BRP_SEMI_RN, 20.81,N
01/21/2024,01:00,BRP_SWNY_RN, 20.97,N
01/21/2024,01:00,BRP_ZPT1_RN, 21.52,N
01/21/2024,01:00,BRP_ZPT2_RN, 21.52,N
01/21/2024,01:00,BRTSW_BCW1, 19.93,N
01/21/2024,01:00,BR_ARROW_ALL, 20.05,N
01/21/2024,01:00,BR_VHB6CT5_6, 21.43,N
01/21/2024,01:00,BR_VHB6CT7_8, 21.43,N
01/21/2024,01:00,BSS_U1, 20.97,N
01/21/2024,01:00,BTE_BTE_G1, 20.75,N
01/21/2024,01:00,BTE_BTE_G2, 20.75,N
01/21/2024,01:00,BTE_BTE_G3, 20.75,N
01/21/2024,01:00,BTE_BTE_G4, 20.75,N
01/21/2024,01:00,BTE_CC1, 20.75,N
01/21/2024,01:00,BTE_PUN1, 20.75,N
01/21/2024,01:00,BTE_PUN2, 20.75,N
01/21/2024,01:00,BTM_ALL, 20.88,N
01/21/2024,01:00,BUCHAN_ALL, 20.78,N
01/21/2024,01:00,BUCKTHRN_RN, 20.16,N
01/21/2024,01:00,BUFF_GAP_ALL, 20.47,N
01/21/2024,01:00,BULLCRK_1_2, 22.04,N
01/21/2024,01:00,BVE_CC1, 20.81,N
01/21/2024,01:00,BVE_UNIT1, 20.81,N
01/21/2024,01:00,BVE_UNIT2, 20.81,N
01/21/2024,01:00,BVE_UNIT3, 20.81,N
01/21/2024,01:00,BYRDR_ES_ALL, 20.97,N
01/21/2024,01:00,BYU_BYU_1, 20.78,N
01/21/2024,01:00,BYU_BYU_12, 20.78,N
01/21/2024,01:00,BYU_BYU_34, 20.78,N
01/21/2024,01:00,BYU_BYU_G8, 20.78,N
01/21/2024,01:00,BYU_CC1, 20.78,N
01/21/2024,01:00,BYU_G4_RN, 20.78,N
01/21/2024,01:00,BYU_PUN1, 20.78,N
01/21/2024,01:00,BYU_PUN2, 20.78,N
01/21/2024,01:00,BYU_PUN3, 20.78,N
01/21/2024,01:00,BYU_PUN4, 20.78,N
01/21/2024,01:00,B_DAVIS_3, 21.33,N
01/21/2024,01:00,B_DAVIS_4, 21.33,N
01/21/2024,01:00,B_DAVIS_CC1, 21.33,N
01/21/2024,01:00,B_D_B_DAVIG1, 21.33,N
01/21/2024,01:00,B_D_B_DAVIG2, 21.33,N
01/21/2024,01:00,CABEZON_ALL, 21.41,N
01/21/2024,01:00,CALAVER_JKS1, 21.44,N
01/21/2024,01:00,CALAVER_JKS2, 21.44,N
01/21/2024,01:00,CALAVER_JTD1, 21.46,N
01/21/2024,01:00,CALAVER_JTD2, 21.46,N
01/21/2024,01:00,CALAVER_OWS1, 21.44,N
01/21/2024,01:00,CALAVER_OWS2, 21.44,N
01/21/2024,01:00,CALHOUN_ALL, 21.15,N
01/21/2024,01:00,CALLAHA_WND1, 19.56,N
01/21/2024,01:00,CAL_CALGT1, 20.76,N
01/21/2024,01:00,CAL_CALSTG1, 20.76,N
01/21/2024,01:00,CAL_CC1, 20.76,N
01/21/2024,01:00,CAL_PUN1, 20.76,N
01/21/2024,01:00,CAL_PUN2, 20.76,N
01/21/2024,01:00,CAMWIND_RN, 14.47,N
01/21/2024,01:00,CANYONWD_ALL, 19.44,N
01/21/2024,01:00,CAPRIDG4_CR4, 25.15,N
01/21/2024,01:00,CAPRIDGE_ALL, 25.15,N
01/21/2024,01:00,CARBN_BSP_1, 29.51,N
01/21/2024,01:00,CASL_GAP_UN1, 29.45,N
01/21/2024,01:00,CATARINA_B1, 31.48,N
01/21/2024,01:00,CBECII_89, 20.88,N
01/21/2024,01:00,CBECII_CC3, 20.88,N
01/21/2024,01:00,CBECII_CT7, 20.88,N
01/21/2024,01:00,CBEC_ALL, 20.9,N
01/21/2024,01:00,CBEC_CC1, 20.9,N
01/21/2024,01:00,CBEC_CC2, 20.9,N
01/21/2024,01:00,CBY4_ALL, 20.76,N
01/21/2024,01:00,CBY4_CC1, 20.76,N
01/21/2024,01:00,CBY_CBY_G1, 20.76,N
01/21/2024,01:00,CBY_CBY_G2, 20.76,N
01/21/2024,01:00,CCEC_CC1, 21.32,N
01/21/2024,01:00,CCEC_GT1, 21.32,N
01/21/2024,01:00,CCEC_GT2, 21.32,N
01/21/2024,01:00,CCEC_PUN1, 21.32,N
01/21/2024,01:00,CCEC_PUN2, 21.32,N
01/21/2024,01:00,CCEC_ST1, 21.32,N
01/21/2024,01:00,CEDROHI_CHW1, 21.47,N
01/21/2024,01:00,CEDRVALE_RN, 29.24,N
01/21/2024,01:00,CFLATS_UNIT, 22.98,N
01/21/2024,01:00,CHALUP_ALL, 14.47,N
01/21/2024,01:00,CHAL_SLR_RN, 29.28,N
01/21/2024,01:00,CHAMON_UN1, 20.75,N
01/21/2024,01:00,CHAMON_UN2, 20.75,N
01/21/2024,01:00,CHEDPW_GT2, 20.74,N
01/21/2024,01:00,CHE_CC1, 20.74,N
01/21/2024,01:00,CHE_LYD, 20.75,N
01/21/2024,01:00,CHE_LYD2, 20.75,N
01/21/2024,01:00,CHE_PUN1, 20.75,N
01/21/2024,01:00,CHE_PUN2, 20.75,N
01/21/2024,01:00,CHISMGRD_RN, 19.95,N
01/21/2024,01:00,CISC_RN, 20.21,N
01/21/2024,01:00,CITYVICT_ALL, 21.25,N
01/21/2024,01:00,CN_BRKS_UNT1, 13.81,N
01/21/2024,01:00,COL_COLETOG1, 21.31,N
01/21/2024,01:00,CONIGLIO_RN, 20.04,N
01/21/2024,01:00,CONTINEN_RN, 14.53,N
01/21/2024,01:00,CORALSLR_ALL, 20.48,N
01/21/2024,01:00,CORAZON_RN, 21.45,N
01/21/2024,01:00,COTPLNS_RN, 14.05,N
01/21/2024,01:00,COTTON_PAP2, 21.31,N
01/21/2024,01:00,COYOTSPR_RN, 29.25,N
01/21/2024,01:00,CPSES_UNIT1, 20.11,N
01/21/2024,01:00,CPSES_UNIT2, 20.11,N
01/21/2024,01:00,CRANELL_ALL, 21.33,N
01/21/2024,01:00,CROSSETT_ALL, 29.47,N
01/21/2024,01:00,CRWN_SLR_UN1, 20.58,N
01/21/2024,01:00,CSC_CSECG1_2, 22.14,N
01/21/2024,01:00,CVC_CC1, 20.74,N
01/21/2024,01:00,CVC_CVCG1_5, 20.74,N
01/21/2024,01:00,CVC_CVC_G2, 20.74,N
01/21/2024,01:00,CVC_CVC_G3, 20.74,N
01/21/2024,01:00,DAG_ALL, 21.06,N
01/21/2024,01:00,DANSBY_ALL, 20.59,N
01/21/2024,01:00,DAN_ALL, 20.93,N
01/21/2024,01:00,DA_BESS, 20.93,N
01/21/2024,01:00,DC2SES_ALL, 20.11,N
01/21/2024,01:00,DC_E, 20.05,N
01/21/2024,01:00,DC_L, 21.49,N
01/21/2024,01:00,DC_N, 19.15,N
01/21/2024,01:00,DC_R, 14.49,N
01/21/2024,01:00,DDPEC_CC1, 20.77,N
01/21/2024,01:00,DDPEC_GT1, 20.77,N
01/21/2024,01:00,DDPEC_GT2, 20.77,N
01/21/2024,01:00,DDPEC_GT3, 20.77,N
01/21/2024,01:00,DDPEC_GT4, 20.77,N
01/21/2024,01:00,DDPEC_GT6, 20.77,N
01/21/2024,01:00,DDPEC_ST1, 20.77,N
01/21/2024,01:00,DECKER_DPG2, 21.1,N
01/21/2024,01:00,DECKER_GT, 21.1,N
01/21/2024,01:00,DENISON_G1_2, 20.02,N
01/21/2024,01:00,DERMOTT_ALL, 19.45,N
01/21/2024,01:00,DIBOL_RN, 20.21,N
01/21/2024,01:00,DIB_CC1, 20.77,N
01/21/2024,01:00,DIB_DIB_G1, 20.77,N
01/21/2024,01:00,DIB_DIB_G2, 20.77,N
01/21/2024,01:00,DIB_DIB_G3, 20.77,N
01/21/2024,01:00,DIB_DIB_G4, 20.77,N
01/21/2024,01:00,DIB_PUN1, 20.77,N
01/21/2024,01:00,DIB_PUN2, 20.77,N
01/21/2024,01:00,DILEOS_UNIT1, 20.42,N
01/21/2024,01:00,DKNS_ESS_RN, 18.2,N
01/21/2024,01:00,DOWGEN_PUN1, 20.88,N
01/21/2024,01:00,DOWGEN_PUN2, 20.88,N
01/21/2024,01:00,DOWGEN_PUN3, 20.88,N
01/21/2024,01:00,DOW_61_2_63, 20.88,N
01/21/2024,01:00,DOW_64, 20.88,N
01/21/2024,01:00,DOW_81_2_84, 20.88,N
01/21/2024,01:00,DOW_G37_G35, 20.88,N
01/21/2024,01:00,DOW_G66_ST65, 20.88,N
01/21/2024,01:00,DOW_G67, 20.88,N
01/21/2024,01:00,DOW_G96_ST95, 20.88,N
01/21/2024,01:00,DUKE_CC1, 14.49,N
01/21/2024,01:00,DUKE_GST1CCU, 14.49,N
01/21/2024,01:00,DUKE_GT2_CCU, 14.49,N
01/21/2024,01:00,DUP_PUN1, 21.24,N
01/21/2024,01:00,DUP_PUN2, 21.24,N
01/21/2024,01:00,DUP_PUN3, 21.24,N
01/21/2024,01:00,DUP_PUN4, 21.24,N
01/21/2024,01:00,EBELLS_UNIT1, 20.65,N
01/21/2024,01:00,EBNY_ESS_RN, 21.43,N
01/21/2024,01:00,ECLIPSE_UN1, 28.44,N
01/21/2024,01:00,EIFSLR_UNIT1, 20.04,N
01/21/2024,01:00,ELB_ELBCREEK, 27.93,N
01/21/2024,01:00,ELECTRAW_1_2, 19.14,N
01/21/2024,01:00,ELSAUZ_ALL, 21.38,N
01/21/2024,01:00,ELSA_ESR_RN, 14.49,N
01/21/2024,01:00,ELS_RN_1, 20.13,N
01/21/2024,01:00,EL_RAYO_ALL, 14.47,N
01/21/2024,01:00,ENDPARK_ESS1, 20.17,N
01/21/2024,01:00,ERSL_RN, 22.44,N
01/21/2024,01:00,ESTONIAN_ALL, 20.04,N
01/21/2024,01:00,ETCCS_CC1, 20.16,N
01/21/2024,01:00,ETCCS_CCU, 20.16,N
01/21/2024,01:00,EUNICE_ALL, 30.07,N
01/21/2024,01:00,EXGNSND_RN, 21.52,N
01/21/2024,01:00,EXGNWTL_1, 21.47,N
01/21/2024,01:00,EXN_14, 20.76,N
01/21/2024,01:00,EXN_1_3, 20.76,N
01/21/2024,01:00,EXN_4, 20.76,N
01/21/2024,01:00,EXN_8, 20.76,N
01/21/2024,01:00,EXN_9_13, 20.76,N
01/21/2024,01:00,EXN_PUN1, 20.76,N
01/21/2024,01:00,EXN_PUN2, 20.76,N
01/21/2024,01:00,EXN_PUN3, 20.76,N
01/21/2024,01:00,E_BLACK_RN, 21.03,N
01/21/2024,01:00,FALFUR_RN, 21.4,N
01/21/2024,01:00,FAL_FALCONG1, 21.46,N
01/21/2024,01:00,FAL_FALCONG2, 21.46,N
01/21/2024,01:00,FAL_FALCONG3, 21.46,N
01/21/2024,01:00,FAULKNER_RN, 29.25,N
01/21/2024,01:00,FEGC_RN, 20.81,N
01/21/2024,01:00,FENCESLR_ALL, 20.22,N
01/21/2024,01:00,FERGCC_CC1, 21.44,N
01/21/2024,01:00,FERGCC_GT1_1, 21.44,N
01/21/2024,01:00,FERGCC_GT2_3, 21.44,N
01/21/2024,01:00,FERGCC_ST1_5, 21.44,N
01/21/2024,01:00,FERMI_ALL, 28.98,N
01/21/2024,01:00,FILESSLR_PV1, 20.2,N
01/21/2024,01:00,FIVEWSLR_ALL, 20.75,N
01/21/2024,01:00,FLCNS_CC1, 29.45,N
01/21/2024,01:00,FLCNS_UNIT1, 29.45,N
01/21/2024,01:00,FLCNS_UNIT2, 29.45,N
01/21/2024,01:00,FLCNS_UNIT3, 29.45,N
01/21/2024,01:00,FLOWERII_RN, 29.22,N
01/21/2024,01:00,FLTBES1, 29.22,N
01/21/2024,01:00,FLTCK_SSI, 20.2,N
01/21/2024,01:00,FLUVANNA_1_2, 20.17,N
01/21/2024,01:00,FLVABES1_ESR, 29.22,N
01/21/2024,01:00,FOARDCTY_ALL, 18.89,N
01/21/2024,01:00,FORMOSA_CC1, 21.13,N
01/21/2024,01:00,FORMOSA_CC2, 21.13,N
01/21/2024,01:00,FORMOSA_PUN1, 21.13,N
01/21/2024,01:00,FORMOSA_PUN2, 21.13,N
01/21/2024,01:00,FOXTROT_ALL, 21.38,N
01/21/2024,01:00,FO_FORMOSA11, 21.13,N
01/21/2024,01:00,FO_FORMOSA12, 21.13,N
01/21/2024,01:00,FO_FORMOSG1, 21.13,N
01/21/2024,01:00,FO_FORMOSG10, 21.13,N
01/21/2024,01:00,FO_FORMOSG13, 21.13,N
01/21/2024,01:00,FO_FORMOSG14, 21.13,N
01/21/2024,01:00,FO_FORMOSG15, 21.13,N
01/21/2024,01:00,FO_FORMOSG2, 21.13,N
01/21/2024,01:00,FO_FORMOSG3, 21.13,N
01/21/2024,01:00,FO_FORMOSG4, 21.13,N
01/21/2024,01:00,FO_FORMOSG5, 21.13,N
01/21/2024,01:00,FO_FORMOSG6, 21.13,N
01/21/2024,01:00,FO_FORMOSG7, 21.13,N
01/21/2024,01:00,FO_FORMOSG8, 21.13,N
01/21/2024,01:00,FO_FORMOSG9, 21.13,N
01/21/2024,01:00,FPPYD_FPP_G1, 21.08,N
01/21/2024,01:00,FPPYD_FPP_G2, 21.08,N
01/21/2024,01:00,FPPYD_FPP_G3, 21.08,N
01/21/2024,01:00,FREC_1_CCU, 20.27,N
01/21/2024,01:00,FREC_2_CCU, 20.27,N
01/21/2024,01:00,FREC_CC1, 20.27,N
01/21/2024,01:00,FREC_CC2, 20.27,N
01/21/2024,01:00,FRMRSVLW_RN, 20.05,N
01/21/2024,01:00,FRNYPP_1_CCU, 20.1,N
01/21/2024,01:00,FRNYPP_2_CCU, 20.1,N
01/21/2024,01:00,FRNYPP_CC1, 20.1,N
01/21/2024,01:00,FRNYPP_CC2, 20.1,N
01/21/2024,01:00,FRONT_EC_CC1, 14.5,N
01/21/2024,01:00,FRONT_EC_RN1, 14.5,N
01/21/2024,01:00,FRONT_EC_RN2, 14.5,N
01/21/2024,01:00,FRONT_EC_RN3, 14.5,N
01/21/2024,01:00,FRYE_SLR_ALL, 13.92,N
01/21/2024,01:00,FTR_CC1, 20.61,N
01/21/2024,01:00,FTR_FTR_G1_4, 20.61,N
01/21/2024,01:00,FTWIND_UNIT1, 20.76,N
01/21/2024,01:00,FWLR_SLR_1, 29.45,N
01/21/2024,01:00,GALO_RN1, 22.03,N
01/21/2024,01:00,GAMBIT_RN, 20.96,N
01/21/2024,01:00,GARC_BESS_RN, 14.54,N
01/21/2024,01:00,GBY_GT, 20.76,N
01/21/2024,01:00,GID_GIDEONG1, 21.09,N
01/21/2024,01:00,GID_GIDEONG2, 21.09,N
01/21/2024,01:00,GID_GIDEONG3, 21.09,N
01/21/2024,01:00,GIGA_ESS_RN, 21.12,N
01/21/2024,01:00,GOA_GOATWIND, 25.79,N
01/21/2024,01:00,GOLINDA_UN1, 20.58,N
01/21/2024,01:00,GOMZ_RN, 29.21,N
01/21/2024,01:00,GOODNIT1_ALL, 14.15,N
01/21/2024,01:00,GPASTURE_ALL, 19.37,N
01/21/2024,01:00,GRANDVW1_A_B, 14.17,N
01/21/2024,01:00,GRDNE_ESR_RN, 27.23,N
01/21/2024,01:00,GREASWOD_ALL, 28.74,N
01/21/2024,01:00,GRIF_TRL_RN, 19.08,N
01/21/2024,01:00,GRSES_UNIT1, 19.79,N
01/21/2024,01:00,GRSES_UNIT2, 19.68,N
01/21/2024,01:00,GUADG_CC1, 21.35,N
01/21/2024,01:00,GUADG_CC2, 21.35,N
01/21/2024,01:00,GUADG_CCU1, 21.35,N
01/21/2024,01:00,GUADG_CCU2, 21.35,N
01/21/2024,01:00,GUNMTN_NODE, 26.54,N
01/21/2024,01:00,GWEC_G1, 20.81,N
01/21/2024,01:00,HALO_RN1, 20.71,N
01/21/2024,01:00,HAMI_BESS_RN, 28.74,N
01/21/2024,01:00,HAYSEN1_2, 21.33,N
01/21/2024,01:00,HAYSEN3_4, 21.33,N
01/21/2024,01:00,HB_BUSAVG, 20.73,N
01/21/2024,01:00,HB_HOUSTON, 20.76,N
01/21/2024,01:00,HB_HUBAVG, 21.24,N
01/21/2024,01:00,HB_NORTH, 20.17,N
01/21/2024,01:00,HB_PAN, 14.54,N
01/21/2024,01:00,HB_SOUTH, 20.62,N
01/21/2024,01:00,HB_WEST, 23.4,N
01/21/2024,01:00,HELIOS_RN, 30.27,N
01/21/2024,01:00,HHGT_KENDAL, 22.12,N
01/21/2024,01:00,HHOLLW2_WND1, 20.47,N
01/21/2024,01:00,HHOLLW3_WND1, 20.47,N
01/21/2024,01:00,HHOLLW4_WND1, 20.47,N
01/21/2024,01:00,HICK_G1_G2, 24.56,N
01/21/2024,01:00,HI_LONEB_RN1, 25.4,N
01/21/2024,01:00,HI_LONE_ALL, 25.4,N
01/21/2024,01:00,HLSES_UNIT3, 20.07,N
01/21/2024,01:00,HLSES_UNIT4, 20.07,N
01/21/2024,01:00,HLSES_UNIT5, 20.07,N
01/21/2024,01:00,HMNG_ESS_RN, 19.85,N
01/21/2024,01:00,HOLCOMB_RN1, 21.97,N
01/21/2024,01:00,HOLSTEIN_ALL, 20.25,N
01/21/2024,01:00,HOL_ALL, 20.9,N
01/21/2024,01:00,HOPKNSLR_ALL, 20.05,N
01/21/2024,01:00,HORSCR_RN, 29.51,N
01/21/2024,01:00,HORSECRK_RN, 19.22,N
01/21/2024,01:00,HOUSEMTN_RN, 39.06,N
01/21/2024,01:00,HOVEY_GEN, 29.06,N
01/21/2024,01:00,HRBESS_BESS, 30.05,N
01/21/2024,01:00,HRFDWIND_ALL, 13.68,N
01/21/2024,01:00,HRZN_SLR_UN1, 21.37,N
01/21/2024,01:00,HWF_HWFG1, 19.76,N
01/21/2024,01:00,HYDR_ESS_RN, 28.41,N
01/21/2024,01:00,H_HOLLO_WND1, 20.47,N
01/21/2024,01:00,IMP_RN1, 20.04,N
01/21/2024,01:00,INDNENR_1_RN, 29.89,N
01/21/2024,01:00,INDNENR_2_RN, 29.7,N
01/21/2024,01:00,INDNNWP_RN, 29.78,N
01/21/2024,01:00,IND_INADALE1, 18.39,N
01/21/2024,01:00,INGLCOSW_CC1, 21.3,N
01/21/2024,01:00,INGLCOSW_STG, 21.3,N
01/21/2024,01:00,INGLCOS_CTG1, 21.3,N
01/21/2024,01:00,INGLCOS_CTG2, 21.3,N
01/21/2024,01:00,INGLCO_PUN1, 21.3,N
01/21/2024,01:00,INGLCO_PUN2, 21.3,N
01/21/2024,01:00,INGLCO_PUN3, 21.3,N
01/21/2024,01:00,INKS_INKS_G1, 32.44,N
01/21/2024,01:00,INRT_W_ALL, 19.31,N
01/21/2024,01:00,JACKCNTY_CC1, 19.94,N
01/21/2024,01:00,JACKCNTY_CT1, 19.94,N
01/21/2024,01:00,JACKCNTY_CT2, 19.94,N
01/21/2024,01:00,JACKCNTY_STG, 19.94,N
01/21/2024,01:00,JADE_SLR_ALL, 19.4,N
01/21/2024,01:00,JAY_RN_1, 20.84,N
01/21/2024,01:00,JCKCNTY2_CC1, 19.8,N
01/21/2024,01:00,JCKCNTY2_CT3, 19.8,N
01/21/2024,01:00,JCKCNTY2_CT4, 19.8,N
01/21/2024,01:00,JCKCNTY2_ST2, 19.8,N
01/21/2024,01:00,JC_BAT_RN, 21.49,N
01/21/2024,01:00,JDKNS_RN, 29.32,N
01/21/2024,01:00,JUNCTION_RN, 22.97,N
01/21/2024,01:00,JUNO_ALL, 23,N
01/21/2024,01:00,KARAKAW1_1, 21.35,N
01/21/2024,01:00,KARAKAW2_1, 21.35,N
01/21/2024,01:00,KEECHI_U1, 19.94,N
01/21/2024,01:00,KELAMSL_U1, 20.21,N
01/21/2024,01:00,KEO_KEO_SM1, 29.51,N
01/21/2024,01:00,KINGE_ALL, 29.51,N
01/21/2024,01:00,KINGW_ALL, 29.46,N
01/21/2024,01:00,KMCHI_CC1, 20.02,N
01/21/2024,01:00,KMCHI_CC2, 20.02,N
01/21/2024,01:00,LACY_CRK_ALL, 26.59,N
01/21/2024,01:00,LAMESASLR_G, 22.15,N
01/21/2024,01:00,LAPETUS_U1, 30.56,N
01/21/2024,01:00,LARDVFTN_G4, 21.49,N
01/21/2024,01:00,LARDVFTN_G5, 21.49,N
01/21/2024,01:00,LASSO_GEN, 39.06,N
01/21/2024,01:00,LBRA_BES1, 21.35,N
01/21/2024,01:00,LEG_LEG_G1, 20.45,N
01/21/2024,01:00,LEG_LEG_G2, 20.45,N
01/21/2024,01:00,LEONLCPCT1_2, 21.45,N
01/21/2024,01:00,LEONLCPCT3_4, 21.45,N
01/21/2024,01:00,LFSTH_RN, 20.21,N
01/21/2024,01:00,LGDRAW_S_ALL, 23,N
01/21/2024,01:00,LGD_LANGFORD, 24.93,N
01/21/2024,01:00,LGE_CC1, 21.3,N
01/21/2024,01:00,LGE_LGE_GT1, 21.3,N
01/21/2024,01:00,LGE_LGE_GT2, 21.3,N
01/21/2024,01:00,LGE_LGE_STG, 21.3,N
01/21/2024,01:00,LGE_PUN1, 21.3,N
01/21/2024,01:00,LGE_PUN2, 21.3,N
01/21/2024,01:00,LGW_UNIT_ALL, 20.64,N
01/21/2024,01:00,LHM_CVC_G4, 20.75,N
01/21/2024,01:00,LHM_PUN1, 20.75,N
01/21/2024,01:00,LHM_PUN2, 20.75,N
01/21/2024,01:00,LHORN_N_U1_2, 14.09,N
01/21/2024,01:00,LHSES_UNIT1, 20.09,N
01/21/2024,01:00,LHSES_UNIT2, 20.09,N
01/21/2024,01:00,LIG_RN, 20.75,N
01/21/2024,01:00,LILY_RN, 20.13,N
01/21/2024,01:00,LMAJADAS_ALL, 14.47,N
01/21/2024,01:00,LMO_ESR_RN, 20.6,N
01/21/2024,01:00,LNCRK_ALL, 19.78,N
01/21/2024,01:00,LONESTAR_RN, 29.34,N
01/21/2024,01:00,LONEWOLF_ALL, 20.37,N
01/21/2024,01:00,LON_RN1, 20.88,N
01/21/2024,01:00,LOSTPI_CC1, 21.08,N
01/21/2024,01:00,LOS_LOSTPGT1, 21.08,N
01/21/2024,01:00,LOS_LOSTPGT2, 21.08,N
01/21/2024,01:00,LOS_LOSTPST1, 21.08,N
01/21/2024,01:00,LPCCS_CC1, 20.03,N
01/21/2024,01:00,LPCCS_CC2, 20.03,N
01/21/2024,01:00,LPCCS_CT11, 20.03,N
01/21/2024,01:00,LPCCS_CT12, 20.03,N
01/21/2024,01:00,LPCCS_CT21, 20.03,N
01/21/2024,01:00,LPCCS_CT22, 20.03,N
01/21/2024,01:00,LPCCS_UNIT1, 20.03,N
01/21/2024,01:00,LPCCS_UNIT2, 20.03,N
01/21/2024,01:00,LV1A_LV1B, 14.47,N
01/21/2024,01:00,LV3_RN, 21.4,N
01/21/2024,01:00,LV3_UNIT1, 21.4,N
01/21/2024,01:00,LV4_UNIT_1, 21.4,N
01/21/2024,01:00,LV5_UNIT1, 14.52,N
01/21/2024,01:00,LZ_AEN, 21.1,N
01/21/2024,01:00,LZ_CPS, 21.47,N
01/21/2024,01:00,LZ_HOUSTON, 20.78,N
01/21/2024,01:00,LZ_LCRA, 21.33,N
01/21/2024,01:00,LZ_NORTH, 20.15,N
01/21/2024,01:00,LZ_RAYBN, 20.09,N
01/21/2024,01:00,LZ_SOUTH, 20.47,N
01/21/2024,01:00,LZ_WEST, 27.82,N
01/21/2024,01:00,L_FRE_ESR_RN, 14.47,N
01/21/2024,01:00,MADERO_RN, 14.49,N
01/21/2024,01:00,MAINLAND_RN, 20.8,N
01/21/2024,01:00,MARBFA, 21.44,N
01/21/2024,01:00,MARIAH_ALL, 13.68,N
01/21/2024,01:00,MAR_MARSFOG1, 21.1,N
01/21/2024,01:00,MAR_MARSFOG2, 21.1,N
01/21/2024,01:00,MAR_MARSFOG3, 21.1,N
01/21/2024,01:00,MASSENGL_CC1, 11,N
01/21/2024,01:00,MASSENGL_G6, 16.82,N
01/21/2024,01:00,MASSENGL_G7, 16.82,N
01/21/2024,01:00,MASSENGL_G8, 5.49,N
01/21/2024,01:00,MAVCRK_W_ALL, 22.03,N
01/21/2024,01:00,MCDLD_FCSBW1, 26.39,N
01/21/2024,01:00,MCLNSLR_RN, 26.4,N
01/21/2024,01:00,MCSES_UNIT6, 20.1,N
01/21/2024,01:00,MCSES_UNIT7, 20.1,N
01/21/2024,01:00,MCSES_UNIT8, 20.1,N
01/21/2024,01:00,MDANP_CT1_2, 20.14,N
01/21/2024,01:00,MDANP_CT3_4, 20.14,N
01/21/2024,01:00,MDANP_CT5_6, 20.14,N
01/21/2024,01:00,MERCURY_ALL, 20.27,N
01/21/2024,01:00,MESQCRK_ALL, 23,N
01/21/2024,01:00,MESTENO_RN, 21.4,N
01/21/2024,01:00,MGSES_CT123, 27.02,N
01/21/2024,01:00,MGSES_CT456, 27.02,N
01/21/2024,01:00,MIAM1_G1_G2, 14.43,N
01/21/2024,01:00,MIDWY_RN, 29.53,N
01/21/2024,01:00,MIL_MILG1_2, 20.07,N
01/21/2024,01:00,MIL_MILG345, 20.07,N
01/21/2024,01:00,MIRAGE_G1, 20.78,N
01/21/2024,01:00,MIRASOLE_GEN, 21.39,N
01/21/2024,01:00,MISAE_GEN_RN, 15.11,N
01/21/2024,01:00,MLSES_UNIT1, 20.18,N
01/21/2024,01:00,MLSES_UNIT2, 20.18,N
01/21/2024,01:00,MLSES_UNIT3, 20.18,N
01/21/2024,01:00,MNWL_BESS_RN, 20.02,N
01/21/2024,01:00,MOZART_WIND1, 21.86,N
01/21/2024,01:00,MUSTNGCK_ALL, 21.37,N
01/21/2024,01:00,MV_VALV4_RN, 14.49,N
01/21/2024,01:00,MWEC_G1, 21.6,N
01/21/2024,01:00,MYRY_ESR_RN, 14.49,N
01/21/2024,01:00,MYR_ALL, 20.9,N
01/21/2024,01:00,NACPW_UNIT1, 20.2,N
01/21/2024,01:00,NBOHR_RN, 26.8,N
01/21/2024,01:00,NCARBIDEG8, 21.21,N
01/21/2024,01:00,NCARBIDE_1_7, 21.21,N
01/21/2024,01:00,NCARBID_PUN1, 21.21,N
01/21/2024,01:00,NCARBID_PUN2, 21.21,N
01/21/2024,01:00,NCO_RN, 20.97,N
01/21/2024,01:00,NEBULA_RN, 14.48,N
01/21/2024,01:00,NEDIN_CC1, 14.27,N
01/21/2024,01:00,NED_NEDIN_G1, 14.49,N
01/21/2024,01:00,NED_NEDIN_G2, 14.49,N
01/21/2024,01:00,NED_NEDIN_G3, 13.86,N
01/21/2024,01:00,NF_BRP_RN, 21.09,N
01/21/2024,01:00,NOBLESLR_ALL, 19.85,N
01/21/2024,01:00,NOVA1SLR_ALL, 18.86,N
01/21/2024,01:00,NOVA2S_UNIT1, 18.86,N
01/21/2024,01:00,NUECES_B_CC1, 21.32,N
01/21/2024,01:00,NUE_NUECESG7, 21.32,N
01/21/2024,01:00,NUE_NUECESG8, 21.32,N
01/21/2024,01:00,NUE_NUECESG9, 21.32,N
01/21/2024,01:00,NWF_NWF1, 29.91,N
01/21/2024,01:00,N_AL_BESS_RN, 14.49,N
01/21/2024,01:00,N_MRD_ESR_RN, 14.48,N
01/21/2024,01:00,OBERON_U1, 29.51,N
01/21/2024,01:00,ODESW_RN, 29.44,N
01/21/2024,01:00,OECCS_1, 29.18,N
01/21/2024,01:00,OECCS_2, 29.18,N
01/21/2024,01:00,OECCS_CC1, 29.18,N
01/21/2024,01:00,OECCS_CC2, 29.18,N
01/21/2024,01:00,OGSES_1, 20.54,N
01/21/2024,01:00,OGSES_2, 20.54,N
01/21/2024,01:00,OLIN_OLING_1, 20.07,N
01/21/2024,01:00,OLIN_OLING_2, 20.07,N
01/21/2024,01:00,OLIN_OLING_3, 20.07,N
01/21/2024,01:00,OLIN_OLING_4, 20.07,N
01/21/2024,01:00,OLNEYTN_RN, 19.71,N
01/21/2024,01:00,OR_BESS_RN, 20.87,N
01/21/2024,01:00,OWF_OWF, 26.69,N
01/21/2024,01:00,OXY_OXY_CCG1, 21.33,N
01/21/2024,01:00,OXY_PUN1, 21.33,N
01/21/2024,01:00,OXY_PUN2, 21.33,N
01/21/2024,01:00,PALE_ESS_EN, 15.59,N
01/21/2024,01:00,PALMWI_UNIT1, 14.47,N
01/21/2024,01:00,PANDA_S_CC1, 20.01,N
01/21/2024,01:00,PANDA_S_CT1, 20.01,N
01/21/2024,01:00,PANDA_S_CT2, 20.01,N
01/21/2024,01:00,PANDA_S_ST1, 20.01,N
01/21/2024,01:00,PANDA_T1_CC1, 20.76,N
01/21/2024,01:00,PANDA_T1_CT1, 20.76,N
01/21/2024,01:00,PANDA_T1_CT2, 20.76,N
01/21/2024,01:00,PANDA_T1_ST1, 20.76,N
01/21/2024,01:00,PANDA_T2_CC1, 20.76,N
01/21/2024,01:00,PANDA_T2_CT1, 20.76,N
01/21/2024,01:00,PANDA_T2_CT2, 20.76,N
01/21/2024,01:00,PANDA_T2_ST1, 20.76,N
01/21/2024,01:00,PAP1_PAP1, 21.31,N
01/21/2024,01:00,PAULN_RN, 20.2,N
01/21/2024,01:00,PAVLOV_BT_RN, 22.73,N
01/21/2024,01:00,PAVO_ESS_ALL, 29.51,N
01/21/2024,01:00,PB2SES_CT1, 29.38,N
01/21/2024,01:00,PB2SES_CT2, 29.38,N
01/21/2024,01:00,PB2SES_CT3, 29.38,N
01/21/2024,01:00,PB2SES_CT4, 29.38,N
01/21/2024,01:00,PB2SES_CT5, 29.38,N
01/21/2024,01:00,PC_NORTH_1, 27.93,N
01/21/2024,01:00,PC_SOUTH_ALL, 27.93,N
01/21/2024,01:00,PEARSA_1_24, 21.37,N
01/21/2024,01:00,PENA_ALL, 21.35,N
01/21/2024,01:00,PES1_RN, 20.81,N
01/21/2024,01:00,PEY_RN, 20.93,N
01/21/2024,01:00,PH1_UNIT1_2, 14.3,N
01/21/2024,01:00,PH2_U1_U2, 14.3,N
01/21/2024,01:00,PHILLWND_ALL, 20.46,N
01/21/2024,01:00,PHOEBE_ALL, 29.51,N
01/21/2024,01:00,PHOENIX_RN, 20.03,N
01/21/2024,01:00,PHO_ALL, 20.88,N
01/21/2024,01:00,PIONR_DJ_RN, 28.91,N
01/21/2024,01:00,PISG_RN_ALL, 20.26,N
01/21/2024,01:00,PITSDD_UNIT1, 20.28,N
01/21/2024,01:00,PLN_ALL, 20.93,N
01/21/2024,01:00,PNPI_GT2_RN, 20.84,N
01/21/2024,01:00,PORTSL_UNIT1, 19.84,N
01/21/2024,01:00,POTSVIL_RN, 20.5,N
01/21/2024,01:00,PRID_RN, 21.12,N
01/21/2024,01:00,PROSPERO_ALL, 30.06,N
01/21/2024,01:00,PRO_RN, 20.81,N
01/21/2024,01:00,PRSPERO2_ALL, 30.06,N
01/21/2024,01:00,PR_PR_ALL, 20.76,N
01/21/2024,01:00,PR_PR_G2, 20.76,N
01/21/2024,01:00,PSA_CC1, 20.75,N
01/21/2024,01:00,PSA_PSA_G1, 20.75,N
01/21/2024,01:00,PSA_PSA_G2, 20.75,N
01/21/2024,01:00,PSA_PSA_G3, 20.75,N
01/21/2024,01:00,PSA_PSA_G4, 20.75,N
01/21/2024,01:00,PSA_PSA_G5, 20.75,N
01/21/2024,01:00,PSA_PSA_G6, 20.75,N
01/21/2024,01:00,PSA_PSA_G7, 20.75,N
01/21/2024,01:00,PSA_PUN1, 20.75,N
01/21/2024,01:00,PSA_PUN2, 20.75,N
01/21/2024,01:00,PSA_PUN3, 20.75,N
01/21/2024,01:00,PSA_PUN4, 20.75,N
01/21/2024,01:00,PSA_PUN5, 20.75,N
01/21/2024,01:00,PSG_CC1, 20.76,N
01/21/2024,01:00,PSG_PSG_GT2, 20.76,N
01/21/2024,01:00,PSG_PSG_GT3, 20.76,N
01/21/2024,01:00,PSG_PSG_ST1, 20.76,N
01/21/2024,01:00,PTLBES_BESS1, 21.2,N
01/21/2024,01:00,PYR_PYRON1, 18.39,N
01/21/2024,01:00,QALSW_ALL, 29.19,N
01/21/2024,01:00,QALSW_CC1, 29.19,N
01/21/2024,01:00,QALSW_CC2, 29.19,N
01/21/2024,01:00,QUEEN_BA_RN, 29.08,N
01/21/2024,01:00,QUEEN_SL_RN, 29.08,N
01/21/2024,01:00,RAB_G1-8, 20.81,N
01/21/2024,01:00,RADN_SLR_ALL, 21.24,N
01/21/2024,01:00,RAMBLER_UNIT, 23.29,N
01/21/2024,01:00,RANCHERO_ALL, 24.84,N
01/21/2024,01:00,RAT_RN_1, 22.98,N
01/21/2024,01:00,RAYBURN_CC1, 21.27,N
01/21/2024,01:00,RAYB_G78910, 21.27,N
01/21/2024,01:00,RBN_BESS1, 20.84,N
01/21/2024,01:00,RDCAN_RDCNY1, 22.35,N
01/21/2024,01:00,REDBARN_RN, 28.64,N
01/21/2024,01:00,REDFISH_ALL, 14.47,N
01/21/2024,01:00,REDGATE_ALL, 14.49,N
01/21/2024,01:00,REDGATE_RN, 14.49,N
01/21/2024,01:00,RELOJ_ALL, 21.43,N
01/21/2024,01:00,REROCK_ALL, 29.06,N
01/21/2024,01:00,RHESS2_ESS1, 21.02,N
01/21/2024,01:00,RIGGIN_UNIT1, 29.35,N
01/21/2024,01:00,RIOG_ESR_RN, 14.53,N
01/21/2024,01:00,RIONOG_CC1, 21.32,N
01/21/2024,01:00,RIONOG_CT1, 21.32,N
01/21/2024,01:00,RIONOG_CT2, 21.32,N
01/21/2024,01:00,RIONOG_CT3, 21.32,N
01/21/2024,01:00,RIONOG_ST1, 21.32,N
01/21/2024,01:00,RIPPEY_ALL, 19.96,N
01/21/2024,01:00,RN_APOGEE, 19.55,N
01/21/2024,01:00,RN_BYU_G8, 20.78,N
01/21/2024,01:00,RN_DEC_AGR_A, 19.94,N
01/21/2024,01:00,RN_DEC_AGR_B, 19.94,N
01/21/2024,01:00,RN_DEC_AGR_C, 19.94,N
01/21/2024,01:00,RN_DEC_AGR_D, 19.94,N
01/21/2024,01:00,RN_ECEC_HOLT, 29.92,N
01/21/2024,01:00,RN_OCI_ALAMO, 21.47,N
01/21/2024,01:00,RN_RTS1, 21.65,N
01/21/2024,01:00,RN_SR_WIND1, 14.47,N
01/21/2024,01:00,RN_TOSBATT, 25.98,N
01/21/2024,01:00,ROSELAND_ALL, 20.46,N
01/21/2024,01:00,ROUTE66_RN, 14.17,N
01/21/2024,01:00,ROW_ALL, 20.83,N
01/21/2024,01:00,RPUBRDS_RN, 20.62,N
01/21/2024,01:00,RRANCHES_ALL, 29.28,N
01/21/2024,01:00,RRC_WIND_ALL, 19.85,N
01/21/2024,01:00,RSK_RN, 26.8,N
01/21/2024,01:00,RTLSNAKE_BT, 29.3,N
01/21/2024,01:00,RUSSEKST_RN, 39,N
01/21/2024,01:00,RVRVLYS_ALL, 21.01,N
01/21/2024,01:00,SADLBACK_RN, 29.24,N
01/21/2024,01:00,SALVTION_GEN, 19.22,N
01/21/2024,01:00,SAMSON_ALL, 20.05,N
01/21/2024,01:00,SANDHSYD1_2, 21.11,N
01/21/2024,01:00,SANDHSYD3_4, 21.11,N
01/21/2024,01:00,SANDHSYD6_7, 21.11,N
01/21/2024,01:00,SANDHSYD_5AC, 21.11,N
01/21/2024,01:00,SANDHSYD_CC1, 21.11,N
01/21/2024,01:00,SANTACRU_ALL, 21.33,N
01/21/2024,01:00,SAN_SANMIGG1, 21.42,N
01/21/2024,01:00,SBEAN_BESS, 29.28,N
01/21/2024,01:00,SBE_RN_1, 20.9,N
01/21/2024,01:00,SC2SES_UNIT1, 20.2,N
01/21/2024,01:00,SCES_UNIT1, 20.47,N
01/21/2024,01:00,SCLP_PUN1, 20.97,N
01/21/2024,01:00,SCLP_PUN2, 20.97,N
01/21/2024,01:00,SCLP_PUN3, 20.97,N
01/21/2024,01:00,SCLP_PUN4, 20.97,N
01/21/2024,01:00,SCLP_SCLPC_1, 20.97,N
01/21/2024,01:00,SCLP_SCLPC_2, 20.97,N
01/21/2024,01:00,SCLP_SCLPC_3, 20.97,N
01/21/2024,01:00,SCLP_SCLPC_4, 20.97,N
01/21/2024,01:00,SCSES_UNIT2, 20.2,N
01/21/2024,01:00,SDSES_PUN1, 20.9,N
01/21/2024,01:00,SDSES_PUN3, 20.9,N
01/21/2024,01:00,SENATEWD_1, 19.71,N
01/21/2024,01:00,SGM_SIGNALMT, 36.4,N
01/21/2024,01:00,SGSA_DGR, 29.06,N
01/21/2024,01:00,SG_BES_BESS1, 29.35,N
01/21/2024,01:00,SHAFFER_ALL, 21.34,N
01/21/2024,01:00,SHAMROCK_RN, 24.69,N
01/21/2024,01:00,SHANNONW_RN, 19.58,N
01/21/2024,01:00,SHEEPCRK_1, 19.85,N
01/21/2024,01:00,SILASRAY_CC1, 14.48,N
01/21/2024,01:00,SIL_SILAS_10, 14.48,N
01/21/2024,01:00,SIL_SILAS_6, 14.48,N
01/21/2024,01:00,SIL_SILAS_9, 14.48,N
01/21/2024,01:00,SIRIUS_UNIT1, 29.67,N
01/21/2024,01:00,SJS_SJS_G1, 20.77,N
01/21/2024,01:00,SJS_SJS_G2, 20.77,N
01/21/2024,01:00,SKY1, 21.11,N
01/21/2024,01:00,SLCN_ESS_ALL, 21.06,N
01/21/2024,01:00,SLTFRK_UN1_2, 14.43,N
01/21/2024,01:00,SL_PUN1, 20.76,N
01/21/2024,01:00,SL_PUN2, 20.76,N
01/21/2024,01:00,SNY_BESS_RN, 23.45,N
01/21/2024,01:00,SOLARA_UNIT1, 20.72,N
01/21/2024,01:00,SPARTA_ALL, 21.38,N
01/21/2024,01:00,SPLAIN1_RN, 14.05,N
01/21/2024,01:00,SPLAIN2_RN, 14.05,N
01/21/2024,01:00,SPNC_SPNCE_4, 19.96,N
01/21/2024,01:00,SPNC_SPNCE_5, 19.96,N
01/21/2024,01:00,SPTX12B_RN, 29.45,N
01/21/2024,01:00,SROSA_ESR_RN, 14.47,N
01/21/2024,01:00,SRWE1_UNIT1, 23,N
01/21/2024,01:00,SSPURT_WIND1, 13.92,N
01/21/2024,01:00,STAM_SLR_ALL, 20.05,N
01/21/2024,01:00,STEAM_ENG123, 20.07,N
01/21/2024,01:00,STEA_STEAM_1, 20.07,N
01/21/2024,01:00,STEA_STEAM_2, 20.07,N
01/21/2024,01:00,STEA_STEAM_3, 20.07,N
01/21/2024,01:00,STELLA_RN, 21.35,N
01/21/2024,01:00,STP_STP_G1, 20.95,N
01/21/2024,01:00,STP_STP_G2, 20.95,N
01/21/2024,01:00,STRATEGC_RN, 20.19,N
01/21/2024,01:00,STWF_T1, 23.02,N
01/21/2024,01:00,SUNVASLR_ALL, 20.29,N
01/21/2024,01:00,SWEC_G1, 37.96,N
01/21/2024,01:00,SWEETWN2_2_4, 19.72,N
01/21/2024,01:00,SWEETWN3_3, 19.72,N
01/21/2024,01:00,SWEETWND_1, 19.72,N
01/21/2024,01:00,SWOOSE1_U1, 29.33,N
01/21/2024,01:00,SWOOSEII_RN, 29.33,N
01/21/2024,01:00,SWTWN4_WND45, 19.72,N
01/21/2024,01:00,SWT_BESS_RN, 23.72,N
01/21/2024,01:00,S_HILLS_RN, 19.62,N
01/21/2024,01:00,TAHOKA_ALL, 25.05,N
01/21/2024,01:00,TAV_RN, 20.87,N
01/21/2024,01:00,TAYGETE2_ALL, 29.2,N
01/21/2024,01:00,TAYGETE_ALL, 29.2,N
01/21/2024,01:00,TBWF_ES_BES1, 29.46,N
01/21/2024,01:00,TC_PUN1, 20.78,N
01/21/2024,01:00,TC_PUN2, 20.78,N
01/21/2024,01:00,TC_TCHP1, 20.78,N
01/21/2024,01:00,TEN_CC1, 20.15,N
01/21/2024,01:00,TEN_CT1_STG, 20.15,N
01/21/2024,01:00,TGCCS_ALL, 20.18,N
01/21/2024,01:00,TGCCS_CC1, 20.18,N
01/21/2024,01:00,TGF_TGFGT, 21.35,N
01/21/2024,01:00,TGS_GT01, 21.35,N
01/21/2024,01:00,TGW_T1_T2, 21.35,N
01/21/2024,01:00,THW_1_CCU, 20.75,N
01/21/2024,01:00,THW_2_CCU, 20.75,N
01/21/2024,01:00,THW_CC1, 20.75,N
01/21/2024,01:00,THW_CC2, 20.75,N
01/21/2024,01:00,THW_THWGT5X, 20.74,N
01/21/2024,01:00,THW_THWGT_1, 20.74,N
01/21/2024,01:00,TI_SOLAR_ALL, 29.27,N
01/21/2024,01:00,TKWSW_CHAMP, 18.39,N
01/21/2024,01:00,TKWSW_ROSCOE, 18.39,N
01/21/2024,01:00,TNP_TNP_O_1, 20.6,N
01/21/2024,01:00,TNP_TNP_O_2, 20.6,N
01/21/2024,01:00,TNSKA_CC1, 20.04,N
01/21/2024,01:00,TNSKA_CCU, 20.04,N
01/21/2024,01:00,TOPAZ_ALL, 20.8,N
01/21/2024,01:00,TORR_ALL, 21.45,N
01/21/2024,01:00,TORT_ESS_RN, 20.82,N
01/21/2024,01:00,TOYAH_RN, 29.06,N
01/21/2024,01:00,TREB_SOLAR1, 21.15,N
01/21/2024,01:00,TRENT_TRENT, 23.02,N
01/21/2024,01:00,TRINITY_ALL, 19.57,N
01/21/2024,01:00,TRIPBUT1_RN, 39.16,N
01/21/2024,01:00,TRSES_UNIT6, 20.22,N
01/21/2024,01:00,TRUENO_ALL, 14.47,N
01/21/2024,01:00,TRUSGILL_RN, 19.16,N
01/21/2024,01:00,TTRSW_RN, 20.05,N
01/21/2024,01:00,TTWEC_G1, 18.76,N
01/21/2024,01:00,TURQ_BESS1, 20.07,N
01/21/2024,01:00,TV_RN, 20.84,N
01/21/2024,01:00,TXCTY_CC1, 20.8,N
01/21/2024,01:00,TXCTY_CTA, 20.8,N
01/21/2024,01:00,TXCTY_CTB, 20.8,N
01/21/2024,01:00,TXCTY_CTC, 20.8,N
01/21/2024,01:00,TXCTY_ST, 20.8,N
01/21/2024,01:00,TYLRWIND_RN, 19.92,N
01/21/2024,01:00,T_CK_GT2_RN, 31.22,N
01/21/2024,01:00,T_CK_GT3_RN, 31.22,N
01/21/2024,01:00,UCC_COG_PUN2, 20.8,N
01/21/2024,01:00,UCC_UCC_C_2, 20.8,N
01/21/2024,01:00,VANCOURT_RN, 14.48,N
01/21/2024,01:00,VENADO_ALL, 21.48,N
01/21/2024,01:00,VERAWIND_ALL, 19.16,N
01/21/2024,01:00,VERTIGO_UN1, 19.37,N
01/21/2024,01:00,VICTORIA_CC1, 21.25,N
01/21/2024,01:00,VICTPORT_RN, 21.24,N
01/21/2024,01:00,VIC_VICTORG5, 21.25,N
01/21/2024,01:00,VIC_VICTORG6, 21.25,N
01/21/2024,01:00,VISION_RN, 20.22,N
01/21/2024,01:00,VLSES_UNIT3, 20.02,N
01/21/2024,01:00,VORT_ALL_RN, 19.48,N
01/21/2024,01:00,WAKEWE_ALL, 18.2,N
01/21/2024,01:00,WAP_WAPGT_1, 20.84,N
01/21/2024,01:00,WAP_WAP_G1, 20.84,N
01/21/2024,01:00,WAP_WAP_G2, 20.84,N
01/21/2024,01:00,WAP_WAP_G3, 20.84,N
01/21/2024,01:00,WAP_WAP_G4, 20.84,N
01/21/2024,01:00,WAP_WAP_G5, 20.84,N
01/21/2024,01:00,WAP_WAP_G6, 20.81,N
01/21/2024,01:00,WAP_WAP_G7, 20.81,N
01/21/2024,01:00,WAP_WAP_G8, 20.81,N
01/21/2024,01:00,WAYMARK_RN, 28.64,N
01/21/2024,01:00,WCPP_CC1, 19.81,N
01/21/2024,01:00,WCPP_CT1, 19.81,N
01/21/2024,01:00,WCPP_CT2, 19.81,N
01/21/2024,01:00,WCPP_ST1, 19.81,N
01/21/2024,01:00,WEBBER_WS_T1, 21.08,N
01/21/2024,01:00,WEC_WECG1, 20.44,N
01/21/2024,01:00,WES_ALL, 20.96,N
01/21/2024,01:00,WFCOGEN_13, 19.46,N
01/21/2024,01:00,WFCOGEN_24, 19.46,N
01/21/2024,01:00,WFCOGEN_CC1, 19.46,N
01/21/2024,01:00,WFTANK_ESS1, 21.46,N
01/21/2024,01:00,WGU_RN, 20.93,N
01/21/2024,01:00,WHCCS2_4, 20.1,N
01/21/2024,01:00,WHCCS2_5_6, 20.1,N
01/21/2024,01:00,WHCCS2_CC2, 20.1,N
01/21/2024,01:00,WHCCS_CC1, 20.1,N
01/21/2024,01:00,WHCCS_CT1_ST, 20.1,N
01/21/2024,01:00,WHCCS_CT2, 20.1,N
01/21/2024,01:00,WHITE_PT_UN1, 21.3,N
01/21/2024,01:00,WHMESA_U1, 24.56,N
01/21/2024,01:00,WHTTAIL_WR1, 19.91,N
01/21/2024,01:00,WH_WIND_ALL, 19.47,N
01/21/2024,01:00,WILDWIND_ALL, 19.87,N
01/21/2024,01:00,WIPOPA_1_2, 21.08,N
01/21/2024,01:00,WIPOPA_3_4, 21.08,N
01/21/2024,01:00,WIR_WIRTZ_G1, 21.42,N
01/21/2024,01:00,WIR_WIRTZ_G2, 21.42,N
01/21/2024,01:00,WLTC_ESR_RN, 21.32,N
01/21/2024,01:00,WL_RANCH_RN, 23.53,N
01/21/2024,01:00,WNDTS2_UNIT1, 19.71,N
01/21/2024,01:00,WND_WHITNEY, 20.38,N
01/21/2024,01:00,WOODWRD1_RN, 29.5,N
01/21/2024,01:00,WOODWRD2_RN, 29.5,N
01/21/2024,01:00,WOV_BESS_RN, 29.58,N
01/21/2024,01:00,WRSBES_BESS1, 29.28,N
01/21/2024,01:00,W_HRL_ESR_RN, 14.47,N
01/21/2024,01:00,W_PECO_UNIT1, 29.28,N
01/21/2024,01:00,X443ESRN, 21.52,N
01/21/2024,01:00,YNG_WND_ALL, 19.57,N
01/21/2024,01:00,ZIER_SLR_ALL, 28.55,N
01/21/2024,02:00,7RNCHSLR_ALL, 20.65,N
01/21/2024,02:00,AEEC, 14.64,N
01/21/2024,02:00,AGUAYO_UNIT1, 20.64,N
01/21/2024,02:00,AJAXWIND_RN, 18.57,N
01/21/2024,02:00,ALGOD_ALL_RN, 20.93,N
01/21/2024,02:00,ALVIN_RN, 20.29,N
01/21/2024,02:00,AMADEUS_ALL, 18.61,N
01/21/2024,02:00,AMISTAD_ALL, 28.99,N
01/21/2024,02:00,AMOCOOIL_CC1, 20.28,N
01/21/2024,02:00,AMOCOOIL_CC2, 20.28,N
01/21/2024,02:00,AMOCO_PUN1, 20.28,N
01/21/2024,02:00,AMOCO_PUN2, 20.28,N
01/21/2024,02:00,AMO_AMOCO_1, 20.28,N
01/21/2024,02:00,AMO_AMOCO_2, 20.28,N
01/21/2024,02:00,AMO_AMOCO_5, 20.28,N
01/21/2024,02:00,AMO_AMOCO_G1, 20.28,N
01/21/2024,02:00,AMO_AMOCO_G2, 20.28,N
01/21/2024,02:00,AMO_AMOCO_G3, 20.28,N
01/21/2024,02:00,AMO_AMOCO_S1, 20.28,N
01/21/2024,02:00,AMO_AMOCO_S2, 20.28,N
01/21/2024,02:00,ANACACHO_ANA, 28.77,N
01/21/2024,02:00,ANCHOR_ALL, 19.09,N
01/21/2024,02:00,ANDMDSLR_ALL, 18.6,N
01/21/2024,02:00,ANEM_ESS_RN, 20.99,N
01/21/2024,02:00,ANG_ALL, 23.46,N
01/21/2024,02:00,ANSON1_ALL, 18.63,N
01/21/2024,02:00,APPALOSA_ALL, 34.71,N
01/21/2024,02:00,AQUI_ALL, 19.64,N
01/21/2024,02:00,ARAGORN_RN, 29.56,N
01/21/2024,02:00,ASTRA_RN, 14.11,N
01/21/2024,02:00,ATK_ATKINSG7, 20.03,N
01/21/2024,02:00,AURO_SLR_RN, 20.09,N
01/21/2024,02:00,AUSTPL_ALL, 20.65,N
01/21/2024,02:00,AVIAT_ALL, 25.72,N
01/21/2024,02:00,AZURE_RN, 18.62,N
01/21/2024,02:00,AZ_ALL, 20.23,N
01/21/2024,02:00,BAC_RN_ALL, 20.27,N
01/21/2024,02:00,BAFFIN_ALL, 20.94,N
01/21/2024,02:00,BAIRDWND_ALL, 18.88,N
01/21/2024,02:00,BARROW_ALL, 30.37,N
01/21/2024,02:00,BASTEN_CC1, 20.65,N
01/21/2024,02:00,BASTEN_CCU, 20.65,N
01/21/2024,02:00,BATCAVE_RN, 23.09,N
01/21/2024,02:00,BAYC_BESS_RN, 21.46,N
01/21/2024,02:00,BBREEZE_1_2, 20.97,N
01/21/2024,02:00,BCATWD_WD_1, 18.88,N
01/21/2024,02:00,BCH_RN, 20.38,N
01/21/2024,02:00,BCK_RN, 20.34,N
01/21/2024,02:00,BELM_SLR_RN, 20.13,N
01/21/2024,02:00,BIGSTAR_ALL, 20.66,N
01/21/2024,02:00,BLACKJAK_RN, 20.91,N
01/21/2024,02:00,BLSMT1_5_A_6, 18.22,N
01/21/2024,02:00,BLUEJAY_RN, 20.02,N
01/21/2024,02:00,BOARDCRK_ALL, 19.63,N
01/21/2024,02:00,BOOTLEG_UN1, 28.89,N
01/21/2024,02:00,BORDAS_345, 21.04,N
01/21/2024,02:00,BOSQUESW_CC1, 19.81,N
01/21/2024,02:00,BOSQUESW_CC2, 19.84,N
01/21/2024,02:00,BOSQ_BSQSU_5, 19.84,N
01/21/2024,02:00,BOSQ_BSQS_12, 19.84,N
01/21/2024,02:00,BOSQ_BSQS_34, 19.81,N
01/21/2024,02:00,BRANDON_RN, 19.49,N
01/21/2024,02:00,BRAUNIG_CC1, 21.08,N
01/21/2024,02:00,BRAUNIG_VHB1, 21.04,N
01/21/2024,02:00,BRAUNIG_VHB2, 21.04,N
01/21/2024,02:00,BRAUNIG_VHB3, 21.09,N
01/21/2024,02:00,BRAZ_WND_ALL, 22.27,N
01/21/2024,02:00,BRA_AVR1_CT2, 21.08,N
01/21/2024,02:00,BRA_AVR_CST1, 21.08,N
01/21/2024,02:00,BRHEIGHT_RN, 20.28,N
01/21/2024,02:00,BRIGHTSD_RN, 21.04,N
01/21/2024,02:00,BRIGHTSD_U1, 21.02,N
01/21/2024,02:00,BRISCOE_WIND, 14.47,N
01/21/2024,02:00,BRPANGLE_RN, 20.45,N
01/21/2024,02:00,BRPMAGNO_RN, 20.28,N
01/21/2024,02:00,BRP_BRAZ_RN, 20.45,N
01/21/2024,02:00,BRP_DIKN_RN, 20.28,N
01/21/2024,02:00,BRP_LOOP_RN, 20.83,N
01/21/2024,02:00,BRP_LOP1_RN, 21.08,N
01/21/2024,02:00,BRP_PBL1_RN, 40.91,N
01/21/2024,02:00,BRP_PBL2_RN, 40.91,N
01/21/2024,02:00,BRP_RN_UNIT1, 21.24,N
01/21/2024,02:00,BRP_SEMI_RN, 20.28,N
01/21/2024,02:00,BRP_SWNY_RN, 20.46,N
01/21/2024,02:00,BRP_ZPT1_RN, 21.13,N
01/21/2024,02:00,BRP_ZPT2_RN, 21.13,N
01/21/2024,02:00,BRTSW_BCW1, 19.25,N
01/21/2024,02:00,BR_ARROW_ALL, 19.39,N
01/21/2024,02:00,BR_VHB6CT5_6, 21.04,N
01/21/2024,02:00,BR_VHB6CT7_8, 21.04,N
01/21/2024,02:00,BSS_U1, 20.46,N
01/21/2024,02:00,BTE_BTE_G1, 20.22,N
01/21/2024,02:00,BTE_BTE_G2, 20.22,N
01/21/2024,02:00,BTE_BTE_G3, 20.22,N
01/21/2024,02:00,BTE_BTE_G4, 20.22,N
01/21/2024,02:00,BTE_CC1, 20.22,N
01/21/2024,02:00,BTE_PUN1, 20.22,N
01/21/2024,02:00,BTE_PUN2, 20.22,N
01/21/2024,02:00,BTM_ALL, 20.36,N
01/21/2024,02:00,BUCHAN_ALL, 20.19,N
01/21/2024,02:00,BUCKTHRN_RN, 19.54,N
01/21/2024,02:00,BUFF_GAP_ALL, 19.75,N
01/21/2024,02:00,BULLCRK_1_2, 21.61,N
01/21/2024,02:00,BVE_CC1, 20.29,N
01/21/2024,02:00,BVE_UNIT1, 20.29,N
01/21/2024,02:00,BVE_UNIT2, 20.29,N
01/21/2024,02:00,BVE_UNIT3, 20.29,N
01/21/2024,02:00,BYRDR_ES_ALL, 20.46,N
01/21/2024,02:00,BYU_BYU_1, 20.26,N
01/21/2024,02:00,BYU_BYU_12, 20.26,N
01/21/2024,02:00,BYU_BYU_34, 20.26,N
01/21/2024,02:00,BYU_BYU_G8, 20.26,N
01/21/2024,02:00,BYU_CC1, 20.26,N
01/21/2024,02:00,BYU_G4_RN, 20.26,N
01/21/2024,02:00,BYU_PUN1, 20.26,N
01/21/2024,02:00,BYU_PUN2, 20.26,N
01/21/2024,02:00,BYU_PUN3, 20.26,N
01/21/2024,02:00,BYU_PUN4, 20.26,N
01/21/2024,02:00,B_DAVIS_3, 20.91,N
01/21/2024,02:00,B_DAVIS_4, 20.91,N
01/21/2024,02:00,B_DAVIS_CC1, 20.91,N
01/21/2024,02:00,B_D_B_DAVIG1, 20.91,N
01/21/2024,02:00,B_D_B_DAVIG2, 20.91,N
01/21/2024,02:00,CABEZON_ALL, 21.01,N
01/21/2024,02:00,CALAVER_JKS1, 21.05,N
01/21/2024,02:00,CALAVER_JKS2, 21.05,N
01/21/2024,02:00,CALAVER_JTD1, 21.08,N
01/21/2024,02:00,CALAVER_JTD2, 21.08,N
01/21/2024,02:00,CALAVER_OWS1, 21.05,N
01/21/2024,02:00,CALAVER_OWS2, 21.05,N
01/21/2024,02:00,CALHOUN_ALL, 20.7,N
01/21/2024,02:00,CALLAHA_WND1, 19.71,N
01/21/2024,02:00,CAL_CALGT1, 20.23,N
01/21/2024,02:00,CAL_CALSTG1, 20.23,N
01/21/2024,02:00,CAL_CC1, 20.23,N
01/21/2024,02:00,CAL_PUN1, 20.23,N
01/21/2024,02:00,CAL_PUN2, 20.23,N
01/21/2024,02:00,CAMWIND_RN, 14.32,N
01/21/2024,02:00,CANYONWD_ALL, 18.35,N
01/21/2024,02:00,CAPRIDG4_CR4, 25.72,N
01/21/2024,02:00,CAPRIDGE_ALL, 25.72,N
01/21/2024,02:00,CARBN_BSP_1, 26.94,N
01/21/2024,02:00,CASL_GAP_UN1, 29.77,N
01/21/2024,02:00,CATARINA_B1, 31.61,N
01/21/2024,02:00,CBECII_89, 20.38,N
01/21/2024,02:00,CBECII_CC3, 20.38,N
01/21/2024,02:00,CBECII_CT7, 20.38,N
01/21/2024,02:00,CBEC_ALL, 20.4,N
01/21/2024,02:00,CBEC_CC1, 20.4,N
01/21/2024,02:00,CBEC_CC2, 20.4,N
01/21/2024,02:00,CBY4_ALL, 20.22,N
01/21/2024,02:00,CBY4_CC1, 20.22,N
01/21/2024,02:00,CBY_CBY_G1, 20.22,N
01/21/2024,02:00,CBY_CBY_G2, 20.23,N
01/21/2024,02:00,CCEC_CC1, 20.91,N
01/21/2024,02:00,CCEC_GT1, 20.91,N
01/21/2024,02:00,CCEC_GT2, 20.91,N
01/21/2024,02:00,CCEC_PUN1, 20.91,N
01/21/2024,02:00,CCEC_PUN2, 20.91,N
01/21/2024,02:00,CCEC_ST1, 20.91,N
01/21/2024,02:00,CEDROHI_CHW1, 21.08,N
01/21/2024,02:00,CEDRVALE_RN, 29.53,N
01/21/2024,02:00,CFLATS_UNIT, 23.08,N
01/21/2024,02:00,CHALUP_ALL, 14.32,N
01/21/2024,02:00,CHAL_SLR_RN, 29.57,N
01/21/2024,02:00,CHAMON_UN1, 20.22,N
01/21/2024,02:00,CHAMON_UN2, 20.22,N
01/21/2024,02:00,CHEDPW_GT2, 20.2,N
01/21/2024,02:00,CHE_CC1, 20.21,N
01/21/2024,02:00,CHE_LYD, 20.21,N
01/21/2024,02:00,CHE_LYD2, 20.21,N
01/21/2024,02:00,CHE_PUN1, 20.21,N
01/21/2024,02:00,CHE_PUN2, 20.21,N
01/21/2024,02:00,CHISMGRD_RN, 19.26,N
01/21/2024,02:00,CISC_RN, 19.75,N
01/21/2024,02:00,CITYVICT_ALL, 20.82,N
01/21/2024,02:00,CN_BRKS_UNT1, 14.23,N
01/21/2024,02:00,COL_COLETOG1, 20.89,N
01/21/2024,02:00,CONIGLIO_RN, 19.37,N
01/21/2024,02:00,CONTINEN_RN, 14.38,N
01/21/2024,02:00,CORALSLR_ALL, 19.9,N
01/21/2024,02:00,CORAZON_RN, 21.06,N
01/21/2024,02:00,COTPLNS_RN, 14.42,N
01/21/2024,02:00,COTTON_PAP2, 20.89,N
01/21/2024,02:00,COYOTSPR_RN, 29.54,N
01/21/2024,02:00,CPSES_UNIT1, 19.45,N
01/21/2024,02:00,CPSES_UNIT2, 19.45,N
01/21/2024,02:00,CRANELL_ALL, 20.91,N
01/21/2024,02:00,CROSSETT_ALL, 29.79,N
01/21/2024,02:00,CRWN_SLR_UN1, 20.01,N
01/21/2024,02:00,CSC_CSECG1_2, 21.77,N
01/21/2024,02:00,CVC_CC1, 20.2,N
01/21/2024,02:00,CVC_CVCG1_5, 20.2,N
01/21/2024,02:00,CVC_CVC_G2, 20.2,N
01/21/2024,02:00,CVC_CVC_G3, 20.2,N
01/21/2024,02:00,DAG_ALL, 20.55,N
01/21/2024,02:00,DANSBY_ALL, 20.03,N
01/21/2024,02:00,DAN_ALL, 20.43,N
01/21/2024,02:00,DA_BESS, 20.42,N
01/21/2024,02:00,DC2SES_ALL, 19.46,N
01/21/2024,02:00,DC_E, 19.38,N
01/21/2024,02:00,DC_L, 21.1,N
01/21/2024,02:00,DC_N, 18.45,N
01/21/2024,02:00,DC_R, 14.34,N
01/21/2024,02:00,DDPEC_CC1, 20.24,N
01/21/2024,02:00,DDPEC_GT1, 20.24,N
01/21/2024,02:00,DDPEC_GT2, 20.24,N
01/21/2024,02:00,DDPEC_GT3, 20.24,N
01/21/2024,02:00,DDPEC_GT4, 20.24,N
01/21/2024,02:00,DDPEC_GT6, 20.24,N
01/21/2024,02:00,DDPEC_ST1, 20.24,N
01/21/2024,02:00,DECKER_DPG2, 20.64,N
01/21/2024,02:00,DECKER_GT, 20.64,N
01/21/2024,02:00,DENISON_G1_2, 19.35,N
01/21/2024,02:00,DERMOTT_ALL, 18.59,N
01/21/2024,02:00,DIBOL_RN, 19.58,N
01/21/2024,02:00,DIB_CC1, 20.24,N
01/21/2024,02:00,DIB_DIB_G1, 20.24,N
01/21/2024,02:00,DIB_DIB_G2, 20.24,N
01/21/2024,02:00,DIB_DIB_G3, 20.24,N
01/21/2024,02:00,DIB_DIB_G4, 20.24,N
01/21/2024,02:00,DIB_PUN1, 20.24,N
01/21/2024,02:00,DIB_PUN2, 20.24,N
01/21/2024,02:00,DILEOS_UNIT1, 19.82,N
01/21/2024,02:00,DKNS_ESS_RN, 17.55,N
01/21/2024,02:00,DOWGEN_PUN1, 20.37,N
01/21/2024,02:00,DOWGEN_PUN2, 20.37,N
01/21/2024,02:00,DOWGEN_PUN3, 20.37,N
01/21/2024,02:00,DOW_61_2_63, 20.37,N
01/21/2024,02:00,DOW_64, 20.37,N
01/21/2024,02:00,DOW_81_2_84, 20.37,N
01/21/2024,02:00,DOW_G37_G35, 20.37,N
01/21/2024,02:00,DOW_G66_ST65, 20.37,N
01/21/2024,02:00,DOW_G67, 20.37,N
01/21/2024,02:00,DOW_G96_ST95, 20.37,N
01/21/2024,02:00,DUKE_CC1, 14.34,N
01/21/2024,02:00,DUKE_GST1CCU, 14.34,N
01/21/2024,02:00,DUKE_GT2_CCU, 14.34,N
01/21/2024,02:00,DUP_PUN1, 20.8,N
01/21/2024,02:00,DUP_PUN2, 20.8,N
01/21/2024,02:00,DUP_PUN3, 20.8,N
01/21/2024,02:00,DUP_PUN4, 20.8,N
01/21/2024,02:00,EBELLS_UNIT1, 20.09,N
01/21/2024,02:00,EBNY_ESS_RN, 21.04,N
01/21/2024,02:00,ECLIPSE_UN1, 28.69,N
01/21/2024,02:00,EIFSLR_UNIT1, 19.37,N
01/21/2024,02:00,ELB_ELBCREEK, 28.95,N
01/21/2024,02:00,ELECTRAW_1_2, 18.44,N
01/21/2024,02:00,ELSAUZ_ALL, 20.97,N
01/21/2024,02:00,ELSA_ESR_RN, 14.34,N
01/21/2024,02:00,ELS_RN_1, 19.48,N
01/21/2024,02:00,EL_RAYO_ALL, 14.32,N
01/21/2024,02:00,ENDPARK_ESS1, 19.43,N
01/21/2024,02:00,ERSL_RN, 22.12,N
01/21/2024,02:00,ESTONIAN_ALL, 19.38,N
01/21/2024,02:00,ETCCS_CC1, 19.52,N
01/21/2024,02:00,ETCCS_CCU, 19.52,N
01/21/2024,02:00,EUNICE_ALL, 30.35,N
01/21/2024,02:00,EXGNSND_RN, 21.13,N
01/21/2024,02:00,EXGNWTL_1, 21.08,N
01/21/2024,02:00,EXN_14, 20.23,N
01/21/2024,02:00,EXN_1_3, 20.23,N
01/21/2024,02:00,EXN_4, 20.23,N
01/21/2024,02:00,EXN_8, 20.23,N
01/21/2024,02:00,EXN_9_13, 20.23,N
01/21/2024,02:00,EXN_PUN1, 20.23,N
01/21/2024,02:00,EXN_PUN2, 20.23,N
01/21/2024,02:00,EXN_PUN3, 20.23,N
01/21/2024,02:00,E_BLACK_RN, 20.56,N
01/21/2024,02:00,FALFUR_RN, 21,N
01/21/2024,02:00,FAL_FALCONG1, 21.06,N
01/21/2024,02:00,FAL_FALCONG2, 21.06,N
01/21/2024,02:00,FAL_FALCONG3, 21.06,N
01/21/2024,02:00,FAULKNER_RN, 29.54,N
01/21/2024,02:00,FEGC_RN, 20.28,N
01/21/2024,02:00,FENCESLR_ALL, 19.59,N
01/21/2024,02:00,FERGCC_CC1, 21.05,N
01/21/2024,02:00,FERGCC_GT1_1, 21.05,N
01/21/2024,02:00,FERGCC_GT2_3, 21.05,N
01/21/2024,02:00,FERGCC_ST1_5, 21.05,N
01/21/2024,02:00,FERMI_ALL, 29.25,N
01/21/2024,02:00,FILESSLR_PV1, 19.56,N
01/21/2024,02:00,FIVEWSLR_ALL, 20.21,N
01/21/2024,02:00,FLCNS_CC1, 30.49,N
01/21/2024,02:00,FLCNS_UNIT1, 30.49,N
01/21/2024,02:00,FLCNS_UNIT2, 30.49,N
01/21/2024,02:00,FLCNS_UNIT3, 30.49,N
01/21/2024,02:00,FLOWERII_RN, 29.51,N
01/21/2024,02:00,FLTBES1, 29.51,N
01/21/2024,02:00,FLTCK_SSI, 19.63,N
01/21/2024,02:00,FLUVANNA_1_2, 19.43,N
01/21/2024,02:00,FLVABES1_ESR, 29.51,N
01/21/2024,02:00,FOARDCTY_ALL, 18.19,N
01/21/2024,02:00,FORMOSA_CC1, 20.69,N
01/21/2024,02:00,FORMOSA_CC2, 20.69,N
01/21/2024,02:00,FORMOSA_PUN1, 20.69,N
01/21/2024,02:00,FORMOSA_PUN2, 20.69,N
01/21/2024,02:00,FOXTROT_ALL, 20.97,N
01/21/2024,02:00,FO_FORMOSA11, 20.69,N
01/21/2024,02:00,FO_FORMOSA12, 20.69,N
01/21/2024,02:00,FO_FORMOSG1, 20.69,N
01/21/2024,02:00,FO_FORMOSG10, 20.69,N
01/21/2024,02:00,FO_FORMOSG13, 20.69,N
01/21/2024,02:00,FO_FORMOSG14, 20.69,N
01/21/2024,02:00,FO_FORMOSG15, 20.69,N
01/21/2024,02:00,FO_FORMOSG2, 20.69,N
01/21/2024,02:00,FO_FORMOSG3, 20.69,N
01/21/2024,02:00,FO_FORMOSG4, 20.69,N
01/21/2024,02:00,FO_FORMOSG5, 20.69,N
01/21/2024,02:00,FO_FORMOSG6, 20.69,N
01/21/2024,02:00,FO_FORMOSG7, 20.69,N
01/21/2024,02:00,FO_FORMOSG8, 20.69,N
01/21/2024,02:00,FO_FORMOSG9, 20.69,N
01/21/2024,02:00,FPPYD_FPP_G1, 20.61,N
01/21/2024,02:00,FPPYD_FPP_G2, 20.61,N
01/21/2024,02:00,FPPYD_FPP_G3, 20.61,N
01/21/2024,02:00,FREC_1_CCU, 19.64,N
01/21/2024,02:00,FREC_2_CCU, 19.65,N
01/21/2024,02:00,FREC_CC1, 19.64,N
01/21/2024,02:00,FREC_CC2, 19.65,N
01/21/2024,02:00,FRMRSVLW_RN, 19.39,N
01/21/2024,02:00,FRNYPP_1_CCU, 19.45,N
01/21/2024,02:00,FRNYPP_2_CCU, 19.45,N
01/21/2024,02:00,FRNYPP_CC1, 19.45,N
01/21/2024,02:00,FRNYPP_CC2, 19.45,N
01/21/2024,02:00,FRONT_EC_CC1, 14.35,N
01/21/2024,02:00,FRONT_EC_RN1, 14.35,N
01/21/2024,02:00,FRONT_EC_RN2, 14.35,N
01/21/2024,02:00,FRONT_EC_RN3, 14.35,N
01/21/2024,02:00,FRYE_SLR_ALL, 14.32,N
01/21/2024,02:00,FTR_CC1, 20.06,N
01/21/2024,02:00,FTR_FTR_G1_4, 20.06,N
01/21/2024,02:00,FTWIND_UNIT1, 20.24,N
01/21/2024,02:00,FWLR_SLR_1, 29.77,N
01/21/2024,02:00,GALO_RN1, 21.85,N
01/21/2024,02:00,GAMBIT_RN, 20.45,N
01/21/2024,02:00,GARC_BESS_RN, 14.39,N
01/21/2024,02:00,GBY_GT, 20.22,N
01/21/2024,02:00,GID_GIDEONG1, 20.62,N
01/21/2024,02:00,GID_GIDEONG2, 20.62,N
01/21/2024,02:00,GID_GIDEONG3, 20.62,N
01/21/2024,02:00,GIGA_ESS_RN, 20.66,N
01/21/2024,02:00,GOA_GOATWIND, 26.53,N
01/21/2024,02:00,GOLINDA_UN1, 20.01,N
01/21/2024,02:00,GOMZ_RN, 29.51,N
01/21/2024,02:00,GOODNIT1_ALL, 14.52,N
01/21/2024,02:00,GPASTURE_ALL, 18.63,N
01/21/2024,02:00,GRANDVW1_A_B, 14.54,N
01/21/2024,02:00,GRDNE_ESR_RN, 27.35,N
01/21/2024,02:00,GREASWOD_ALL, 29,N
01/21/2024,02:00,GRIF_TRL_RN, 18.35,N
01/21/2024,02:00,GRSES_UNIT1, 19.08,N
01/21/2024,02:00,GRSES_UNIT2, 18.88,N
01/21/2024,02:00,GUADG_CC1, 20.94,N
01/21/2024,02:00,GUADG_CC2, 20.94,N
01/21/2024,02:00,GUADG_CCU1, 20.94,N
01/21/2024,02:00,GUADG_CCU2, 20.94,N
01/21/2024,02:00,GUNMTN_NODE, 24.19,N
01/21/2024,02:00,GWEC_G1, 20.28,N
01/21/2024,02:00,HALO_RN1, 20.17,N
01/21/2024,02:00,HAMI_BESS_RN, 28.98,N
01/21/2024,02:00,HAYSEN1_2, 20.92,N
01/21/2024,02:00,HAYSEN3_4, 20.92,N
01/21/2024,02:00,HB_BUSAVG, 20.21,N
01/21/2024,02:00,HB_HOUSTON, 20.23,N
01/21/2024,02:00,HB_HUBAVG, 20.79,N
01/21/2024,02:00,HB_NORTH, 19.52,N
01/21/2024,02:00,HB_PAN, 14.82,N
01/21/2024,02:00,HB_SOUTH, 20.22,N
01/21/2024,02:00,HB_WEST, 23.2,N
01/21/2024,02:00,HELIOS_RN, 30.86,N
01/21/2024,02:00,HHGT_KENDAL, 21.87,N
01/21/2024,02:00,HHOLLW2_WND1, 19.75,N
01/21/2024,02:00,HHOLLW3_WND1, 19.75,N
01/21/2024,02:00,HHOLLW4_WND1, 19.75,N
01/21/2024,02:00,HICK_G1_G2, 24.71,N
01/21/2024,02:00,HI_LONEB_RN1, 25.61,N
01/21/2024,02:00,HI_LONE_ALL, 25.61,N
01/21/2024,02:00,HLSES_UNIT3, 19.4,N
01/21/2024,02:00,HLSES_UNIT4, 19.4,N
01/21/2024,02:00,HLSES_UNIT5, 19.4,N
01/21/2024,02:00,HMNG_ESS_RN, 19.16,N
01/21/2024,02:00,HOLCOMB_RN1, 21.61,N
01/21/2024,02:00,HOLSTEIN_ALL, 19.42,N
01/21/2024,02:00,HOL_ALL, 20.4,N
01/21/2024,02:00,HOPKNSLR_ALL, 19.39,N
01/21/2024,02:00,HORSCR_RN, 29.83,N
01/21/2024,02:00,HORSECRK_RN, 18.47,N
01/21/2024,02:00,HOUSEMTN_RN, 38,N
01/21/2024,02:00,HOVEY_GEN, 29.34,N
01/21/2024,02:00,HRBESS_BESS, 30.33,N
01/21/2024,02:00,HRFDWIND_ALL, 14.11,N
01/21/2024,02:00,HRZN_SLR_UN1, 20.91,N
01/21/2024,02:00,HWF_HWFG1, 18.89,N
01/21/2024,02:00,HYDR_ESS_RN, 28.66,N
01/21/2024,02:00,H_HOLLO_WND1, 19.75,N
01/21/2024,02:00,IMP_RN1, 19.37,N
01/21/2024,02:00,INDNENR_1_RN, 30.23,N
01/21/2024,02:00,INDNENR_2_RN, 30.03,N
01/21/2024,02:00,INDNNWP_RN, 30.11,N
01/21/2024,02:00,IND_INADALE1, 16.88,N
01/21/2024,02:00,INGLCOSW_CC1, 20.88,N
01/21/2024,02:00,INGLCOSW_STG, 20.88,N
01/21/2024,02:00,INGLCOS_CTG1, 20.88,N
01/21/2024,02:00,INGLCOS_CTG2, 20.88,N
01/21/2024,02:00,INGLCO_PUN1, 20.88,N
01/21/2024,02:00,INGLCO_PUN2, 20.88,N
01/21/2024,02:00,INGLCO_PUN3, 20.88,N
01/21/2024,02:00,INKS_INKS_G1, 28.47,N
01/21/2024,02:00,INRT_W_ALL, 18.54,N
01/21/2024,02:00,JACKCNTY_CC1, 19.26,N
01/21/2024,02:00,JACKCNTY_CT1, 19.26,N
01/21/2024,02:00,JACKCNTY_CT2, 19.26,N
01/21/2024,02:00,JACKCNTY_STG, 19.26,N
01/21/2024,02:00,JADE_SLR_ALL, 18.54,N
01/21/2024,02:00,JAY_RN_1, 20.32,N
01/21/2024,02:00,JCKCNTY2_CC1, 19.08,N
01/21/2024,02:00,JCKCNTY2_CT3, 19.08,N
01/21/2024,02:00,JCKCNTY2_CT4, 19.08,N
01/21/2024,02:00,JCKCNTY2_ST2, 19.08,N
01/21/2024,02:00,JC_BAT_RN, 21.11,N
01/21/2024,02:00,JDKNS_RN, 29.65,N
01/21/2024,02:00,JUNCTION_RN, 23.07,N
01/21/2024,02:00,JUNO_ALL, 22.86,N
01/21/2024,02:00,KARAKAW1_1, 20.94,N
01/21/2024,02:00,KARAKAW2_1, 20.94,N
01/21/2024,02:00,KEECHI_U1, 19.26,N
01/21/2024,02:00,KELAMSL_U1, 19.57,N
01/21/2024,02:00,KEO_KEO_SM1, 29.82,N
01/21/2024,02:00,KINGE_ALL, 29.83,N
01/21/2024,02:00,KINGW_ALL, 29.78,N
01/21/2024,02:00,KMCHI_CC1, 19.36,N
01/21/2024,02:00,KMCHI_CC2, 19.36,N
01/21/2024,02:00,LACY_CRK_ALL, 27.29,N
01/21/2024,02:00,LAMESASLR_G, 21.72,N
01/21/2024,02:00,LAPETUS_U1, 30.54,N
01/21/2024,02:00,LARDVFTN_G4, 21.1,N
01/21/2024,02:00,LARDVFTN_G5, 21.1,N
01/21/2024,02:00,LASSO_GEN, 38,N
01/21/2024,02:00,LBRA_BES1, 20.94,N
01/21/2024,02:00,LEG_LEG_G1, 19.86,N
01/21/2024,02:00,LEG_LEG_G2, 19.86,N
01/21/2024,02:00,LEONLCPCT1_2, 21.06,N
01/21/2024,02:00,LEONLCPCT3_4, 21.06,N
01/21/2024,02:00,LFSTH_RN, 19.57,N
01/21/2024,02:00,LGDRAW_S_ALL, 22.86,N
01/21/2024,02:00,LGD_LANGFORD, 25.11,N
01/21/2024,02:00,LGE_CC1, 20.88,N
01/21/2024,02:00,LGE_LGE_GT1, 20.88,N
01/21/2024,02:00,LGE_LGE_GT2, 20.88,N
01/21/2024,02:00,LGE_LGE_STG, 20.88,N
01/21/2024,02:00,LGE_PUN1, 20.88,N
01/21/2024,02:00,LGE_PUN2, 20.88,N
01/21/2024,02:00,LGW_UNIT_ALL, 20.09,N
01/21/2024,02:00,LHM_CVC_G4, 20.22,N
01/21/2024,02:00,LHM_PUN1, 20.22,N
01/21/2024,02:00,LHM_PUN2, 20.22,N
01/21/2024,02:00,LHORN_N_U1_2, 14.47,N
01/21/2024,02:00,LHSES_UNIT1, 19.43,N
01/21/2024,02:00,LHSES_UNIT2, 19.43,N
01/21/2024,02:00,LIG_RN, 20.22,N
01/21/2024,02:00,LILY_RN, 19.48,N
01/21/2024,02:00,LMAJADAS_ALL, 14.32,N
01/21/2024,02:00,LMO_ESR_RN, 20.04,N
01/21/2024,02:00,LNCRK_ALL, 18.89,N
01/21/2024,02:00,LONESTAR_RN, 29.63,N
01/21/2024,02:00,LONEWOLF_ALL, 19.31,N
01/21/2024,02:00,LON_RN1, 20.36,N
01/21/2024,02:00,LOSTPI_CC1, 20.61,N
01/21/2024,02:00,LOS_LOSTPGT1, 20.61,N
01/21/2024,02:00,LOS_LOSTPGT2, 20.61,N
01/21/2024,02:00,LOS_LOSTPST1, 20.61,N
01/21/2024,02:00,LPCCS_CC1, 19.37,N
01/21/2024,02:00,LPCCS_CC2, 19.37,N
01/21/2024,02:00,LPCCS_CT11, 19.37,N
01/21/2024,02:00,LPCCS_CT12, 19.37,N
01/21/2024,02:00,LPCCS_CT21, 19.37,N
01/21/2024,02:00,LPCCS_CT22, 19.37,N
01/21/2024,02:00,LPCCS_UNIT1, 19.37,N
01/21/2024,02:00,LPCCS_UNIT2, 19.37,N
01/21/2024,02:00,LV1A_LV1B, 14.32,N
01/21/2024,02:00,LV3_RN, 21,N
01/21/2024,02:00,LV3_UNIT1, 21,N
01/21/2024,02:00,LV4_UNIT_1, 21,N
01/21/2024,02:00,LV5_UNIT1, 14.37,N
01/21/2024,02:00,LZ_AEN, 20.64,N
01/21/2024,02:00,LZ_CPS, 21.08,N
01/21/2024,02:00,LZ_HOUSTON, 20.26,N
01/21/2024,02:00,LZ_LCRA, 20.92,N
01/21/2024,02:00,LZ_NORTH, 19.5,N
01/21/2024,02:00,LZ_RAYBN, 19.43,N
01/21/2024,02:00,LZ_SOUTH, 20.15,N
01/21/2024,02:00,LZ_WEST, 27.87,N
01/21/2024,02:00,L_FRE_ESR_RN, 14.32,N
01/21/2024,02:00,MADERO_RN, 14.34,N
01/21/2024,02:00,MAINLAND_RN, 20.28,N
01/21/2024,02:00,MARBFA, 21.05,N
01/21/2024,02:00,MARIAH_ALL, 14.11,N
01/21/2024,02:00,MAR_MARSFOG1, 20.64,N
01/21/2024,02:00,MAR_MARSFOG2, 20.64,N
01/21/2024,02:00,MAR_MARSFOG3, 20.64,N
01/21/2024,02:00,MASSENGL_CC1, 11.12,N
01/21/2024,02:00,MASSENGL_G6, 16.59,N
01/21/2024,02:00,MASSENGL_G7, 16.59,N
01/21/2024,02:00,MASSENGL_G8, 5.94,N
01/21/2024,02:00,MAVCRK_W_ALL, 21.85,N
01/21/2024,02:00,MCDLD_FCSBW1, 26.39,N
01/21/2024,02:00,MCLNSLR_RN, 26.08,N
01/21/2024,02:00,MCSES_UNIT6, 19.44,N
01/21/2024,02:00,MCSES_UNIT7, 19.44,N
01/21/2024,02:00,MCSES_UNIT8, 19.44,N
01/21/2024,02:00,MDANP_CT1_2, 19.49,N
01/21/2024,02:00,MDANP_CT3_4, 19.48,N
01/21/2024,02:00,MDANP_CT5_6, 19.49,N
01/21/2024,02:00,MERCURY_ALL, 19.64,N
01/21/2024,02:00,MESQCRK_ALL, 22.86,N
01/21/2024,02:00,MESTENO_RN, 21,N
01/21/2024,02:00,MGSES_CT123, 27.75,N
01/21/2024,02:00,MGSES_CT456, 27.75,N
01/21/2024,02:00,MIAM1_G1_G2, 14.77,N
01/21/2024,02:00,MIDWY_RN, 29.82,N
01/21/2024,02:00,MIL_MILG1_2, 19.42,N
01/21/2024,02:00,MIL_MILG345, 19.42,N
01/21/2024,02:00,MIRAGE_G1, 20.25,N
01/21/2024,02:00,MIRASOLE_GEN, 20.99,N
01/21/2024,02:00,MISAE_GEN_RN, 15.37,N
01/21/2024,02:00,MLSES_UNIT1, 19.54,N
01/21/2024,02:00,MLSES_UNIT2, 19.54,N
01/21/2024,02:00,MLSES_UNIT3, 19.54,N
01/21/2024,02:00,MNWL_BESS_RN, 19.35,N
01/21/2024,02:00,MOZART_WIND1, 21.68,N
01/21/2024,02:00,MUSTNGCK_ALL, 20.91,N
01/21/2024,02:00,MV_VALV4_RN, 14.34,N
01/21/2024,02:00,MWEC_G1, 21.23,N
01/21/2024,02:00,MYRY_ESR_RN, 14.35,N
01/21/2024,02:00,MYR_ALL, 20.38,N
01/21/2024,02:00,NACPW_UNIT1, 19.56,N
01/21/2024,02:00,NBOHR_RN, 27.54,N
01/21/2024,02:00,NCARBIDEG8, 20.77,N
01/21/2024,02:00,NCARBIDE_1_7, 20.77,N
01/21/2024,02:00,NCARBID_PUN1, 20.77,N
01/21/2024,02:00,NCARBID_PUN2, 20.77,N
01/21/2024,02:00,NCO_RN, 20.46,N
01/21/2024,02:00,NEBULA_RN, 14.33,N
01/21/2024,02:00,NEDIN_CC1, 14.31,N
01/21/2024,02:00,NED_NEDIN_G1, 14.34,N
01/21/2024,02:00,NED_NEDIN_G2, 14.34,N
01/21/2024,02:00,NED_NEDIN_G3, 14.24,N
01/21/2024,02:00,NF_BRP_RN, 20.63,N
01/21/2024,02:00,NOBLESLR_ALL, 19.16,N
01/21/2024,02:00,NOVA1SLR_ALL, 18.1,N
01/21/2024,02:00,NOVA2S_UNIT1, 18.1,N
01/21/2024,02:00,NUECES_B_CC1, 20.91,N
01/21/2024,02:00,NUE_NUECESG7, 20.91,N
01/21/2024,02:00,NUE_NUECESG8, 20.91,N
01/21/2024,02:00,NUE_NUECESG9, 20.91,N
01/21/2024,02:00,NWF_NWF1, 30.15,N
01/21/2024,02:00,N_AL_BESS_RN, 14.34,N
01/21/2024,02:00,N_MRD_ESR_RN, 14.33,N
01/21/2024,02:00,OBERON_U1, 29.8,N
01/21/2024,02:00,ODESW_RN, 29.76,N
01/21/2024,02:00,OECCS_1, 29.53,N
01/21/2024,02:00,OECCS_2, 29.53,N
01/21/2024,02:00,OECCS_CC1, 29.53,N
01/21/2024,02:00,OECCS_CC2, 29.53,N
01/21/2024,02:00,OGSES_1, 19.96,N
01/21/2024,02:00,OGSES_2, 19.96,N
01/21/2024,02:00,OLIN_OLING_1, 19.41,N
01/21/2024,02:00,OLIN_OLING_2, 19.41,N
01/21/2024,02:00,OLIN_OLING_3, 19.41,N
01/21/2024,02:00,OLIN_OLING_4, 19.41,N
01/21/2024,02:00,OLNEYTN_RN, 19.01,N
01/21/2024,02:00,OR_BESS_RN, 20.35,N
01/21/2024,02:00,OWF_OWF, 26.97,N
01/21/2024,02:00,OXY_OXY_CCG1, 20.91,N
01/21/2024,02:00,OXY_PUN1, 20.91,N
01/21/2024,02:00,OXY_PUN2, 20.91,N
01/21/2024,02:00,PALE_ESS_EN, 15.34,N
01/21/2024,02:00,PALMWI_UNIT1, 14.32,N
01/21/2024,02:00,PANDA_S_CC1, 19.34,N
01/21/2024,02:00,PANDA_S_CT1, 19.34,N
01/21/2024,02:00,PANDA_S_CT2, 19.34,N
01/21/2024,02:00,PANDA_S_ST1, 19.34,N
01/21/2024,02:00,PANDA_T1_CC1, 20.22,N
01/21/2024,02:00,PANDA_T1_CT1, 20.22,N
01/21/2024,02:00,PANDA_T1_CT2, 20.22,N
01/21/2024,02:00,PANDA_T1_ST1, 20.22,N
01/21/2024,02:00,PANDA_T2_CC1, 20.22,N
01/21/2024,02:00,PANDA_T2_CT1, 20.22,N
01/21/2024,02:00,PANDA_T2_CT2, 20.22,N
01/21/2024,02:00,PANDA_T2_ST1, 20.22,N
01/21/2024,02:00,PAP1_PAP1, 20.89,N
01/21/2024,02:00,PAULN_RN, 19.56,N
01/21/2024,02:00,PAVLOV_BT_RN, 22.25,N
01/21/2024,02:00,PAVO_ESS_ALL, 29.82,N
01/21/2024,02:00,PB2SES_CT1, 29.68,N
01/21/2024,02:00,PB2SES_CT2, 29.68,N
01/21/2024,02:00,PB2SES_CT3, 29.68,N
01/21/2024,02:00,PB2SES_CT4, 29.68,N
01/21/2024,02:00,PB2SES_CT5, 29.68,N
01/21/2024,02:00,PC_NORTH_1, 28.95,N
01/21/2024,02:00,PC_SOUTH_ALL, 28.95,N
01/21/2024,02:00,PEARSA_1_24, 20.91,N
01/21/2024,02:00,PENA_ALL, 20.94,N
01/21/2024,02:00,PES1_RN, 20.28,N
01/21/2024,02:00,PEY_RN, 20.44,N
01/21/2024,02:00,PH1_UNIT1_2, 14.65,N
01/21/2024,02:00,PH2_U1_U2, 14.65,N
01/21/2024,02:00,PHILLWND_ALL, 19.87,N
01/21/2024,02:00,PHOEBE_ALL, 29.8,N
01/21/2024,02:00,PHOENIX_RN, 19.37,N
01/21/2024,02:00,PHO_ALL, 20.38,N
01/21/2024,02:00,PIONR_DJ_RN, 29.25,N
01/21/2024,02:00,PISG_RN_ALL, 19.63,N
01/21/2024,02:00,PITSDD_UNIT1, 19.65,N
01/21/2024,02:00,PLN_ALL, 20.43,N
01/21/2024,02:00,PNPI_GT2_RN, 20.32,N
01/21/2024,02:00,PORTSL_UNIT1, 19.15,N
01/21/2024,02:00,POTSVIL_RN, 19.93,N
01/21/2024,02:00,PRID_RN, 20.67,N
01/21/2024,02:00,PROSPERO_ALL, 30.31,N
01/21/2024,02:00,PRO_RN, 20.28,N
01/21/2024,02:00,PRSPERO2_ALL, 30.31,N
01/21/2024,02:00,PR_PR_ALL, 20.23,N
01/21/2024,02:00,PR_PR_G2, 20.23,N
01/21/2024,02:00,PSA_CC1, 20.22,N
01/21/2024,02:00,PSA_PSA_G1, 20.22,N
01/21/2024,02:00,PSA_PSA_G2, 20.22,N
01/21/2024,02:00,PSA_PSA_G3, 20.22,N
01/21/2024,02:00,PSA_PSA_G4, 20.22,N
01/21/2024,02:00,PSA_PSA_G5, 20.22,N
01/21/2024,02:00,PSA_PSA_G6, 20.22,N
01/21/2024,02:00,PSA_PSA_G7, 20.22,N
01/21/2024,02:00,PSA_PUN1, 20.22,N
01/21/2024,02:00,PSA_PUN2, 20.22,N
01/21/2024,02:00,PSA_PUN3, 20.22,N
01/21/2024,02:00,PSA_PUN4, 20.22,N
01/21/2024,02:00,PSA_PUN5, 20.22,N
01/21/2024,02:00,PSG_CC1, 20.23,N
01/21/2024,02:00,PSG_PSG_GT2, 20.23,N
01/21/2024,02:00,PSG_PSG_GT3, 20.23,N
01/21/2024,02:00,PSG_PSG_ST1, 20.23,N
01/21/2024,02:00,PTLBES_BESS1, 20.76,N
01/21/2024,02:00,PYR_PYRON1, 16.88,N
01/21/2024,02:00,QALSW_ALL, 29.55,N
01/21/2024,02:00,QALSW_CC1, 29.55,N
01/21/2024,02:00,QALSW_CC2, 29.55,N
01/21/2024,02:00,QUEEN_BA_RN, 29.38,N
01/21/2024,02:00,QUEEN_SL_RN, 29.38,N
01/21/2024,02:00,RAB_G1-8, 20.29,N
01/21/2024,02:00,RADN_SLR_ALL, 20.82,N
01/21/2024,02:00,RAMBLER_UNIT, 23.46,N
01/21/2024,02:00,RANCHERO_ALL, 25.01,N
01/21/2024,02:00,RAT_RN_1, 23.08,N
01/21/2024,02:00,RAYBURN_CC1, 20.83,N
01/21/2024,02:00,RAYB_G78910, 20.83,N
01/21/2024,02:00,RBN_BESS1, 20.32,N
01/21/2024,02:00,RDCAN_RDCNY1, 22.03,N
01/21/2024,02:00,REDBARN_RN, 28.89,N
01/21/2024,02:00,REDFISH_ALL, 14.32,N
01/21/2024,02:00,REDGATE_ALL, 14.34,N
01/21/2024,02:00,REDGATE_RN, 14.34,N
01/21/2024,02:00,RELOJ_ALL, 21.04,N
01/21/2024,02:00,REROCK_ALL, 29.34,N
01/21/2024,02:00,RHESS2_ESS1, 20.54,N
01/21/2024,02:00,RIGGIN_UNIT1, 29.66,N
01/21/2024,02:00,RIOG_ESR_RN, 14.38,N
01/21/2024,02:00,RIONOG_CC1, 20.9,N
01/21/2024,02:00,RIONOG_CT1, 20.9,N
01/21/2024,02:00,RIONOG_CT2, 20.9,N
01/21/2024,02:00,RIONOG_CT3, 20.9,N
01/21/2024,02:00,RIONOG_ST1, 20.9,N
01/21/2024,02:00,RIPPEY_ALL, 19.28,N
01/21/2024,02:00,RN_APOGEE, 18.77,N
01/21/2024,02:00,RN_BYU_G8, 20.26,N
01/21/2024,02:00,RN_DEC_AGR_A, 19.26,N
01/21/2024,02:00,RN_DEC_AGR_B, 19.26,N
01/21/2024,02:00,RN_DEC_AGR_C, 19.26,N
01/21/2024,02:00,RN_DEC_AGR_D, 19.26,N
01/21/2024,02:00,RN_ECEC_HOLT, 30.1,N
01/21/2024,02:00,RN_OCI_ALAMO, 21.08,N
01/21/2024,02:00,RN_RTS1, 21.36,N
01/21/2024,02:00,RN_SR_WIND1, 14.32,N
01/21/2024,02:00,RN_TOSBATT, 26.49,N
01/21/2024,02:00,ROSELAND_ALL, 19.88,N
01/21/2024,02:00,ROUTE66_RN, 14.54,N
01/21/2024,02:00,ROW_ALL, 20.32,N
01/21/2024,02:00,RPUBRDS_RN, 20.06,N
01/21/2024,02:00,RRANCHES_ALL, 29.58,N
01/21/2024,02:00,RRC_WIND_ALL, 19.11,N
01/21/2024,02:00,RSK_RN, 27.54,N
01/21/2024,02:00,RTLSNAKE_BT, 29.59,N
01/21/2024,02:00,RUSSEKST_RN, 39.82,N
01/21/2024,02:00,RVRVLYS_ALL, 20.53,N
01/21/2024,02:00,SADLBACK_RN, 29.53,N
01/21/2024,02:00,SALVTION_GEN, 18.47,N
01/21/2024,02:00,SAMSON_ALL, 19.39,N
01/21/2024,02:00,SANDHSYD1_2, 20.65,N
01/21/2024,02:00,SANDHSYD3_4, 20.65,N
01/21/2024,02:00,SANDHSYD6_7, 20.65,N
01/21/2024,02:00,SANDHSYD_5AC, 20.65,N
01/21/2024,02:00,SANDHSYD_CC1, 20.65,N
01/21/2024,02:00,SANTACRU_ALL, 20.92,N
01/21/2024,02:00,SAN_SANMIGG1, 21.02,N
01/21/2024,02:00,SBEAN_BESS, 29.57,N
01/21/2024,02:00,SBE_RN_1, 20.39,N
01/21/2024,02:00,SC2SES_UNIT1, 19.56,N
01/21/2024,02:00,SCES_UNIT1, 19.88,N
01/21/2024,02:00,SCLP_PUN1, 20.46,N
01/21/2024,02:00,SCLP_PUN2, 20.46,N
01/21/2024,02:00,SCLP_PUN3, 20.46,N
01/21/2024,02:00,SCLP_PUN4, 20.46,N
01/21/2024,02:00,SCLP_SCLPC_1, 20.46,N
01/21/2024,02:00,SCLP_SCLPC_2, 20.46,N
01/21/2024,02:00,SCLP_SCLPC_3, 20.46,N
01/21/2024,02:00,SCLP_SCLPC_4, 20.46,N
01/21/2024,02:00,SCSES_UNIT2, 19.56,N
01/21/2024,02:00,SDSES_PUN1, 20.4,N
01/21/2024,02:00,SDSES_PUN3, 20.4,N
01/21/2024,02:00,SENATEWD_1, 18.95,N
01/21/2024,02:00,SGM_SIGNALMT, 31.67,N
01/21/2024,02:00,SGSA_DGR, 29.34,N
01/21/2024,02:00,SG_BES_BESS1, 29.66,N
01/21/2024,02:00,SHAFFER_ALL, 20.92,N
01/21/2024,02:00,SHAMROCK_RN, 24.85,N
01/21/2024,02:00,SHANNONW_RN, 18.85,N
01/21/2024,02:00,SHEEPCRK_1, 19.11,N
01/21/2024,02:00,SILASRAY_CC1, 14.32,N
01/21/2024,02:00,SIL_SILAS_10, 14.32,N
01/21/2024,02:00,SIL_SILAS_6, 14.32,N
01/21/2024,02:00,SIL_SILAS_9, 14.32,N
01/21/2024,02:00,SIRIUS_UNIT1, 30,N
01/21/2024,02:00,SJS_SJS_G1, 20.24,N
01/21/2024,02:00,SJS_SJS_G2, 20.24,N
01/21/2024,02:00,SKY1, 20.64,N
01/21/2024,02:00,SLCN_ESS_ALL, 20.59,N
01/21/2024,02:00,SLTFRK_UN1_2, 14.77,N
01/21/2024,02:00,SL_PUN1, 20.23,N
01/21/2024,02:00,SL_PUN2, 20.23,N
01/21/2024,02:00,SNY_BESS_RN, 23.21,N
01/21/2024,02:00,SOLARA_UNIT1, 20.4,N
01/21/2024,02:00,SPARTA_ALL, 20.97,N
01/21/2024,02:00,SPLAIN1_RN, 14.42,N
01/21/2024,02:00,SPLAIN2_RN, 14.42,N
01/21/2024,02:00,SPNC_SPNCE_4, 19.28,N
01/21/2024,02:00,SPNC_SPNCE_5, 19.28,N
01/21/2024,02:00,SPTX12B_RN, 29.77,N
01/21/2024,02:00,SROSA_ESR_RN, 14.32,N
01/21/2024,02:00,SRWE1_UNIT1, 22.86,N
01/21/2024,02:00,SSPURT_WIND1, 14.32,N
01/21/2024,02:00,STAM_SLR_ALL, 19.39,N
01/21/2024,02:00,STEAM_ENG123, 19.41,N
01/21/2024,02:00,STEA_STEAM_1, 19.41,N
01/21/2024,02:00,STEA_STEAM_2, 19.41,N
01/21/2024,02:00,STEA_STEAM_3, 19.41,N
01/21/2024,02:00,STELLA_RN, 20.94,N
01/21/2024,02:00,STP_STP_G1, 20.46,N
01/21/2024,02:00,STP_STP_G2, 20.46,N
01/21/2024,02:00,STRATEGC_RN, 19.55,N
01/21/2024,02:00,STWF_T1, 23.19,N
01/21/2024,02:00,SUNVASLR_ALL, 19.66,N
01/21/2024,02:00,SWEC_G1, 38.32,N
01/21/2024,02:00,SWEETWN2_2_4, 18.58,N
01/21/2024,02:00,SWEETWN3_3, 18.58,N
01/21/2024,02:00,SWEETWND_1, 18.58,N
01/21/2024,02:00,SWOOSE1_U1, 29.63,N
01/21/2024,02:00,SWOOSEII_RN, 29.63,N
01/21/2024,02:00,SWTWN4_WND45, 18.58,N
01/21/2024,02:00,SWT_BESS_RN, 23.81,N
01/21/2024,02:00,S_HILLS_RN, 18.91,N
01/21/2024,02:00,TAHOKA_ALL, 24.65,N
01/21/2024,02:00,TAV_RN, 20.36,N
01/21/2024,02:00,TAYGETE2_ALL, 29.49,N
01/21/2024,02:00,TAYGETE_ALL, 29.49,N
01/21/2024,02:00,TBWF_ES_BES1, 29.78,N
01/21/2024,02:00,TC_PUN1, 20.25,N
01/21/2024,02:00,TC_PUN2, 20.25,N
01/21/2024,02:00,TC_TCHP1, 20.25,N
01/21/2024,02:00,TEN_CC1, 19.5,N
01/21/2024,02:00,TEN_CT1_STG, 19.5,N
01/21/2024,02:00,TGCCS_ALL, 19.54,N
01/21/2024,02:00,TGCCS_CC1, 19.54,N
01/21/2024,02:00,TGF_TGFGT, 20.84,N
01/21/2024,02:00,TGS_GT01, 20.84,N
01/21/2024,02:00,TGW_T1_T2, 20.94,N
01/21/2024,02:00,THW_1_CCU, 20.21,N
01/21/2024,02:00,THW_2_CCU, 20.21,N
01/21/2024,02:00,THW_CC1, 20.21,N
01/21/2024,02:00,THW_CC2, 20.21,N
01/21/2024,02:00,THW_THWGT5X, 20.2,N
01/21/2024,02:00,THW_THWGT_1, 20.21,N
01/21/2024,02:00,TI_SOLAR_ALL, 29.56,N
01/21/2024,02:00,TKWSW_CHAMP, 16.88,N
01/21/2024,02:00,TKWSW_ROSCOE, 16.88,N
01/21/2024,02:00,TNP_TNP_O_1, 20.04,N
01/21/2024,02:00,TNP_TNP_O_2, 20.04,N
01/21/2024,02:00,TNSKA_CC1, 19.37,N
01/21/2024,02:00,TNSKA_CCU, 19.37,N
01/21/2024,02:00,TOPAZ_ALL, 20.28,N
01/21/2024,02:00,TORR_ALL, 21.06,N
01/21/2024,02:00,TORT_ESS_RN, 20.29,N
01/21/2024,02:00,TOYAH_RN, 29.34,N
01/21/2024,02:00,TREB_SOLAR1, 20.7,N
01/21/2024,02:00,TRENT_TRENT, 23.19,N
01/21/2024,02:00,TRINITY_ALL, 18.81,N
01/21/2024,02:00,TRIPBUT1_RN, 35.22,N
01/21/2024,02:00,TRSES_UNIT6, 19.58,N
01/21/2024,02:00,TRUENO_ALL, 14.32,N
01/21/2024,02:00,TRUSGILL_RN, 18.42,N
01/21/2024,02:00,TTRSW_RN, 19.39,N
01/21/2024,02:00,TTWEC_G1, 19.39,N
01/21/2024,02:00,TURQ_BESS1, 19.41,N
01/21/2024,02:00,TV_RN, 20.32,N
01/21/2024,02:00,TXCTY_CC1, 20.28,N
01/21/2024,02:00,TXCTY_CTA, 20.28,N
01/21/2024,02:00,TXCTY_CTB, 20.28,N
01/21/2024,02:00,TXCTY_CTC, 20.28,N
01/21/2024,02:00,TXCTY_ST, 20.28,N
01/21/2024,02:00,TYLRWIND_RN, 19.24,N
01/21/2024,02:00,T_CK_GT2_RN, 30.14,N
01/21/2024,02:00,T_CK_GT3_RN, 30.14,N
01/21/2024,02:00,UCC_COG_PUN2, 20.28,N
01/21/2024,02:00,UCC_UCC_C_2, 20.28,N
01/21/2024,02:00,VANCOURT_RN, 14.33,N
01/21/2024,02:00,VENADO_ALL, 21.08,N
01/21/2024,02:00,VERAWIND_ALL, 18.42,N
01/21/2024,02:00,VERTIGO_UN1, 18.63,N
01/21/2024,02:00,VICTORIA_CC1, 20.82,N
01/21/2024,02:00,VICTPORT_RN, 20.8,N
01/21/2024,02:00,VIC_VICTORG5, 20.82,N
01/21/2024,02:00,VIC_VICTORG6, 20.82,N
01/21/2024,02:00,VISION_RN, 19.58,N
01/21/2024,02:00,VLSES_UNIT3, 19.36,N
01/21/2024,02:00,VORT_ALL_RN, 18.71,N
01/21/2024,02:00,WAKEWE_ALL, 17.55,N
01/21/2024,02:00,WAP_WAPGT_1, 20.32,N
01/21/2024,02:00,WAP_WAP_G1, 20.32,N
01/21/2024,02:00,WAP_WAP_G2, 20.32,N
01/21/2024,02:00,WAP_WAP_G3, 20.32,N
01/21/2024,02:00,WAP_WAP_G4, 20.32,N
01/21/2024,02:00,WAP_WAP_G5, 20.32,N
01/21/2024,02:00,WAP_WAP_G6, 20.29,N
01/21/2024,02:00,WAP_WAP_G7, 20.29,N
01/21/2024,02:00,WAP_WAP_G8, 20.29,N
01/21/2024,02:00,WAYMARK_RN, 28.89,N
01/21/2024,02:00,WCPP_CC1, 19.1,N
01/21/2024,02:00,WCPP_CT1, 19.1,N
01/21/2024,02:00,WCPP_CT2, 19.1,N
01/21/2024,02:00,WCPP_ST1, 19.1,N
01/21/2024,02:00,WEBBER_WS_T1, 20.62,N
01/21/2024,02:00,WEC_WECG1, 20.01,N
01/21/2024,02:00,WES_ALL, 20.45,N
01/21/2024,02:00,WFCOGEN_13, 18.74,N
01/21/2024,02:00,WFCOGEN_24, 18.74,N
01/21/2024,02:00,WFCOGEN_CC1, 18.74,N
01/21/2024,02:00,WFTANK_ESS1, 21.07,N
01/21/2024,02:00,WGU_RN, 20.42,N
01/21/2024,02:00,WHCCS2_4, 19.44,N
01/21/2024,02:00,WHCCS2_5_6, 19.44,N
01/21/2024,02:00,WHCCS2_CC2, 19.44,N
01/21/2024,02:00,WHCCS_CC1, 19.44,N
01/21/2024,02:00,WHCCS_CT1_ST, 19.44,N
01/21/2024,02:00,WHCCS_CT2, 19.44,N
01/21/2024,02:00,WHITE_PT_UN1, 20.88,N
01/21/2024,02:00,WHMESA_U1, 24.71,N
01/21/2024,02:00,WHTTAIL_WR1, 19.23,N
01/21/2024,02:00,WH_WIND_ALL, 18.43,N
01/21/2024,02:00,WILDWIND_ALL, 19.19,N
01/21/2024,02:00,WIPOPA_1_2, 20.61,N
01/21/2024,02:00,WIPOPA_3_4, 20.61,N
01/21/2024,02:00,WIR_WIRTZ_G1, 21.03,N
01/21/2024,02:00,WIR_WIRTZ_G2, 21.03,N
01/21/2024,02:00,WLTC_ESR_RN, 20.91,N
01/21/2024,02:00,WL_RANCH_RN, 23.59,N
01/21/2024,02:00,WNDTS2_UNIT1, 19,N
01/21/2024,02:00,WND_WHITNEY, 19.78,N
01/21/2024,02:00,WOODWRD1_RN, 29.82,N
01/21/2024,02:00,WOODWRD2_RN, 29.82,N
01/21/2024,02:00,WOV_BESS_RN, 29.87,N
01/21/2024,02:00,WRSBES_BESS1, 29.58,N
01/21/2024,02:00,W_HRL_ESR_RN, 14.32,N
01/21/2024,02:00,W_PECO_UNIT1, 29.58,N
01/21/2024,02:00,X443ESRN, 21.15,N
01/21/2024,02:00,YNG_WND_ALL, 18.82,N
01/21/2024,02:00,ZIER_SLR_ALL, 28.79,N
01/21/2024,03:00,7RNCHSLR_ALL, 20.24,N
01/21/2024,03:00,AEEC, 14.79,N
01/21/2024,03:00,AGUAYO_UNIT1, 20.24,N
01/21/2024,03:00,AJAXWIND_RN, 18.35,N
01/21/2024,03:00,ALGOD_ALL_RN, 20.48,N
01/21/2024,03:00,ALVIN_RN, 19.92,N
01/21/2024,03:00,AMADEUS_ALL, 18.43,N
01/21/2024,03:00,AMISTAD_ALL, 29.17,N
01/21/2024,03:00,AMOCOOIL_CC1, 19.9,N
01/21/2024,03:00,AMOCOOIL_CC2, 19.9,N
01/21/2024,03:00,AMOCO_PUN1, 19.9,N
01/21/2024,03:00,AMOCO_PUN2, 19.9,N
01/21/2024,03:00,AMO_AMOCO_1, 19.9,N
01/21/2024,03:00,AMO_AMOCO_2, 19.9,N
01/21/2024,03:00,AMO_AMOCO_5, 19.9,N
01/21/2024,03:00,AMO_AMOCO_G1, 19.9,N
01/21/2024,03:00,AMO_AMOCO_G2, 19.9,N
01/21/2024,03:00,AMO_AMOCO_G3, 19.9,N
01/21/2024,03:00,AMO_AMOCO_S1, 19.9,N
01/21/2024,03:00,AMO_AMOCO_S2, 19.9,N
01/21/2024,03:00,ANACACHO_ANA, 29.32,N
01/21/2024,03:00,ANCHOR_ALL, 18.84,N
01/21/2024,03:00,ANDMDSLR_ALL, 18.43,N
01/21/2024,03:00,ANEM_ESS_RN, 20.54,N
01/21/2024,03:00,ANG_ALL, 22.89,N
01/21/2024,03:00,ANSON1_ALL, 18.44,N
01/21/2024,03:00,APPALOSA_ALL, 34.57,N
01/21/2024,03:00,AQUI_ALL, 19.32,N
01/21/2024,03:00,ARAGORN_RN, 28.68,N
01/21/2024,03:00,ASTRA_RN, 14.94,N
01/21/2024,03:00,ATK_ATKINSG7, 19.68,N
01/21/2024,03:00,AURO_SLR_RN, 19.74,N
01/21/2024,03:00,AUSTPL_ALL, 20.24,N
01/21/2024,03:00,AVIAT_ALL, 25.15,N
01/21/2024,03:00,AZURE_RN, 18.42,N
01/21/2024,03:00,AZ_ALL, 19.86,N
01/21/2024,03:00,BAC_RN_ALL, 19.9,N
01/21/2024,03:00,BAFFIN_ALL, 20.49,N
01/21/2024,03:00,BAIRDWND_ALL, 18.66,N
01/21/2024,03:00,BARROW_ALL, 29.21,N
01/21/2024,03:00,BASTEN_CC1, 20.24,N
01/21/2024,03:00,BASTEN_CCU, 20.24,N
01/21/2024,03:00,BATCAVE_RN, 22.52,N
01/21/2024,03:00,BAYC_BESS_RN, 20.93,N
01/21/2024,03:00,BBREEZE_1_2, 20.52,N
01/21/2024,03:00,BCATWD_WD_1, 18.63,N
01/21/2024,03:00,BCH_RN, 20,N
01/21/2024,03:00,BCK_RN, 19.96,N
01/21/2024,03:00,BELM_SLR_RN, 19.78,N
01/21/2024,03:00,BIGSTAR_ALL, 20.25,N
01/21/2024,03:00,BLACKJAK_RN, 20.47,N
01/21/2024,03:00,BLSMT1_5_A_6, 18.04,N
01/21/2024,03:00,BLUEJAY_RN, 19.67,N
01/21/2024,03:00,BOARDCRK_ALL, 19.32,N
01/21/2024,03:00,BOOTLEG_UN1, 28.22,N
01/21/2024,03:00,BORDAS_345, 20.59,N
01/21/2024,03:00,BOSQUESW_CC1, 19.48,N
01/21/2024,03:00,BOSQUESW_CC2, 19.51,N
01/21/2024,03:00,BOSQ_BSQSU_5, 19.51,N
01/21/2024,03:00,BOSQ_BSQS_12, 19.51,N
01/21/2024,03:00,BOSQ_BSQS_34, 19.48,N
01/21/2024,03:00,BRANDON_RN, 19.54,N
01/21/2024,03:00,BRAUNIG_CC1, 20.65,N
01/21/2024,03:00,BRAUNIG_VHB1, 20.57,N
01/21/2024,03:00,BRAUNIG_VHB2, 20.57,N
01/21/2024,03:00,BRAUNIG_VHB3, 20.6,N
01/21/2024,03:00,BRAZ_WND_ALL, 22.07,N
01/21/2024,03:00,BRA_AVR1_CT2, 20.65,N
01/21/2024,03:00,BRA_AVR_CST1, 20.65,N
01/21/2024,03:00,BRHEIGHT_RN, 19.9,N
01/21/2024,03:00,BRIGHTSD_RN, 20.56,N
01/21/2024,03:00,BRIGHTSD_U1, 20.55,N
01/21/2024,03:00,BRISCOE_WIND, 15.27,N
01/21/2024,03:00,BRPANGLE_RN, 20.05,N
01/21/2024,03:00,BRPMAGNO_RN, 19.91,N
01/21/2024,03:00,BRP_BRAZ_RN, 20.06,N
01/21/2024,03:00,BRP_DIKN_RN, 19.9,N
01/21/2024,03:00,BRP_LOOP_RN, 20.39,N
01/21/2024,03:00,BRP_LOP1_RN, 20.65,N
01/21/2024,03:00,BRP_PBL1_RN, 38.95,N
01/21/2024,03:00,BRP_PBL2_RN, 38.95,N
01/21/2024,03:00,BRP_RN_UNIT1, 20.77,N
01/21/2024,03:00,BRP_SEMI_RN, 19.91,N
01/21/2024,03:00,BRP_SWNY_RN, 20.06,N
01/21/2024,03:00,BRP_ZPT1_RN, 20.7,N
01/21/2024,03:00,BRP_ZPT2_RN, 20.7,N
01/21/2024,03:00,BRTSW_BCW1, 18.96,N
01/21/2024,03:00,BR_ARROW_ALL, 19.1,N
01/21/2024,03:00,BR_VHB6CT5_6, 20.57,N
01/21/2024,03:00,BR_VHB6CT7_8, 20.57,N
01/21/2024,03:00,BSS_U1, 20.06,N
01/21/2024,03:00,BTE_BTE_G1, 19.85,N
01/21/2024,03:00,BTE_BTE_G2, 19.85,N
01/21/2024,03:00,BTE_BTE_G3, 19.85,N
01/21/2024,03:00,BTE_BTE_G4, 19.85,N
01/21/2024,03:00,BTE_CC1, 19.85,N
01/21/2024,03:00,BTE_PUN1, 19.85,N
01/21/2024,03:00,BTE_PUN2, 19.85,N
01/21/2024,03:00,BTM_ALL, 19.98,N
01/21/2024,03:00,BUCHAN_ALL, 19.82,N
01/21/2024,03:00,BUCKTHRN_RN, 19.22,N
01/21/2024,03:00,BUFF_GAP_ALL, 19.41,N
01/21/2024,03:00,BULLCRK_1_2, 21.5,N
01/21/2024,03:00,BVE_CC1, 19.92,N
01/21/2024,03:00,BVE_UNIT1, 19.92,N
01/21/2024,03:00,BVE_UNIT2, 19.92,N
01/21/2024,03:00,BVE_UNIT3, 19.92,N
01/21/2024,03:00,BYRDR_ES_ALL, 20.06,N
01/21/2024,03:00,BYU_BYU_1, 19.88,N
01/21/2024,03:00,BYU_BYU_12, 19.88,N
01/21/2024,03:00,BYU_BYU_34, 19.88,N
01/21/2024,03:00,BYU_BYU_G8, 19.88,N
01/21/2024,03:00,BYU_CC1, 19.88,N
01/21/2024,03:00,BYU_G4_RN, 19.88,N
01/21/2024,03:00,BYU_PUN1, 19.88,N
01/21/2024,03:00,BYU_PUN2, 19.88,N
01/21/2024,03:00,BYU_PUN3, 19.88,N
01/21/2024,03:00,BYU_PUN4, 19.88,N
01/21/2024,03:00,B_DAVIS_3, 20.46,N
01/21/2024,03:00,B_DAVIS_4, 20.46,N
01/21/2024,03:00,B_DAVIS_CC1, 20.46,N
01/21/2024,03:00,B_D_B_DAVIG1, 20.46,N
01/21/2024,03:00,B_D_B_DAVIG2, 20.46,N
01/21/2024,03:00,CABEZON_ALL, 20.56,N
01/21/2024,03:00,CALAVER_JKS1, 20.61,N
01/21/2024,03:00,CALAVER_JKS2, 20.61,N
01/21/2024,03:00,CALAVER_JTD1, 20.6,N
01/21/2024,03:00,CALAVER_JTD2, 20.6,N
01/21/2024,03:00,CALAVER_OWS1, 20.58,N
01/21/2024,03:00,CALAVER_OWS2, 20.58,N
01/21/2024,03:00,CALHOUN_ALL, 20.28,N
01/21/2024,03:00,CALLAHA_WND1, 18.95,N
01/21/2024,03:00,CAL_CALGT1, 19.86,N
01/21/2024,03:00,CAL_CALSTG1, 19.86,N
01/21/2024,03:00,CAL_CC1, 19.86,N
01/21/2024,03:00,CAL_PUN1, 19.86,N
01/21/2024,03:00,CAL_PUN2, 19.86,N
01/21/2024,03:00,CAMWIND_RN, 13.89,N
01/21/2024,03:00,CANYONWD_ALL, 18.19,N
01/21/2024,03:00,CAPRIDG4_CR4, 25.15,N
01/21/2024,03:00,CAPRIDGE_ALL, 25.15,N
01/21/2024,03:00,CARBN_BSP_1, 28.73,N
01/21/2024,03:00,CASL_GAP_UN1, 29.11,N
01/21/2024,03:00,CATARINA_B1, 31.09,N
01/21/2024,03:00,CBECII_89, 20,N
01/21/2024,03:00,CBECII_CC3, 20,N
01/21/2024,03:00,CBECII_CT7, 20,N
01/21/2024,03:00,CBEC_ALL, 20.01,N
01/21/2024,03:00,CBEC_CC1, 20.01,N
01/21/2024,03:00,CBEC_CC2, 20.01,N
01/21/2024,03:00,CBY4_ALL, 19.85,N
01/21/2024,03:00,CBY4_CC1, 19.85,N
01/21/2024,03:00,CBY_CBY_G1, 19.86,N
01/21/2024,03:00,CBY_CBY_G2, 19.86,N
01/21/2024,03:00,CCEC_CC1, 20.46,N
01/21/2024,03:00,CCEC_GT1, 20.46,N
01/21/2024,03:00,CCEC_GT2, 20.46,N
01/21/2024,03:00,CCEC_PUN1, 20.46,N
01/21/2024,03:00,CCEC_PUN2, 20.46,N
01/21/2024,03:00,CCEC_ST1, 20.46,N
01/21/2024,03:00,CEDROHI_CHW1, 20.61,N
01/21/2024,03:00,CEDRVALE_RN, 28.67,N
01/21/2024,03:00,CFLATS_UNIT, 22.52,N
01/21/2024,03:00,CHALUP_ALL, 13.89,N
01/21/2024,03:00,CHAL_SLR_RN, 28.69,N
01/21/2024,03:00,CHAMON_UN1, 19.85,N
01/21/2024,03:00,CHAMON_UN2, 19.85,N
01/21/2024,03:00,CHEDPW_GT2, 19.84,N
01/21/2024,03:00,CHE_CC1, 19.84,N
01/21/2024,03:00,CHE_LYD, 19.85,N
01/21/2024,03:00,CHE_LYD2, 19.85,N
01/21/2024,03:00,CHE_PUN1, 19.85,N
01/21/2024,03:00,CHE_PUN2, 19.85,N
01/21/2024,03:00,CHISMGRD_RN, 18.98,N
01/21/2024,03:00,CISC_RN, 19.36,N
01/21/2024,03:00,CITYVICT_ALL, 20.38,N
01/21/2024,03:00,CN_BRKS_UNT1, 15.05,N
01/21/2024,03:00,COL_COLETOG1, 20.44,N
01/21/2024,03:00,CONIGLIO_RN, 19.08,N
01/21/2024,03:00,CONTINEN_RN, 13.96,N
01/21/2024,03:00,CORALSLR_ALL, 19.56,N
01/21/2024,03:00,CORAZON_RN, 20.6,N
01/21/2024,03:00,COTPLNS_RN, 15.23,N
01/21/2024,03:00,COTTON_PAP2, 20.45,N
01/21/2024,03:00,COYOTSPR_RN, 28.68,N
01/21/2024,03:00,CPSES_UNIT1, 19.15,N
01/21/2024,03:00,CPSES_UNIT2, 19.15,N
01/21/2024,03:00,CRANELL_ALL, 20.47,N
01/21/2024,03:00,CROSSETT_ALL, 29.12,N
01/21/2024,03:00,CRWN_SLR_UN1, 19.66,N
01/21/2024,03:00,CSC_CSECG1_2, 21.58,N
01/21/2024,03:00,CVC_CC1, 19.84,N
01/21/2024,03:00,CVC_CVCG1_5, 19.84,N
01/21/2024,03:00,CVC_CVC_G2, 19.84,N
01/21/2024,03:00,CVC_CVC_G3, 19.84,N
01/21/2024,03:00,DAG_ALL, 20.14,N
01/21/2024,03:00,DANSBY_ALL, 19.68,N
01/21/2024,03:00,DAN_ALL, 20.04,N
01/21/2024,03:00,DA_BESS, 20.02,N
01/21/2024,03:00,DC2SES_ALL, 19.16,N
01/21/2024,03:00,DC_E, 19.09,N
01/21/2024,03:00,DC_L, 20.65,N
01/21/2024,03:00,DC_N, 18.25,N
01/21/2024,03:00,DC_R, 13.91,N
01/21/2024,03:00,DDPEC_CC1, 19.87,N
01/21/2024,03:00,DDPEC_GT1, 19.87,N
01/21/2024,03:00,DDPEC_GT2, 19.87,N
01/21/2024,03:00,DDPEC_GT3, 19.87,N
01/21/2024,03:00,DDPEC_GT4, 19.87,N
01/21/2024,03:00,DDPEC_GT6, 19.87,N
01/21/2024,03:00,DDPEC_ST1, 19.87,N
01/21/2024,03:00,DECKER_DPG2, 20.23,N
01/21/2024,03:00,DECKER_GT, 20.23,N
01/21/2024,03:00,DENISON_G1_2, 19.06,N
01/21/2024,03:00,DERMOTT_ALL, 18.43,N
01/21/2024,03:00,DIBOL_RN, 19.27,N
01/21/2024,03:00,DIB_CC1, 19.87,N
01/21/2024,03:00,DIB_DIB_G1, 19.87,N
01/21/2024,03:00,DIB_DIB_G2, 19.87,N
01/21/2024,03:00,DIB_DIB_G3, 19.87,N
01/21/2024,03:00,DIB_DIB_G4, 19.87,N
01/21/2024,03:00,DIB_PUN1, 19.87,N
01/21/2024,03:00,DIB_PUN2, 19.87,N
01/21/2024,03:00,DILEOS_UNIT1, 19.49,N
01/21/2024,03:00,DKNS_ESS_RN, 17.45,N
01/21/2024,03:00,DOWGEN_PUN1, 19.99,N
01/21/2024,03:00,DOWGEN_PUN2, 19.99,N
01/21/2024,03:00,DOWGEN_PUN3, 19.99,N
01/21/2024,03:00,DOW_61_2_63, 19.99,N
01/21/2024,03:00,DOW_64, 19.99,N
01/21/2024,03:00,DOW_81_2_84, 19.99,N
01/21/2024,03:00,DOW_G37_G35, 19.99,N
01/21/2024,03:00,DOW_G66_ST65, 19.99,N
01/21/2024,03:00,DOW_G67, 19.99,N
01/21/2024,03:00,DOW_G96_ST95, 19.99,N
01/21/2024,03:00,DUKE_CC1, 13.91,N
01/21/2024,03:00,DUKE_GST1CCU, 13.91,N
01/21/2024,03:00,DUKE_GT2_CCU, 13.91,N
01/21/2024,03:00,DUP_PUN1, 20.37,N
01/21/2024,03:00,DUP_PUN2, 20.37,N
01/21/2024,03:00,DUP_PUN3, 20.37,N
01/21/2024,03:00,DUP_PUN4, 20.37,N
01/21/2024,03:00,EBELLS_UNIT1, 19.74,N
01/21/2024,03:00,EBNY_ESS_RN, 20.59,N
01/21/2024,03:00,ECLIPSE_UN1, 29.1,N
01/21/2024,03:00,EIFSLR_UNIT1, 19.08,N
01/21/2024,03:00,ELB_ELBCREEK, 28.34,N
01/21/2024,03:00,ELECTRAW_1_2, 18.24,N
01/21/2024,03:00,ELSAUZ_ALL, 20.52,N
01/21/2024,03:00,ELSA_ESR_RN, 13.9,N
01/21/2024,03:00,ELS_RN_1, 19.18,N
01/21/2024,03:00,EL_RAYO_ALL, 13.89,N
01/21/2024,03:00,ENDPARK_ESS1, 19.27,N
01/21/2024,03:00,ERSL_RN, 22.11,N
01/21/2024,03:00,ESTONIAN_ALL, 19.09,N
01/21/2024,03:00,ETCCS_CC1, 19.21,N
01/21/2024,03:00,ETCCS_CCU, 19.21,N
01/21/2024,03:00,EUNICE_ALL, 29.23,N
01/21/2024,03:00,EXGNSND_RN, 20.7,N
01/21/2024,03:00,EXGNWTL_1, 20.61,N
01/21/2024,03:00,EXN_14, 19.86,N
01/21/2024,03:00,EXN_1_3, 19.86,N
01/21/2024,03:00,EXN_4, 19.86,N
01/21/2024,03:00,EXN_8, 19.86,N
01/21/2024,03:00,EXN_9_13, 19.86,N
01/21/2024,03:00,EXN_PUN1, 19.86,N
01/21/2024,03:00,EXN_PUN2, 19.86,N
01/21/2024,03:00,EXN_PUN3, 19.86,N
01/21/2024,03:00,E_BLACK_RN, 20.16,N
01/21/2024,03:00,FALFUR_RN, 20.54,N
01/21/2024,03:00,FAL_FALCONG1, 20.62,N
01/21/2024,03:00,FAL_FALCONG2, 20.62,N
01/21/2024,03:00,FAL_FALCONG3, 20.62,N
01/21/2024,03:00,FAULKNER_RN, 28.68,N
01/21/2024,03:00,FEGC_RN, 19.91,N
01/21/2024,03:00,FENCESLR_ALL, 19.28,N
01/21/2024,03:00,FERGCC_CC1, 20.62,N
01/21/2024,03:00,FERGCC_GT1_1, 20.62,N
01/21/2024,03:00,FERGCC_GT2_3, 20.62,N
01/21/2024,03:00,FERGCC_ST1_5, 20.62,N
01/21/2024,03:00,FERMI_ALL, 29.33,N
01/21/2024,03:00,FILESSLR_PV1, 19.26,N
01/21/2024,03:00,FIVEWSLR_ALL, 19.85,N
01/21/2024,03:00,FLCNS_CC1, 29.65,N
01/21/2024,03:00,FLCNS_UNIT1, 29.65,N
01/21/2024,03:00,FLCNS_UNIT2, 29.65,N
01/21/2024,03:00,FLCNS_UNIT3, 29.65,N
01/21/2024,03:00,FLOWERII_RN, 28.69,N
01/21/2024,03:00,FLTBES1, 28.69,N
01/21/2024,03:00,FLTCK_SSI, 19.29,N
01/21/2024,03:00,FLUVANNA_1_2, 19.27,N
01/21/2024,03:00,FLVABES1_ESR, 28.69,N
01/21/2024,03:00,FOARDCTY_ALL, 18.02,N
01/21/2024,03:00,FORMOSA_CC1, 20.27,N
01/21/2024,03:00,FORMOSA_CC2, 20.27,N
01/21/2024,03:00,FORMOSA_PUN1, 20.27,N
01/21/2024,03:00,FORMOSA_PUN2, 20.27,N
01/21/2024,03:00,FOXTROT_ALL, 20.52,N
01/21/2024,03:00,FO_FORMOSA11, 20.27,N
01/21/2024,03:00,FO_FORMOSA12, 20.27,N
01/21/2024,03:00,FO_FORMOSG1, 20.27,N
01/21/2024,03:00,FO_FORMOSG10, 20.27,N
01/21/2024,03:00,FO_FORMOSG13, 20.27,N
01/21/2024,03:00,FO_FORMOSG14, 20.27,N
01/21/2024,03:00,FO_FORMOSG15, 20.27,N
01/21/2024,03:00,FO_FORMOSG2, 20.27,N
01/21/2024,03:00,FO_FORMOSG3, 20.27,N
01/21/2024,03:00,FO_FORMOSG4, 20.27,N
01/21/2024,03:00,FO_FORMOSG5, 20.27,N
01/21/2024,03:00,FO_FORMOSG6, 20.27,N
01/21/2024,03:00,FO_FORMOSG7, 20.27,N
01/21/2024,03:00,FO_FORMOSG8, 20.27,N
01/21/2024,03:00,FO_FORMOSG9, 20.27,N
01/21/2024,03:00,FPPYD_FPP_G1, 20.21,N
01/21/2024,03:00,FPPYD_FPP_G2, 20.21,N
01/21/2024,03:00,FPPYD_FPP_G3, 20.21,N
01/21/2024,03:00,FREC_1_CCU, 19.33,N
01/21/2024,03:00,FREC_2_CCU, 19.33,N
01/21/2024,03:00,FREC_CC1, 19.33,N
01/21/2024,03:00,FREC_CC2, 19.33,N
01/21/2024,03:00,FRMRSVLW_RN, 19.1,N
01/21/2024,03:00,FRNYPP_1_CCU, 19.15,N
01/21/2024,03:00,FRNYPP_2_CCU, 19.15,N
01/21/2024,03:00,FRNYPP_CC1, 19.15,N
01/21/2024,03:00,FRNYPP_CC2, 19.15,N
01/21/2024,03:00,FRONT_EC_CC1, 13.92,N
01/21/2024,03:00,FRONT_EC_RN1, 13.92,N
01/21/2024,03:00,FRONT_EC_RN2, 13.92,N
01/21/2024,03:00,FRONT_EC_RN3, 13.92,N
01/21/2024,03:00,FRYE_SLR_ALL, 15.14,N
01/21/2024,03:00,FTR_CC1, 19.7,N
01/21/2024,03:00,FTR_FTR_G1_4, 19.7,N
01/21/2024,03:00,FTWIND_UNIT1, 19.87,N
01/21/2024,03:00,FWLR_SLR_1, 29.09,N
01/21/2024,03:00,GALO_RN1, 21.37,N
01/21/2024,03:00,GAMBIT_RN, 20.05,N
01/21/2024,03:00,GARC_BESS_RN, 13.96,N
01/21/2024,03:00,GBY_GT, 19.85,N
01/21/2024,03:00,GID_GIDEONG1, 20.22,N
01/21/2024,03:00,GID_GIDEONG2, 20.22,N
01/21/2024,03:00,GID_GIDEONG3, 20.22,N
01/21/2024,03:00,GIGA_ESS_RN, 20.25,N
01/21/2024,03:00,GOA_GOATWIND, 25.95,N
01/21/2024,03:00,GOLINDA_UN1, 19.66,N
01/21/2024,03:00,GOMZ_RN, 28.77,N
01/21/2024,03:00,GOODNIT1_ALL, 15.32,N
01/21/2024,03:00,GPASTURE_ALL, 18.4,N
01/21/2024,03:00,GRANDVW1_A_B, 15.33,N
01/21/2024,03:00,GRDNE_ESR_RN, 26.97,N
01/21/2024,03:00,GREASWOD_ALL, 28.32,N
01/21/2024,03:00,GRIF_TRL_RN, 18.17,N
01/21/2024,03:00,GRSES_UNIT1, 18.8,N
01/21/2024,03:00,GRSES_UNIT2, 18.62,N
01/21/2024,03:00,GUADG_CC1, 20.5,N
01/21/2024,03:00,GUADG_CC2, 20.5,N
01/21/2024,03:00,GUADG_CCU1, 20.5,N
01/21/2024,03:00,GUADG_CCU2, 20.5,N
01/21/2024,03:00,GUNMTN_NODE, 23.85,N
01/21/2024,03:00,GWEC_G1, 19.91,N
01/21/2024,03:00,HALO_RN1, 19.81,N
01/21/2024,03:00,HAMI_BESS_RN, 29.17,N
01/21/2024,03:00,HAYSEN1_2, 20.49,N
01/21/2024,03:00,HAYSEN3_4, 20.49,N
01/21/2024,03:00,HB_BUSAVG, 19.85,N
01/21/2024,03:00,HB_HOUSTON, 19.86,N
01/21/2024,03:00,HB_HUBAVG, 20.39,N
01/21/2024,03:00,HB_NORTH, 19.22,N
01/21/2024,03:00,HB_PAN, 15.53,N
01/21/2024,03:00,HB_SOUTH, 19.8,N
01/21/2024,03:00,HB_WEST, 22.69,N
01/21/2024,03:00,HELIOS_RN, 32.08,N
01/21/2024,03:00,HHGT_KENDAL, 21.38,N
01/21/2024,03:00,HHOLLW2_WND1, 19.41,N
01/21/2024,03:00,HHOLLW3_WND1, 19.41,N
01/21/2024,03:00,HHOLLW4_WND1, 19.41,N
01/21/2024,03:00,HICK_G1_G2, 23.96,N
01/21/2024,03:00,HI_LONEB_RN1, 24.77,N
01/21/2024,03:00,HI_LONE_ALL, 24.77,N
01/21/2024,03:00,HLSES_UNIT3, 19.11,N
01/21/2024,03:00,HLSES_UNIT4, 19.11,N
01/21/2024,03:00,HLSES_UNIT5, 19.11,N
01/21/2024,03:00,HMNG_ESS_RN, 18.89,N
01/21/2024,03:00,HOLCOMB_RN1, 21.27,N
01/21/2024,03:00,HOLSTEIN_ALL, 19.1,N
01/21/2024,03:00,HOL_ALL, 20.02,N
01/21/2024,03:00,HOPKNSLR_ALL, 19.1,N
01/21/2024,03:00,HORSCR_RN, 29.17,N
01/21/2024,03:00,HORSECRK_RN, 18.28,N
01/21/2024,03:00,HOUSEMTN_RN, 38,N
01/21/2024,03:00,HOVEY_GEN, 28.56,N
01/21/2024,03:00,HRBESS_BESS, 28.91,N
01/21/2024,03:00,HRFDWIND_ALL, 14.94,N
01/21/2024,03:00,HRZN_SLR_UN1, 20.77,N
01/21/2024,03:00,HWF_HWFG1, 18.62,N
01/21/2024,03:00,HYDR_ESS_RN, 27.97,N
01/21/2024,03:00,H_HOLLO_WND1, 19.41,N
01/21/2024,03:00,IMP_RN1, 19.08,N
01/21/2024,03:00,INDNENR_1_RN, 29.69,N
01/21/2024,03:00,INDNENR_2_RN, 29.44,N
01/21/2024,03:00,INDNNWP_RN, 29.54,N
01/21/2024,03:00,IND_INADALE1, 16.73,N
01/21/2024,03:00,INGLCOSW_CC1, 20.44,N
01/21/2024,03:00,INGLCOSW_STG, 20.44,N
01/21/2024,03:00,INGLCOS_CTG1, 20.44,N
01/21/2024,03:00,INGLCOS_CTG2, 20.44,N
01/21/2024,03:00,INGLCO_PUN1, 20.44,N
01/21/2024,03:00,INGLCO_PUN2, 20.44,N
01/21/2024,03:00,INGLCO_PUN3, 20.44,N
01/21/2024,03:00,INKS_INKS_G1, 30.62,N
01/21/2024,03:00,INRT_W_ALL, 18.35,N
01/21/2024,03:00,JACKCNTY_CC1, 18.98,N
01/21/2024,03:00,JACKCNTY_CT1, 18.98,N
01/21/2024,03:00,JACKCNTY_CT2, 18.98,N
01/21/2024,03:00,JACKCNTY_STG, 18.98,N
01/21/2024,03:00,JADE_SLR_ALL, 18.39,N
01/21/2024,03:00,JAY_RN_1, 19.95,N
01/21/2024,03:00,JCKCNTY2_CC1, 18.82,N
01/21/2024,03:00,JCKCNTY2_CT3, 18.82,N
01/21/2024,03:00,JCKCNTY2_CT4, 18.82,N
01/21/2024,03:00,JCKCNTY2_ST2, 18.82,N
01/21/2024,03:00,JC_BAT_RN, 20.67,N
01/21/2024,03:00,JDKNS_RN, 28.72,N
01/21/2024,03:00,JUNCTION_RN, 22.51,N
01/21/2024,03:00,JUNO_ALL, 22.67,N
01/21/2024,03:00,KARAKAW1_1, 20.49,N
01/21/2024,03:00,KARAKAW2_1, 20.49,N
01/21/2024,03:00,KEECHI_U1, 18.98,N
01/21/2024,03:00,KELAMSL_U1, 19.26,N
01/21/2024,03:00,KEO_KEO_SM1, 29.17,N
01/21/2024,03:00,KINGE_ALL, 29.18,N
01/21/2024,03:00,KINGW_ALL, 29.12,N
01/21/2024,03:00,KMCHI_CC1, 19.07,N
01/21/2024,03:00,KMCHI_CC2, 19.07,N
01/21/2024,03:00,LACY_CRK_ALL, 26.76,N
01/21/2024,03:00,LAMESASLR_G, 22.12,N
01/21/2024,03:00,LAPETUS_U1, 29.29,N
01/21/2024,03:00,LARDVFTN_G4, 20.65,N
01/21/2024,03:00,LARDVFTN_G5, 20.65,N
01/21/2024,03:00,LASSO_GEN, 38,N
01/21/2024,03:00,LBRA_BES1, 20.5,N
01/21/2024,03:00,LEG_LEG_G1, 19.52,N
01/21/2024,03:00,LEG_LEG_G2, 19.52,N
01/21/2024,03:00,LEONLCPCT1_2, 20.57,N
01/21/2024,03:00,LEONLCPCT3_4, 20.57,N
01/21/2024,03:00,LFSTH_RN, 19.27,N
01/21/2024,03:00,LGDRAW_S_ALL, 22.67,N
01/21/2024,03:00,LGD_LANGFORD, 24.67,N
01/21/2024,03:00,LGE_CC1, 20.44,N
01/21/2024,03:00,LGE_LGE_GT1, 20.44,N
01/21/2024,03:00,LGE_LGE_GT2, 20.44,N
01/21/2024,03:00,LGE_LGE_STG, 20.44,N
01/21/2024,03:00,LGE_PUN1, 20.44,N
01/21/2024,03:00,LGE_PUN2, 20.44,N
01/21/2024,03:00,LGW_UNIT_ALL, 19.74,N
01/21/2024,03:00,LHM_CVC_G4, 19.85,N
01/21/2024,03:00,LHM_PUN1, 19.85,N
01/21/2024,03:00,LHM_PUN2, 19.85,N
01/21/2024,03:00,LHORN_N_U1_2, 15.27,N
01/21/2024,03:00,LHSES_UNIT1, 19.14,N
01/21/2024,03:00,LHSES_UNIT2, 19.14,N
01/21/2024,03:00,LIG_RN, 19.85,N
01/21/2024,03:00,LILY_RN, 19.18,N
01/21/2024,03:00,LMAJADAS_ALL, 13.88,N
01/21/2024,03:00,LMO_ESR_RN, 19.69,N
01/21/2024,03:00,LNCRK_ALL, 18.62,N
01/21/2024,03:00,LONESTAR_RN, 28.73,N
01/21/2024,03:00,LONEWOLF_ALL, 18.96,N
01/21/2024,03:00,LON_RN1, 19.98,N
01/21/2024,03:00,LOSTPI_CC1, 20.21,N
01/21/2024,03:00,LOS_LOSTPGT1, 20.21,N
01/21/2024,03:00,LOS_LOSTPGT2, 20.21,N
01/21/2024,03:00,LOS_LOSTPST1, 20.21,N
01/21/2024,03:00,LPCCS_CC1, 19.08,N
01/21/2024,03:00,LPCCS_CC2, 19.08,N
01/21/2024,03:00,LPCCS_CT11, 19.08,N
01/21/2024,03:00,LPCCS_CT12, 19.08,N
01/21/2024,03:00,LPCCS_CT21, 19.08,N
01/21/2024,03:00,LPCCS_CT22, 19.08,N
01/21/2024,03:00,LPCCS_UNIT1, 19.08,N
01/21/2024,03:00,LPCCS_UNIT2, 19.08,N
01/21/2024,03:00,LV1A_LV1B, 13.89,N
01/21/2024,03:00,LV3_RN, 20.54,N
01/21/2024,03:00,LV3_UNIT1, 20.55,N
01/21/2024,03:00,LV4_UNIT_1, 20.55,N
01/21/2024,03:00,LV5_UNIT1, 13.94,N
01/21/2024,03:00,LZ_AEN, 20.23,N
01/21/2024,03:00,LZ_CPS, 20.61,N
01/21/2024,03:00,LZ_HOUSTON, 19.89,N
01/21/2024,03:00,LZ_LCRA, 20.53,N
01/21/2024,03:00,LZ_NORTH, 19.2,N
01/21/2024,03:00,LZ_RAYBN, 19.13,N
01/21/2024,03:00,LZ_SOUTH, 19.76,N
01/21/2024,03:00,LZ_WEST, 27.13,N
01/21/2024,03:00,L_FRE_ESR_RN, 13.89,N
01/21/2024,03:00,MADERO_RN, 13.91,N
01/21/2024,03:00,MAINLAND_RN, 19.91,N
01/21/2024,03:00,MARBFA, 20.62,N
01/21/2024,03:00,MARIAH_ALL, 14.94,N
01/21/2024,03:00,MAR_MARSFOG1, 20.23,N
01/21/2024,03:00,MAR_MARSFOG2, 20.23,N
01/21/2024,03:00,MAR_MARSFOG3, 20.23,N
01/21/2024,03:00,MASSENGL_CC1, 11.51,N
01/21/2024,03:00,MASSENGL_G6, 16.65,N
01/21/2024,03:00,MASSENGL_G7, 16.65,N
01/21/2024,03:00,MASSENGL_G8, 6.65,N
01/21/2024,03:00,MAVCRK_W_ALL, 21.37,N
01/21/2024,03:00,MCDLD_FCSBW1, 26.2,N
01/21/2024,03:00,MCLNSLR_RN, 26.07,N
01/21/2024,03:00,MCSES_UNIT6, 19.15,N
01/21/2024,03:00,MCSES_UNIT7, 19.15,N
01/21/2024,03:00,MCSES_UNIT8, 19.15,N
01/21/2024,03:00,MDANP_CT1_2, 19.19,N
01/21/2024,03:00,MDANP_CT3_4, 19.18,N
01/21/2024,03:00,MDANP_CT5_6, 19.19,N
01/21/2024,03:00,MERCURY_ALL, 19.32,N
01/21/2024,03:00,MESQCRK_ALL, 22.67,N
01/21/2024,03:00,MESTENO_RN, 20.55,N
01/21/2024,03:00,MGSES_CT123, 27.43,N
01/21/2024,03:00,MGSES_CT456, 27.43,N
01/21/2024,03:00,MIAM1_G1_G2, 15.54,N
01/21/2024,03:00,MIDWY_RN, 28.85,N
01/21/2024,03:00,MIL_MILG1_2, 19.12,N
01/21/2024,03:00,MIL_MILG345, 19.12,N
01/21/2024,03:00,MIRAGE_G1, 19.88,N
01/21/2024,03:00,MIRASOLE_GEN, 20.54,N
01/21/2024,03:00,MISAE_GEN_RN, 16.09,N
01/21/2024,03:00,MLSES_UNIT1, 19.23,N
01/21/2024,03:00,MLSES_UNIT2, 19.23,N
01/21/2024,03:00,MLSES_UNIT3, 19.23,N
01/21/2024,03:00,MNWL_BESS_RN, 19.06,N
01/21/2024,03:00,MOZART_WIND1, 21.32,N
01/21/2024,03:00,MUSTNGCK_ALL, 20.46,N
01/21/2024,03:00,MV_VALV4_RN, 13.9,N
01/21/2024,03:00,MWEC_G1, 20.97,N
01/21/2024,03:00,MYRY_ESR_RN, 13.91,N
01/21/2024,03:00,MYR_ALL, 20,N
01/21/2024,03:00,NACPW_UNIT1, 19.26,N
01/21/2024,03:00,NBOHR_RN, 27,N
01/21/2024,03:00,NCARBIDEG8, 20.34,N
01/21/2024,03:00,NCARBIDE_1_7, 20.34,N
01/21/2024,03:00,NCARBID_PUN1, 20.34,N
01/21/2024,03:00,NCARBID_PUN2, 20.34,N
01/21/2024,03:00,NCO_RN, 20.06,N
01/21/2024,03:00,NEBULA_RN, 13.89,N
01/21/2024,03:00,NEDIN_CC1, 13.88,N
01/21/2024,03:00,NED_NEDIN_G1, 13.91,N
01/21/2024,03:00,NED_NEDIN_G2, 13.91,N
01/21/2024,03:00,NED_NEDIN_G3, 13.82,N
01/21/2024,03:00,NF_BRP_RN, 20.22,N
01/21/2024,03:00,NOBLESLR_ALL, 18.89,N
01/21/2024,03:00,NOVA1SLR_ALL, 17.97,N
01/21/2024,03:00,NOVA2S_UNIT1, 17.97,N
01/21/2024,03:00,NUECES_B_CC1, 20.46,N
01/21/2024,03:00,NUE_NUECESG7, 20.46,N
01/21/2024,03:00,NUE_NUECESG8, 20.46,N
01/21/2024,03:00,NUE_NUECESG9, 20.46,N
01/21/2024,03:00,NWF_NWF1, 29.08,N
01/21/2024,03:00,N_AL_BESS_RN, 13.9,N
01/21/2024,03:00,N_MRD_ESR_RN, 13.9,N
01/21/2024,03:00,OBERON_U1, 28.84,N
01/21/2024,03:00,ODESW_RN, 28.8,N
01/21/2024,03:00,OECCS_1, 28.62,N
01/21/2024,03:00,OECCS_2, 28.62,N
01/21/2024,03:00,OECCS_CC1, 28.62,N
01/21/2024,03:00,OECCS_CC2, 28.62,N
01/21/2024,03:00,OGSES_1, 19.62,N
01/21/2024,03:00,OGSES_2, 19.62,N
01/21/2024,03:00,OLIN_OLING_1, 19.12,N
01/21/2024,03:00,OLIN_OLING_2, 19.12,N
01/21/2024,03:00,OLIN_OLING_3, 19.12,N
01/21/2024,03:00,OLIN_OLING_4, 19.12,N
01/21/2024,03:00,OLNEYTN_RN, 18.74,N
01/21/2024,03:00,OR_BESS_RN, 19.97,N
01/21/2024,03:00,OWF_OWF, 26.63,N
01/21/2024,03:00,OXY_OXY_CCG1, 20.46,N
01/21/2024,03:00,OXY_PUN1, 20.46,N
01/21/2024,03:00,OXY_PUN2, 20.46,N
01/21/2024,03:00,PALE_ESS_EN, 15.44,N
01/21/2024,03:00,PALMWI_UNIT1, 13.89,N
01/21/2024,03:00,PANDA_S_CC1, 19.06,N
01/21/2024,03:00,PANDA_S_CT1, 19.06,N
01/21/2024,03:00,PANDA_S_CT2, 19.06,N
01/21/2024,03:00,PANDA_S_ST1, 19.06,N
01/21/2024,03:00,PANDA_T1_CC1, 19.86,N
01/21/2024,03:00,PANDA_T1_CT1, 19.86,N
01/21/2024,03:00,PANDA_T1_CT2, 19.86,N
01/21/2024,03:00,PANDA_T1_ST1, 19.86,N
01/21/2024,03:00,PANDA_T2_CC1, 19.86,N
01/21/2024,03:00,PANDA_T2_CT1, 19.86,N
01/21/2024,03:00,PANDA_T2_CT2, 19.86,N
01/21/2024,03:00,PANDA_T2_ST1, 19.86,N
01/21/2024,03:00,PAP1_PAP1, 20.45,N
01/21/2024,03:00,PAULN_RN, 19.25,N
01/21/2024,03:00,PAVLOV_BT_RN, 21.61,N
01/21/2024,03:00,PAVO_ESS_ALL, 29.17,N
01/21/2024,03:00,PB2SES_CT1, 28.76,N
01/21/2024,03:00,PB2SES_CT2, 28.76,N
01/21/2024,03:00,PB2SES_CT3, 28.76,N
01/21/2024,03:00,PB2SES_CT4, 28.76,N
01/21/2024,03:00,PB2SES_CT5, 28.76,N
01/21/2024,03:00,PC_NORTH_1, 28.34,N
01/21/2024,03:00,PC_SOUTH_ALL, 28.34,N
01/21/2024,03:00,PEARSA_1_24, 20.77,N
01/21/2024,03:00,PENA_ALL, 20.49,N
01/21/2024,03:00,PES1_RN, 19.91,N
01/21/2024,03:00,PEY_RN, 20.05,N
01/21/2024,03:00,PH1_UNIT1_2, 15.44,N
01/21/2024,03:00,PH2_U1_U2, 15.44,N
01/21/2024,03:00,PHILLWND_ALL, 19.54,N
01/21/2024,03:00,PHOEBE_ALL, 28.84,N
01/21/2024,03:00,PHOENIX_RN, 19.08,N
01/21/2024,03:00,PHO_ALL, 20,N
01/21/2024,03:00,PIONR_DJ_RN, 28.44,N
01/21/2024,03:00,PISG_RN_ALL, 19.32,N
01/21/2024,03:00,PITSDD_UNIT1, 19.34,N
01/21/2024,03:00,PLN_ALL, 20.04,N
01/21/2024,03:00,PNPI_GT2_RN, 19.94,N
01/21/2024,03:00,PORTSL_UNIT1, 18.88,N
01/21/2024,03:00,POTSVIL_RN, 19.59,N
01/21/2024,03:00,PRID_RN, 20.27,N
01/21/2024,03:00,PROSPERO_ALL, 29.2,N
01/21/2024,03:00,PRO_RN, 19.91,N
01/21/2024,03:00,PRSPERO2_ALL, 29.2,N
01/21/2024,03:00,PR_PR_ALL, 19.86,N
01/21/2024,03:00,PR_PR_G2, 19.86,N
01/21/2024,03:00,PSA_CC1, 19.85,N
01/21/2024,03:00,PSA_PSA_G1, 19.85,N
01/21/2024,03:00,PSA_PSA_G2, 19.85,N
01/21/2024,03:00,PSA_PSA_G3, 19.85,N
01/21/2024,03:00,PSA_PSA_G4, 19.85,N
01/21/2024,03:00,PSA_PSA_G5, 19.85,N
01/21/2024,03:00,PSA_PSA_G6, 19.85,N
01/21/2024,03:00,PSA_PSA_G7, 19.85,N
01/21/2024,03:00,PSA_PUN1, 19.85,N
01/21/2024,03:00,PSA_PUN2, 19.85,N
01/21/2024,03:00,PSA_PUN3, 19.85,N
01/21/2024,03:00,PSA_PUN4, 19.85,N
01/21/2024,03:00,PSA_PUN5, 19.85,N
01/21/2024,03:00,PSG_CC1, 19.86,N
01/21/2024,03:00,PSG_PSG_GT2, 19.86,N
01/21/2024,03:00,PSG_PSG_GT3, 19.86,N
01/21/2024,03:00,PSG_PSG_ST1, 19.86,N
01/21/2024,03:00,PTLBES_BESS1, 20.33,N
01/21/2024,03:00,PYR_PYRON1, 16.73,N
01/21/2024,03:00,QALSW_ALL, 28.63,N
01/21/2024,03:00,QALSW_CC1, 28.63,N
01/21/2024,03:00,QALSW_CC2, 28.63,N
01/21/2024,03:00,QUEEN_BA_RN, 28.64,N
01/21/2024,03:00,QUEEN_SL_RN, 28.64,N
01/21/2024,03:00,RAB_G1-8, 19.92,N
01/21/2024,03:00,RADN_SLR_ALL, 20.4,N
01/21/2024,03:00,RAMBLER_UNIT, 22.89,N
01/21/2024,03:00,RANCHERO_ALL, 24.22,N
01/21/2024,03:00,RAT_RN_1, 22.52,N
01/21/2024,03:00,RAYBURN_CC1, 20.39,N
01/21/2024,03:00,RAYB_G78910, 20.39,N
01/21/2024,03:00,RBN_BESS1, 19.94,N
01/21/2024,03:00,RDCAN_RDCNY1, 21.83,N
01/21/2024,03:00,REDBARN_RN, 28.22,N
01/21/2024,03:00,REDFISH_ALL, 13.88,N
01/21/2024,03:00,REDGATE_ALL, 13.91,N
01/21/2024,03:00,REDGATE_RN, 13.91,N
01/21/2024,03:00,RELOJ_ALL, 20.58,N
01/21/2024,03:00,REROCK_ALL, 28.56,N
01/21/2024,03:00,RHESS2_ESS1, 20.15,N
01/21/2024,03:00,RIGGIN_UNIT1, 28.93,N
01/21/2024,03:00,RIOG_ESR_RN, 13.96,N
01/21/2024,03:00,RIONOG_CC1, 20.47,N
01/21/2024,03:00,RIONOG_CT1, 20.47,N
01/21/2024,03:00,RIONOG_CT2, 20.47,N
01/21/2024,03:00,RIONOG_CT3, 20.47,N
01/21/2024,03:00,RIONOG_ST1, 20.47,N
01/21/2024,03:00,RIPPEY_ALL, 19,N
01/21/2024,03:00,RN_APOGEE, 18.52,N
01/21/2024,03:00,RN_BYU_G8, 19.88,N
01/21/2024,03:00,RN_DEC_AGR_A, 18.98,N
01/21/2024,03:00,RN_DEC_AGR_B, 18.98,N
01/21/2024,03:00,RN_DEC_AGR_C, 18.98,N
01/21/2024,03:00,RN_DEC_AGR_D, 18.98,N
01/21/2024,03:00,RN_ECEC_HOLT, 29.02,N
01/21/2024,03:00,RN_OCI_ALAMO, 20.6,N
01/21/2024,03:00,RN_RTS1, 20.91,N
01/21/2024,03:00,RN_SR_WIND1, 13.89,N
01/21/2024,03:00,RN_TOSBATT, 26.24,N
01/21/2024,03:00,ROSELAND_ALL, 19.54,N
01/21/2024,03:00,ROUTE66_RN, 15.33,N
01/21/2024,03:00,ROW_ALL, 19.94,N
01/21/2024,03:00,RPUBRDS_RN, 19.71,N
01/21/2024,03:00,RRANCHES_ALL, 28.7,N
01/21/2024,03:00,RRC_WIND_ALL, 18.86,N
01/21/2024,03:00,RSK_RN, 27,N
01/21/2024,03:00,RTLSNAKE_BT, 28.7,N
01/21/2024,03:00,RUSSEKST_RN, 40.21,N
01/21/2024,03:00,RVRVLYS_ALL, 20.13,N
01/21/2024,03:00,SADLBACK_RN, 28.68,N
01/21/2024,03:00,SALVTION_GEN, 18.28,N
01/21/2024,03:00,SAMSON_ALL, 19.1,N
01/21/2024,03:00,SANDHSYD1_2, 20.24,N
01/21/2024,03:00,SANDHSYD3_4, 20.24,N
01/21/2024,03:00,SANDHSYD6_7, 20.24,N
01/21/2024,03:00,SANDHSYD_5AC, 20.24,N
01/21/2024,03:00,SANDHSYD_CC1, 20.24,N
01/21/2024,03:00,SANTACRU_ALL, 20.47,N
01/21/2024,03:00,SAN_SANMIGG1, 20.55,N
01/21/2024,03:00,SBEAN_BESS, 28.69,N
01/21/2024,03:00,SBE_RN_1, 20,N
01/21/2024,03:00,SC2SES_UNIT1, 19.26,N
01/21/2024,03:00,SCES_UNIT1, 19.55,N
01/21/2024,03:00,SCLP_PUN1, 20.06,N
01/21/2024,03:00,SCLP_PUN2, 20.06,N
01/21/2024,03:00,SCLP_PUN3, 20.06,N
01/21/2024,03:00,SCLP_PUN4, 20.06,N
01/21/2024,03:00,SCLP_SCLPC_1, 20.06,N
01/21/2024,03:00,SCLP_SCLPC_2, 20.06,N
01/21/2024,03:00,SCLP_SCLPC_3, 20.06,N
01/21/2024,03:00,SCLP_SCLPC_4, 20.06,N
01/21/2024,03:00,SCSES_UNIT2, 19.26,N
01/21/2024,03:00,SDSES_PUN1, 20.01,N
01/21/2024,03:00,SDSES_PUN3, 20.01,N
01/21/2024,03:00,SENATEWD_1, 18.69,N
01/21/2024,03:00,SGM_SIGNALMT, 35.02,N
01/21/2024,03:00,SGSA_DGR, 28.56,N
01/21/2024,03:00,SG_BES_BESS1, 28.93,N
01/21/2024,03:00,SHAFFER_ALL, 20.47,N
01/21/2024,03:00,SHAMROCK_RN, 24.08,N
01/21/2024,03:00,SHANNONW_RN, 18.61,N
01/21/2024,03:00,SHEEPCRK_1, 18.86,N
01/21/2024,03:00,SILASRAY_CC1, 13.89,N
01/21/2024,03:00,SIL_SILAS_10, 13.89,N
01/21/2024,03:00,SIL_SILAS_6, 13.89,N
01/21/2024,03:00,SIL_SILAS_9, 13.89,N
01/21/2024,03:00,SIRIUS_UNIT1, 29.4,N
01/21/2024,03:00,SJS_SJS_G1, 19.87,N
01/21/2024,03:00,SJS_SJS_G2, 19.87,N
01/21/2024,03:00,SKY1, 20.23,N
01/21/2024,03:00,SLCN_ESS_ALL, 20.19,N
01/21/2024,03:00,SLTFRK_UN1_2, 15.54,N
01/21/2024,03:00,SL_PUN1, 19.86,N
01/21/2024,03:00,SL_PUN2, 19.86,N
01/21/2024,03:00,SNY_BESS_RN, 23.05,N
01/21/2024,03:00,SOLARA_UNIT1, 19.99,N
01/21/2024,03:00,SPARTA_ALL, 20.52,N
01/21/2024,03:00,SPLAIN1_RN, 15.23,N
01/21/2024,03:00,SPLAIN2_RN, 15.23,N
01/21/2024,03:00,SPNC_SPNCE_4, 19,N
01/21/2024,03:00,SPNC_SPNCE_5, 19,N
01/21/2024,03:00,SPTX12B_RN, 29.11,N
01/21/2024,03:00,SROSA_ESR_RN, 13.89,N
01/21/2024,03:00,SRWE1_UNIT1, 22.67,N
01/21/2024,03:00,SSPURT_WIND1, 15.14,N
01/21/2024,03:00,STAM_SLR_ALL, 19.1,N
01/21/2024,03:00,STEAM_ENG123, 19.12,N
01/21/2024,03:00,STEA_STEAM_1, 19.12,N
01/21/2024,03:00,STEA_STEAM_2, 19.12,N
01/21/2024,03:00,STEA_STEAM_3, 19.12,N
01/21/2024,03:00,STELLA_RN, 20.49,N
01/21/2024,03:00,STP_STP_G1, 20.07,N
01/21/2024,03:00,STP_STP_G2, 20.07,N
01/21/2024,03:00,STRATEGC_RN, 19.24,N
01/21/2024,03:00,STWF_T1, 22.76,N
01/21/2024,03:00,SUNVASLR_ALL, 19.35,N
01/21/2024,03:00,SWEC_G1, 35,N
01/21/2024,03:00,SWEETWN2_2_4, 18.32,N
01/21/2024,03:00,SWEETWN3_3, 18.32,N
01/21/2024,03:00,SWEETWND_1, 18.32,N
01/21/2024,03:00,SWOOSE1_U1, 28.73,N
01/21/2024,03:00,SWOOSEII_RN, 28.73,N
01/21/2024,03:00,SWTWN4_WND45, 18.32,N
01/21/2024,03:00,SWT_BESS_RN, 23.5,N
01/21/2024,03:00,S_HILLS_RN, 18.65,N
01/21/2024,03:00,TAHOKA_ALL, 24.31,N
01/21/2024,03:00,TAV_RN, 19.97,N
01/21/2024,03:00,TAYGETE2_ALL, 28.69,N
01/21/2024,03:00,TAYGETE_ALL, 28.69,N
01/21/2024,03:00,TBWF_ES_BES1, 29.12,N
01/21/2024,03:00,TC_PUN1, 19.88,N
01/21/2024,03:00,TC_PUN2, 19.88,N
01/21/2024,03:00,TC_TCHP1, 19.88,N
01/21/2024,03:00,TEN_CC1, 19.2,N
01/21/2024,03:00,TEN_CT1_STG, 19.2,N
01/21/2024,03:00,TGCCS_ALL, 19.24,N
01/21/2024,03:00,TGCCS_CC1, 19.24,N
01/21/2024,03:00,TGF_TGFGT, 20.39,N
01/21/2024,03:00,TGS_GT01, 20.39,N
01/21/2024,03:00,TGW_T1_T2, 20.49,N
01/21/2024,03:00,THW_1_CCU, 19.85,N
01/21/2024,03:00,THW_2_CCU, 19.85,N
01/21/2024,03:00,THW_CC1, 19.85,N
01/21/2024,03:00,THW_CC2, 19.85,N
01/21/2024,03:00,THW_THWGT5X, 19.84,N
01/21/2024,03:00,THW_THWGT_1, 19.84,N
01/21/2024,03:00,TI_SOLAR_ALL, 28.68,N
01/21/2024,03:00,TKWSW_CHAMP, 16.73,N
01/21/2024,03:00,TKWSW_ROSCOE, 16.73,N
01/21/2024,03:00,TNP_TNP_O_1, 19.69,N
01/21/2024,03:00,TNP_TNP_O_2, 19.69,N
01/21/2024,03:00,TNSKA_CC1, 19.08,N
01/21/2024,03:00,TNSKA_CCU, 19.08,N
01/21/2024,03:00,TOPAZ_ALL, 19.9,N
01/21/2024,03:00,TORR_ALL, 20.6,N
01/21/2024,03:00,TORT_ESS_RN, 19.92,N
01/21/2024,03:00,TOYAH_RN, 28.56,N
01/21/2024,03:00,TREB_SOLAR1, 20.28,N
01/21/2024,03:00,TRENT_TRENT, 22.76,N
01/21/2024,03:00,TRINITY_ALL, 18.56,N
01/21/2024,03:00,TRIPBUT1_RN, 32.97,N
01/21/2024,03:00,TRSES_UNIT6, 19.28,N
01/21/2024,03:00,TRUENO_ALL, 13.89,N
01/21/2024,03:00,TRUSGILL_RN, 18.24,N
01/21/2024,03:00,TTRSW_RN, 19.1,N
01/21/2024,03:00,TTWEC_G1, 18.33,N
01/21/2024,03:00,TURQ_BESS1, 19.12,N
01/21/2024,03:00,TV_RN, 19.94,N
01/21/2024,03:00,TXCTY_CC1, 19.9,N
01/21/2024,03:00,TXCTY_CTA, 19.9,N
01/21/2024,03:00,TXCTY_CTB, 19.9,N
01/21/2024,03:00,TXCTY_CTC, 19.9,N
01/21/2024,03:00,TXCTY_ST, 19.9,N
01/21/2024,03:00,TYLRWIND_RN, 18.96,N
01/21/2024,03:00,T_CK_GT2_RN, 29.37,N
01/21/2024,03:00,T_CK_GT3_RN, 29.37,N
01/21/2024,03:00,UCC_COG_PUN2, 19.9,N
01/21/2024,03:00,UCC_UCC_C_2, 19.9,N
01/21/2024,03:00,VANCOURT_RN, 13.89,N
01/21/2024,03:00,VENADO_ALL, 20.64,N
01/21/2024,03:00,VERAWIND_ALL, 18.24,N
01/21/2024,03:00,VERTIGO_UN1, 18.4,N
01/21/2024,03:00,VICTORIA_CC1, 20.38,N
01/21/2024,03:00,VICTPORT_RN, 20.37,N
01/21/2024,03:00,VIC_VICTORG5, 20.38,N
01/21/2024,03:00,VIC_VICTORG6, 20.38,N
01/21/2024,03:00,VISION_RN, 19.27,N
01/21/2024,03:00,VLSES_UNIT3, 19.07,N
01/21/2024,03:00,VORT_ALL_RN, 18.5,N
01/21/2024,03:00,WAKEWE_ALL, 17.45,N
01/21/2024,03:00,WAP_WAPGT_1, 19.94,N
01/21/2024,03:00,WAP_WAP_G1, 19.94,N
01/21/2024,03:00,WAP_WAP_G2, 19.94,N
01/21/2024,03:00,WAP_WAP_G3, 19.94,N
01/21/2024,03:00,WAP_WAP_G4, 19.94,N
01/21/2024,03:00,WAP_WAP_G5, 19.94,N
01/21/2024,03:00,WAP_WAP_G6, 19.91,N
01/21/2024,03:00,WAP_WAP_G7, 19.91,N
01/21/2024,03:00,WAP_WAP_G8, 19.92,N
01/21/2024,03:00,WAYMARK_RN, 28.22,N
01/21/2024,03:00,WCPP_CC1, 18.83,N
01/21/2024,03:00,WCPP_CT1, 18.83,N
01/21/2024,03:00,WCPP_CT2, 18.83,N
01/21/2024,03:00,WCPP_ST1, 18.83,N
01/21/2024,03:00,WEBBER_WS_T1, 20.21,N
01/21/2024,03:00,WEC_WECG1, 19.68,N
01/21/2024,03:00,WES_ALL, 20.05,N
01/21/2024,03:00,WFCOGEN_13, 18.51,N
01/21/2024,03:00,WFCOGEN_24, 18.51,N
01/21/2024,03:00,WFCOGEN_CC1, 18.51,N
01/21/2024,03:00,WFTANK_ESS1, 20.61,N
01/21/2024,03:00,WGU_RN, 20.03,N
01/21/2024,03:00,WHCCS2_4, 19.14,N
01/21/2024,03:00,WHCCS2_5_6, 19.14,N
01/21/2024,03:00,WHCCS2_CC2, 19.14,N
01/21/2024,03:00,WHCCS_CC1, 19.14,N
01/21/2024,03:00,WHCCS_CT1_ST, 19.14,N
01/21/2024,03:00,WHCCS_CT2, 19.14,N
01/21/2024,03:00,WHITE_PT_UN1, 20.44,N
01/21/2024,03:00,WHMESA_U1, 23.96,N
01/21/2024,03:00,WHTTAIL_WR1, 18.95,N
01/21/2024,03:00,WH_WIND_ALL, 18.26,N
01/21/2024,03:00,WILDWIND_ALL, 18.92,N
01/21/2024,03:00,WIPOPA_1_2, 20.21,N
01/21/2024,03:00,WIPOPA_3_4, 20.21,N
01/21/2024,03:00,WIR_WIRTZ_G1, 20.6,N
01/21/2024,03:00,WIR_WIRTZ_G2, 20.6,N
01/21/2024,03:00,WLTC_ESR_RN, 20.46,N
01/21/2024,03:00,WL_RANCH_RN, 22.96,N
01/21/2024,03:00,WNDTS2_UNIT1, 18.74,N
01/21/2024,03:00,WND_WHITNEY, 19.46,N
01/21/2024,03:00,WOODWRD1_RN, 29.16,N
01/21/2024,03:00,WOODWRD2_RN, 29.16,N
01/21/2024,03:00,WOV_BESS_RN, 28.88,N
01/21/2024,03:00,WRSBES_BESS1, 28.7,N
01/21/2024,03:00,W_HRL_ESR_RN, 13.89,N
01/21/2024,03:00,W_PECO_UNIT1, 28.69,N
01/21/2024,03:00,X443ESRN, 20.64,N
01/21/2024,03:00,YNG_WND_ALL, 18.6,N
01/21/2024,03:00,ZIER_SLR_ALL, 29.12,N
01/21/2024,04:00,7RNCHSLR_ALL, 21.53,N
01/21/2024,04:00,AEEC, 16.01,N
01/21/2024,04:00,AGUAYO_UNIT1, 21.55,N
01/21/2024,04:00,AJAXWIND_RN, 19.68,N
01/21/2024,04:00,ALGOD_ALL_RN, 21.77,N
01/21/2024,04:00,ALVIN_RN, 21.23,N
01/21/2024,04:00,AMADEUS_ALL, 19.75,N
01/21/2024,04:00,AMISTAD_ALL, 29.76,N
01/21/2024,04:00,AMOCOOIL_CC1, 21.21,N
01/21/2024,04:00,AMOCOOIL_CC2, 21.21,N
01/21/2024,04:00,AMOCO_PUN1, 21.21,N
01/21/2024,04:00,AMOCO_PUN2, 21.21,N
01/21/2024,04:00,AMO_AMOCO_1, 21.21,N
01/21/2024,04:00,AMO_AMOCO_2, 21.21,N
01/21/2024,04:00,AMO_AMOCO_5, 21.21,N
01/21/2024,04:00,AMO_AMOCO_G1, 21.21,N
01/21/2024,04:00,AMO_AMOCO_G2, 21.21,N
01/21/2024,04:00,AMO_AMOCO_G3, 21.21,N
01/21/2024,04:00,AMO_AMOCO_S1, 21.21,N
01/21/2024,04:00,AMO_AMOCO_S2, 21.21,N
01/21/2024,04:00,ANACACHO_ANA, 29.6,N
01/21/2024,04:00,ANCHOR_ALL, 20.16,N
01/21/2024,04:00,ANDMDSLR_ALL, 19.75,N
01/21/2024,04:00,ANEM_ESS_RN, 21.83,N
01/21/2024,04:00,ANG_ALL, 24.12,N
01/21/2024,04:00,ANSON1_ALL, 19.78,N
01/21/2024,04:00,APPALOSA_ALL, 35.14,N
01/21/2024,04:00,AQUI_ALL, 20.65,N
01/21/2024,04:00,ARAGORN_RN, 29.59,N
01/21/2024,04:00,ASTRA_RN, 15.49,N
01/21/2024,04:00,ATK_ATKINSG7, 20.99,N
01/21/2024,04:00,AURO_SLR_RN, 21.05,N
01/21/2024,04:00,AUSTPL_ALL, 21.55,N
01/21/2024,04:00,AVIAT_ALL, 26.28,N
01/21/2024,04:00,AZURE_RN, 19.75,N
01/21/2024,04:00,AZ_ALL, 21.17,N
01/21/2024,04:00,BAC_RN_ALL, 21.21,N
01/21/2024,04:00,BAFFIN_ALL, 21.78,N
01/21/2024,04:00,BAIRDWND_ALL, 19.99,N
01/21/2024,04:00,BARROW_ALL, 30.12,N
01/21/2024,04:00,BASTEN_CC1, 21.55,N
01/21/2024,04:00,BASTEN_CCU, 21.55,N
01/21/2024,04:00,BATCAVE_RN, 23.79,N
01/21/2024,04:00,BAYC_BESS_RN, 21.76,N
01/21/2024,04:00,BBREEZE_1_2, 21.81,N
01/21/2024,04:00,BCATWD_WD_1, 19.96,N
01/21/2024,04:00,BCH_RN, 21.28,N
01/21/2024,04:00,BCK_RN, 21.27,N
01/21/2024,04:00,BELM_SLR_RN, 21.09,N
01/21/2024,04:00,BIGSTAR_ALL, 21.56,N
01/21/2024,04:00,BLACKJAK_RN, 21.76,N
01/21/2024,04:00,BLSMT1_5_A_6, 19.36,N
01/21/2024,04:00,BLUEJAY_RN, 20.99,N
01/21/2024,04:00,BOARDCRK_ALL, 20.64,N
01/21/2024,04:00,BOOTLEG_UN1, 29.14,N
01/21/2024,04:00,BORDAS_345, 21.88,N
01/21/2024,04:00,BOSQUESW_CC1, 20.8,N
01/21/2024,04:00,BOSQUESW_CC2, 20.83,N
01/21/2024,04:00,BOSQ_BSQSU_5, 20.83,N
01/21/2024,04:00,BOSQ_BSQS_12, 20.83,N
01/21/2024,04:00,BOSQ_BSQS_34, 20.8,N
01/21/2024,04:00,BRANDON_RN, 20.77,N
01/21/2024,04:00,BRAUNIG_CC1, 21.95,N
01/21/2024,04:00,BRAUNIG_VHB1, 21.89,N
01/21/2024,04:00,BRAUNIG_VHB2, 21.89,N
01/21/2024,04:00,BRAUNIG_VHB3, 21.92,N
01/21/2024,04:00,BRAZ_WND_ALL, 23.29,N
01/21/2024,04:00,BRA_AVR1_CT2, 21.95,N
01/21/2024,04:00,BRA_AVR_CST1, 21.95,N
01/21/2024,04:00,BRHEIGHT_RN, 21.21,N
01/21/2024,04:00,BRIGHTSD_RN, 21.83,N
01/21/2024,04:00,BRIGHTSD_U1, 21.82,N
01/21/2024,04:00,BRISCOE_WIND, 15.83,N
01/21/2024,04:00,BRPANGLE_RN, 21.3,N
01/21/2024,04:00,BRPMAGNO_RN, 21.22,N
01/21/2024,04:00,BRP_BRAZ_RN, 21.3,N
01/21/2024,04:00,BRP_DIKN_RN, 21.21,N
01/21/2024,04:00,BRP_LOOP_RN, 21.66,N
01/21/2024,04:00,BRP_LOP1_RN, 21.93,N
01/21/2024,04:00,BRP_PBL1_RN, 43.53,N
01/21/2024,04:00,BRP_PBL2_RN, 43.53,N
01/21/2024,04:00,BRP_RN_UNIT1, 22.07,N
01/21/2024,04:00,BRP_SEMI_RN, 21.22,N
01/21/2024,04:00,BRP_SWNY_RN, 21.3,N
01/21/2024,04:00,BRP_ZPT1_RN, 21.98,N
01/21/2024,04:00,BRP_ZPT2_RN, 21.98,N
01/21/2024,04:00,BRTSW_BCW1, 20.3,N
01/21/2024,04:00,BR_ARROW_ALL, 20.42,N
01/21/2024,04:00,BR_VHB6CT5_6, 21.89,N
01/21/2024,04:00,BR_VHB6CT7_8, 21.89,N
01/21/2024,04:00,BSS_U1, 21.3,N
01/21/2024,04:00,BTE_BTE_G1, 21.16,N
01/21/2024,04:00,BTE_BTE_G2, 21.16,N
01/21/2024,04:00,BTE_BTE_G3, 21.16,N
01/21/2024,04:00,BTE_BTE_G4, 21.16,N
01/21/2024,04:00,BTE_CC1, 21.16,N
01/21/2024,04:00,BTE_PUN1, 21.16,N
01/21/2024,04:00,BTE_PUN2, 21.16,N
01/21/2024,04:00,BTM_ALL, 21.26,N
01/21/2024,04:00,BUCHAN_ALL, 21.13,N
01/21/2024,04:00,BUCKTHRN_RN, 20.56,N
01/21/2024,04:00,BUFF_GAP_ALL, 20.75,N
01/21/2024,04:00,BULLCRK_1_2, 22.73,N
01/21/2024,04:00,BVE_CC1, 21.23,N
01/21/2024,04:00,BVE_UNIT1, 21.23,N
01/21/2024,04:00,BVE_UNIT2, 21.23,N
01/21/2024,04:00,BVE_UNIT3, 21.23,N
01/21/2024,04:00,BYRDR_ES_ALL, 21.3,N
01/21/2024,04:00,BYU_BYU_1, 21.19,N
01/21/2024,04:00,BYU_BYU_12, 21.19,N
01/21/2024,04:00,BYU_BYU_34, 21.19,N
01/21/2024,04:00,BYU_BYU_G8, 21.19,N
01/21/2024,04:00,BYU_CC1, 21.19,N
01/21/2024,04:00,BYU_G4_RN, 21.19,N
01/21/2024,04:00,BYU_PUN1, 21.19,N
01/21/2024,04:00,BYU_PUN2, 21.19,N
01/21/2024,04:00,BYU_PUN3, 21.19,N
01/21/2024,04:00,BYU_PUN4, 21.19,N
01/21/2024,04:00,B_DAVIS_3, 21.75,N
01/21/2024,04:00,B_DAVIS_4, 21.75,N
01/21/2024,04:00,B_DAVIS_CC1, 21.75,N
01/21/2024,04:00,B_D_B_DAVIG1, 21.75,N
01/21/2024,04:00,B_D_B_DAVIG2, 21.75,N
01/21/2024,04:00,CABEZON_ALL, 21.85,N
01/21/2024,04:00,CALAVER_JKS1, 21.91,N
01/21/2024,04:00,CALAVER_JKS2, 21.91,N
01/21/2024,04:00,CALAVER_JTD1, 21.91,N
01/21/2024,04:00,CALAVER_JTD2, 21.91,N
01/21/2024,04:00,CALAVER_OWS1, 21.9,N
01/21/2024,04:00,CALAVER_OWS2, 21.9,N
01/21/2024,04:00,CALHOUN_ALL, 21.59,N
01/21/2024,04:00,CALLAHA_WND1, 20.61,N
01/21/2024,04:00,CAL_CALGT1, 21.17,N
01/21/2024,04:00,CAL_CALSTG1, 21.17,N
01/21/2024,04:00,CAL_CC1, 21.17,N
01/21/2024,04:00,CAL_PUN1, 21.17,N
01/21/2024,04:00,CAL_PUN2, 21.17,N
01/21/2024,04:00,CAMWIND_RN, 14.2,N
01/21/2024,04:00,CANYONWD_ALL, 19.54,N
01/21/2024,04:00,CAPRIDG4_CR4, 26.28,N
01/21/2024,04:00,CAPRIDGE_ALL, 26.28,N
01/21/2024,04:00,CARBN_BSP_1, 28.98,N
01/21/2024,04:00,CASL_GAP_UN1, 29.98,N
01/21/2024,04:00,CATARINA_B1, 32.36,N
01/21/2024,04:00,CBECII_89, 21.3,N
01/21/2024,04:00,CBECII_CC3, 21.3,N
01/21/2024,04:00,CBECII_CT7, 21.3,N
01/21/2024,04:00,CBEC_ALL, 21.32,N
01/21/2024,04:00,CBEC_CC1, 21.32,N
01/21/2024,04:00,CBEC_CC2, 21.32,N
01/21/2024,04:00,CBY4_ALL, 21.16,N
01/21/2024,04:00,CBY4_CC1, 21.16,N
01/21/2024,04:00,CBY_CBY_G1, 21.17,N
01/21/2024,04:00,CBY_CBY_G2, 21.17,N
01/21/2024,04:00,CCEC_CC1, 21.75,N
01/21/2024,04:00,CCEC_GT1, 21.75,N
01/21/2024,04:00,CCEC_GT2, 21.75,N
01/21/2024,04:00,CCEC_PUN1, 21.75,N
01/21/2024,04:00,CCEC_PUN2, 21.75,N
01/21/2024,04:00,CCEC_ST1, 21.75,N
01/21/2024,04:00,CEDROHI_CHW1, 21.92,N
01/21/2024,04:00,CEDRVALE_RN, 29.58,N
01/21/2024,04:00,CFLATS_UNIT, 23.79,N
01/21/2024,04:00,CHALUP_ALL, 14.2,N
01/21/2024,04:00,CHAL_SLR_RN, 29.6,N
01/21/2024,04:00,CHAMON_UN1, 21.16,N
01/21/2024,04:00,CHAMON_UN2, 21.16,N
01/21/2024,04:00,CHEDPW_GT2, 21.15,N
01/21/2024,04:00,CHE_CC1, 21.15,N
01/21/2024,04:00,CHE_LYD, 21.16,N
01/21/2024,04:00,CHE_LYD2, 21.16,N
01/21/2024,04:00,CHE_PUN1, 21.16,N
01/21/2024,04:00,CHE_PUN2, 21.16,N
01/21/2024,04:00,CHISMGRD_RN, 20.31,N
01/21/2024,04:00,CISC_RN, 20.75,N
01/21/2024,04:00,CITYVICT_ALL, 21.66,N
01/21/2024,04:00,CN_BRKS_UNT1, 15.6,N
01/21/2024,04:00,COL_COLETOG1, 21.73,N
01/21/2024,04:00,CONIGLIO_RN, 20.41,N
01/21/2024,04:00,CONTINEN_RN, 14.27,N
01/21/2024,04:00,CORALSLR_ALL, 20.88,N
01/21/2024,04:00,CORAZON_RN, 21.89,N
01/21/2024,04:00,COTPLNS_RN, 15.79,N
01/21/2024,04:00,COTTON_PAP2, 21.74,N
01/21/2024,04:00,COYOTSPR_RN, 29.59,N
01/21/2024,04:00,CPSES_UNIT1, 20.48,N
01/21/2024,04:00,CPSES_UNIT2, 20.48,N
01/21/2024,04:00,CRANELL_ALL, 21.76,N
01/21/2024,04:00,CROSSETT_ALL, 29.99,N
01/21/2024,04:00,CRWN_SLR_UN1, 20.98,N
01/21/2024,04:00,CSC_CSECG1_2, 22.81,N
01/21/2024,04:00,CVC_CC1, 21.15,N
01/21/2024,04:00,CVC_CVCG1_5, 21.15,N
01/21/2024,04:00,CVC_CVC_G2, 21.15,N
01/21/2024,04:00,CVC_CVC_G3, 21.15,N
01/21/2024,04:00,DAG_ALL, 21.33,N
01/21/2024,04:00,DANSBY_ALL, 21,N
01/21/2024,04:00,DAN_ALL, 21.36,N
01/21/2024,04:00,DA_BESS, 21.29,N
01/21/2024,04:00,DC2SES_ALL, 20.49,N
01/21/2024,04:00,DC_E, 20.42,N
01/21/2024,04:00,DC_L, 21.94,N
01/21/2024,04:00,DC_N, 19.57,N
01/21/2024,04:00,DC_R, 14.22,N
01/21/2024,04:00,DDPEC_CC1, 21.18,N
01/21/2024,04:00,DDPEC_GT1, 21.18,N
01/21/2024,04:00,DDPEC_GT2, 21.18,N
01/21/2024,04:00,DDPEC_GT3, 21.18,N
01/21/2024,04:00,DDPEC_GT4, 21.18,N
01/21/2024,04:00,DDPEC_GT6, 21.18,N
01/21/2024,04:00,DDPEC_ST1, 21.18,N
01/21/2024,04:00,DECKER_DPG2, 21.54,N
01/21/2024,04:00,DECKER_GT, 21.54,N
01/21/2024,04:00,DENISON_G1_2, 20.38,N
01/21/2024,04:00,DERMOTT_ALL, 19.75,N
01/21/2024,04:00,DIBOL_RN, 20.59,N
01/21/2024,04:00,DIB_CC1, 21.18,N
01/21/2024,04:00,DIB_DIB_G1, 21.18,N
01/21/2024,04:00,DIB_DIB_G2, 21.18,N
01/21/2024,04:00,DIB_DIB_G3, 21.18,N
01/21/2024,04:00,DIB_DIB_G4, 21.18,N
01/21/2024,04:00,DIB_PUN1, 21.18,N
01/21/2024,04:00,DIB_PUN2, 21.18,N
01/21/2024,04:00,DILEOS_UNIT1, 20.81,N
01/21/2024,04:00,DKNS_ESS_RN, 18.75,N
01/21/2024,04:00,DOWGEN_PUN1, 21.3,N
01/21/2024,04:00,DOWGEN_PUN2, 21.3,N
01/21/2024,04:00,DOWGEN_PUN3, 21.3,N
01/21/2024,04:00,DOW_61_2_63, 21.3,N
01/21/2024,04:00,DOW_64, 21.3,N
01/21/2024,04:00,DOW_81_2_84, 21.3,N
01/21/2024,04:00,DOW_G37_G35, 21.3,N
01/21/2024,04:00,DOW_G66_ST65, 21.3,N
01/21/2024,04:00,DOW_G67, 21.3,N
01/21/2024,04:00,DOW_G96_ST95, 21.3,N
01/21/2024,04:00,DUKE_CC1, 14.22,N
01/21/2024,04:00,DUKE_GST1CCU, 14.22,N
01/21/2024,04:00,DUKE_GT2_CCU, 14.22,N
01/21/2024,04:00,DUP_PUN1, 21.65,N
01/21/2024,04:00,DUP_PUN2, 21.65,N
01/21/2024,04:00,DUP_PUN3, 21.65,N
01/21/2024,04:00,DUP_PUN4, 21.65,N
01/21/2024,04:00,EBELLS_UNIT1, 21.05,N
01/21/2024,04:00,EBNY_ESS_RN, 21.89,N
01/21/2024,04:00,ECLIPSE_UN1, 29.52,N
01/21/2024,04:00,EIFSLR_UNIT1, 20.41,N
01/21/2024,04:00,ELB_ELBCREEK, 29.29,N
01/21/2024,04:00,ELECTRAW_1_2, 19.56,N
01/21/2024,04:00,ELSAUZ_ALL, 21.81,N
01/21/2024,04:00,ELSA_ESR_RN, 14.22,N
01/21/2024,04:00,ELS_RN_1, 20.5,N
01/21/2024,04:00,EL_RAYO_ALL, 14.2,N
01/21/2024,04:00,ENDPARK_ESS1, 20.57,N
01/21/2024,04:00,ERSL_RN, 23.38,N
01/21/2024,04:00,ESTONIAN_ALL, 20.41,N
01/21/2024,04:00,ETCCS_CC1, 20.54,N
01/21/2024,04:00,ETCCS_CCU, 20.54,N
01/21/2024,04:00,EUNICE_ALL, 30.12,N
01/21/2024,04:00,EXGNSND_RN, 21.98,N
01/21/2024,04:00,EXGNWTL_1, 21.92,N
01/21/2024,04:00,EXN_14, 21.17,N
01/21/2024,04:00,EXN_1_3, 21.17,N
01/21/2024,04:00,EXN_4, 21.17,N
01/21/2024,04:00,EXN_8, 21.17,N
01/21/2024,04:00,EXN_9_13, 21.17,N
01/21/2024,04:00,EXN_PUN1, 21.17,N
01/21/2024,04:00,EXN_PUN2, 21.17,N
01/21/2024,04:00,EXN_PUN3, 21.17,N
01/21/2024,04:00,E_BLACK_RN, 21.47,N
01/21/2024,04:00,FALFUR_RN, 21.84,N
01/21/2024,04:00,FAL_FALCONG1, 21.9,N
01/21/2024,04:00,FAL_FALCONG2, 21.9,N
01/21/2024,04:00,FAL_FALCONG3, 21.9,N
01/21/2024,04:00,FAULKNER_RN, 29.59,N
01/21/2024,04:00,FEGC_RN, 21.21,N
01/21/2024,04:00,FENCESLR_ALL, 20.6,N
01/21/2024,04:00,FERGCC_CC1, 21.91,N
01/21/2024,04:00,FERGCC_GT1_1, 21.91,N
01/21/2024,04:00,FERGCC_GT2_3, 21.91,N
01/21/2024,04:00,FERGCC_ST1_5, 21.91,N
01/21/2024,04:00,FERMI_ALL, 29.98,N
01/21/2024,04:00,FILESSLR_PV1, 20.58,N
01/21/2024,04:00,FIVEWSLR_ALL, 21.16,N
01/21/2024,04:00,FLCNS_CC1, 30.55,N
01/21/2024,04:00,FLCNS_UNIT1, 30.55,N
01/21/2024,04:00,FLCNS_UNIT2, 30.55,N
01/21/2024,04:00,FLCNS_UNIT3, 30.55,N
01/21/2024,04:00,FLOWERII_RN, 29.59,N
01/21/2024,04:00,FLTBES1, 29.59,N
01/21/2024,04:00,FLTCK_SSI, 20.64,N
01/21/2024,04:00,FLUVANNA_1_2, 20.57,N
01/21/2024,04:00,FLVABES1_ESR, 29.59,N
01/21/2024,04:00,FOARDCTY_ALL, 19.34,N
01/21/2024,04:00,FORMOSA_CC1, 21.58,N
01/21/2024,04:00,FORMOSA_CC2, 21.58,N
01/21/2024,04:00,FORMOSA_PUN1, 21.58,N
01/21/2024,04:00,FORMOSA_PUN2, 21.58,N
01/21/2024,04:00,FOXTROT_ALL, 21.8,N
01/21/2024,04:00,FO_FORMOSA11, 21.58,N
01/21/2024,04:00,FO_FORMOSA12, 21.58,N
01/21/2024,04:00,FO_FORMOSG1, 21.58,N
01/21/2024,04:00,FO_FORMOSG10, 21.58,N
01/21/2024,04:00,FO_FORMOSG13, 21.58,N
01/21/2024,04:00,FO_FORMOSG14, 21.58,N
01/21/2024,04:00,FO_FORMOSG15, 21.58,N
01/21/2024,04:00,FO_FORMOSG2, 21.58,N
01/21/2024,04:00,FO_FORMOSG3, 21.58,N
01/21/2024,04:00,FO_FORMOSG4, 21.58,N
01/21/2024,04:00,FO_FORMOSG5, 21.58,N
01/21/2024,04:00,FO_FORMOSG6, 21.58,N
01/21/2024,04:00,FO_FORMOSG7, 21.58,N
01/21/2024,04:00,FO_FORMOSG8, 21.58,N
01/21/2024,04:00,FO_FORMOSG9, 21.58,N
01/21/2024,04:00,FPPYD_FPP_G1, 21.51,N
01/21/2024,04:00,FPPYD_FPP_G2, 21.51,N
01/21/2024,04:00,FPPYD_FPP_G3, 21.52,N
01/21/2024,04:00,FREC_1_CCU, 20.65,N
01/21/2024,04:00,FREC_2_CCU, 20.66,N
01/21/2024,04:00,FREC_CC1, 20.65,N
01/21/2024,04:00,FREC_CC2, 20.66,N
01/21/2024,04:00,FRMRSVLW_RN, 20.42,N
01/21/2024,04:00,FRNYPP_1_CCU, 20.48,N
01/21/2024,04:00,FRNYPP_2_CCU, 20.48,N
01/21/2024,04:00,FRNYPP_CC1, 20.48,N
01/21/2024,04:00,FRNYPP_CC2, 20.48,N
01/21/2024,04:00,FRONT_EC_CC1, 14.23,N
01/21/2024,04:00,FRONT_EC_RN1, 14.23,N
01/21/2024,04:00,FRONT_EC_RN2, 14.23,N
01/21/2024,04:00,FRONT_EC_RN3, 14.23,N
01/21/2024,04:00,FRYE_SLR_ALL, 15.69,N
01/21/2024,04:00,FTR_CC1, 21.02,N
01/21/2024,04:00,FTR_FTR_G1_4, 21.02,N
01/21/2024,04:00,FTWIND_UNIT1, 21.19,N
01/21/2024,04:00,FWLR_SLR_1, 29.97,N
01/21/2024,04:00,GALO_RN1, 22.65,N
01/21/2024,04:00,GAMBIT_RN, 21.3,N
01/21/2024,04:00,GARC_BESS_RN, 14.27,N
01/21/2024,04:00,GBY_GT, 21.16,N
01/21/2024,04:00,GID_GIDEONG1, 21.52,N
01/21/2024,04:00,GID_GIDEONG2, 21.52,N
01/21/2024,04:00,GID_GIDEONG3, 21.52,N
01/21/2024,04:00,GIGA_ESS_RN, 21.56,N
01/21/2024,04:00,GOA_GOATWIND, 27.04,N
01/21/2024,04:00,GOLINDA_UN1, 20.98,N
01/21/2024,04:00,GOMZ_RN, 29.67,N
01/21/2024,04:00,GOODNIT1_ALL, 15.87,N
01/21/2024,04:00,GPASTURE_ALL, 19.73,N
01/21/2024,04:00,GRANDVW1_A_B, 15.89,N
01/21/2024,04:00,GRDNE_ESR_RN, 28,N
01/21/2024,04:00,GREASWOD_ALL, 29.23,N
01/21/2024,04:00,GRIF_TRL_RN, 19.49,N
01/21/2024,04:00,GRSES_UNIT1, 20.15,N
01/21/2024,04:00,GRSES_UNIT2, 19.97,N
01/21/2024,04:00,GUADG_CC1, 21.81,N
01/21/2024,04:00,GUADG_CC2, 21.81,N
01/21/2024,04:00,GUADG_CCU1, 21.81,N
01/21/2024,04:00,GUADG_CCU2, 21.81,N
01/21/2024,04:00,GUNMTN_NODE, 24.99,N
01/21/2024,04:00,GWEC_G1, 21.22,N
01/21/2024,04:00,HALO_RN1, 21.13,N
01/21/2024,04:00,HAMI_BESS_RN, 29.76,N
01/21/2024,04:00,HAYSEN1_2, 21.79,N
01/21/2024,04:00,HAYSEN3_4, 21.79,N
01/21/2024,04:00,HB_BUSAVG, 21.13,N
01/21/2024,04:00,HB_HOUSTON, 21.17,N
01/21/2024,04:00,HB_HUBAVG, 21.65,N
01/21/2024,04:00,HB_NORTH, 20.54,N
01/21/2024,04:00,HB_PAN, 16.16,N
01/21/2024,04:00,HB_SOUTH, 21,N
01/21/2024,04:00,HB_WEST, 23.87,N
01/21/2024,04:00,HELIOS_RN, 31.63,N
01/21/2024,04:00,HHGT_KENDAL, 22.66,N
01/21/2024,04:00,HHOLLW2_WND1, 20.75,N
01/21/2024,04:00,HHOLLW3_WND1, 20.75,N
01/21/2024,04:00,HHOLLW4_WND1, 20.75,N
01/21/2024,04:00,HICK_G1_G2, 25.14,N
01/21/2024,04:00,HI_LONEB_RN1, 25.92,N
01/21/2024,04:00,HI_LONE_ALL, 25.92,N
01/21/2024,04:00,HLSES_UNIT3, 20.44,N
01/21/2024,04:00,HLSES_UNIT4, 20.44,N
01/21/2024,04:00,HLSES_UNIT5, 20.44,N
01/21/2024,04:00,HMNG_ESS_RN, 20.22,N
01/21/2024,04:00,HOLCOMB_RN1, 22.5,N
01/21/2024,04:00,HOLSTEIN_ALL, 20.45,N
01/21/2024,04:00,HOL_ALL, 21.33,N
01/21/2024,04:00,HOPKNSLR_ALL, 20.42,N
01/21/2024,04:00,HORSCR_RN, 30.04,N
01/21/2024,04:00,HORSECRK_RN, 19.61,N
01/21/2024,04:00,HOUSEMTN_RN, 38.65,N
01/21/2024,04:00,HOVEY_GEN, 29.47,N
01/21/2024,04:00,HRBESS_BESS, 29.48,N
01/21/2024,04:00,HRFDWIND_ALL, 15.49,N
01/21/2024,04:00,HRZN_SLR_UN1, 22.33,N
01/21/2024,04:00,HWF_HWFG1, 19.97,N
01/21/2024,04:00,HYDR_ESS_RN, 28.9,N
01/21/2024,04:00,H_HOLLO_WND1, 20.75,N
01/21/2024,04:00,IMP_RN1, 20.41,N
01/21/2024,04:00,INDNENR_1_RN, 30.51,N
01/21/2024,04:00,INDNENR_2_RN, 30.28,N
01/21/2024,04:00,INDNNWP_RN, 30.38,N
01/21/2024,04:00,IND_INADALE1, 18.14,N
01/21/2024,04:00,INGLCOSW_CC1, 21.73,N
01/21/2024,04:00,INGLCOSW_STG, 21.73,N
01/21/2024,04:00,INGLCOS_CTG1, 21.73,N
01/21/2024,04:00,INGLCOS_CTG2, 21.73,N
01/21/2024,04:00,INGLCO_PUN1, 21.73,N
01/21/2024,04:00,INGLCO_PUN2, 21.73,N
01/21/2024,04:00,INGLCO_PUN3, 21.73,N
01/21/2024,04:00,INKS_INKS_G1, 31.92,N
01/21/2024,04:00,INRT_W_ALL, 19.68,N
01/21/2024,04:00,JACKCNTY_CC1, 20.31,N
01/21/2024,04:00,JACKCNTY_CT1, 20.31,N
01/21/2024,04:00,JACKCNTY_CT2, 20.31,N
01/21/2024,04:00,JACKCNTY_STG, 20.31,N
01/21/2024,04:00,JADE_SLR_ALL, 19.71,N
01/21/2024,04:00,JAY_RN_1, 21.26,N
01/21/2024,04:00,JCKCNTY2_CC1, 20.15,N
01/21/2024,04:00,JCKCNTY2_CT3, 20.15,N
01/21/2024,04:00,JCKCNTY2_CT4, 20.15,N
01/21/2024,04:00,JCKCNTY2_ST2, 20.15,N
01/21/2024,04:00,JC_BAT_RN, 21.97,N
01/21/2024,04:00,JDKNS_RN, 29.63,N
01/21/2024,04:00,JUNCTION_RN, 23.78,N
01/21/2024,04:00,JUNO_ALL, 23.91,N
01/21/2024,04:00,KARAKAW1_1, 21.77,N
01/21/2024,04:00,KARAKAW2_1, 21.77,N
01/21/2024,04:00,KEECHI_U1, 20.31,N
01/21/2024,04:00,KELAMSL_U1, 20.58,N
01/21/2024,04:00,KEO_KEO_SM1, 30.04,N
01/21/2024,04:00,KINGE_ALL, 30.05,N
01/21/2024,04:00,KINGW_ALL, 29.99,N
01/21/2024,04:00,KMCHI_CC1, 20.39,N
01/21/2024,04:00,KMCHI_CC2, 20.39,N
01/21/2024,04:00,LACY_CRK_ALL, 27.79,N
01/21/2024,04:00,LAMESASLR_G, 23.06,N
01/21/2024,04:00,LAPETUS_U1, 30.22,N
01/21/2024,04:00,LARDVFTN_G4, 21.94,N
01/21/2024,04:00,LARDVFTN_G5, 21.94,N
01/21/2024,04:00,LASSO_GEN, 38.65,N
01/21/2024,04:00,LBRA_BES1, 21.8,N
01/21/2024,04:00,LEG_LEG_G1, 20.84,N
01/21/2024,04:00,LEG_LEG_G2, 20.84,N
01/21/2024,04:00,LEONLCPCT1_2, 21.9,N
01/21/2024,04:00,LEONLCPCT3_4, 21.9,N
01/21/2024,04:00,LFSTH_RN, 20.59,N
01/21/2024,04:00,LGDRAW_S_ALL, 23.91,N
01/21/2024,04:00,LGD_LANGFORD, 25.79,N
01/21/2024,04:00,LGE_CC1, 21.73,N
01/21/2024,04:00,LGE_LGE_GT1, 21.73,N
01/21/2024,04:00,LGE_LGE_GT2, 21.73,N
01/21/2024,04:00,LGE_LGE_STG, 21.73,N
01/21/2024,04:00,LGE_PUN1, 21.73,N
01/21/2024,04:00,LGE_PUN2, 21.73,N
01/21/2024,04:00,LGW_UNIT_ALL, 21.06,N
01/21/2024,04:00,LHM_CVC_G4, 21.16,N
01/21/2024,04:00,LHM_PUN1, 21.16,N
01/21/2024,04:00,LHM_PUN2, 21.16,N
01/21/2024,04:00,LHORN_N_U1_2, 15.83,N
01/21/2024,04:00,LHSES_UNIT1, 20.46,N
01/21/2024,04:00,LHSES_UNIT2, 20.46,N
01/21/2024,04:00,LIG_RN, 21.16,N
01/21/2024,04:00,LILY_RN, 20.5,N
01/21/2024,04:00,LMAJADAS_ALL, 14.2,N
01/21/2024,04:00,LMO_ESR_RN, 21.01,N
01/21/2024,04:00,LNCRK_ALL, 19.97,N
01/21/2024,04:00,LONESTAR_RN, 29.64,N
01/21/2024,04:00,LONEWOLF_ALL, 21.09,N
01/21/2024,04:00,LON_RN1, 21.26,N
01/21/2024,04:00,LOSTPI_CC1, 21.51,N
01/21/2024,04:00,LOS_LOSTPGT1, 21.51,N
01/21/2024,04:00,LOS_LOSTPGT2, 21.51,N
01/21/2024,04:00,LOS_LOSTPST1, 21.51,N
01/21/2024,04:00,LPCCS_CC1, 20.4,N
01/21/2024,04:00,LPCCS_CC2, 20.4,N
01/21/2024,04:00,LPCCS_CT11, 20.4,N
01/21/2024,04:00,LPCCS_CT12, 20.4,N
01/21/2024,04:00,LPCCS_CT21, 20.4,N
01/21/2024,04:00,LPCCS_CT22, 20.4,N
01/21/2024,04:00,LPCCS_UNIT1, 20.4,N
01/21/2024,04:00,LPCCS_UNIT2, 20.4,N
01/21/2024,04:00,LV1A_LV1B, 14.2,N
01/21/2024,04:00,LV3_RN, 21.83,N
01/21/2024,04:00,LV3_UNIT1, 21.84,N
01/21/2024,04:00,LV4_UNIT_1, 21.84,N
01/21/2024,04:00,LV5_UNIT1, 14.25,N
01/21/2024,04:00,LZ_AEN, 21.54,N
01/21/2024,04:00,LZ_CPS, 21.93,N
01/21/2024,04:00,LZ_HOUSTON, 21.19,N
01/21/2024,04:00,LZ_LCRA, 21.82,N
01/21/2024,04:00,LZ_NORTH, 20.52,N
01/21/2024,04:00,LZ_RAYBN, 20.46,N
01/21/2024,04:00,LZ_SOUTH, 20.91,N
01/21/2024,04:00,LZ_WEST, 28.06,N
01/21/2024,04:00,L_FRE_ESR_RN, 14.2,N
01/21/2024,04:00,MADERO_RN, 14.22,N
01/21/2024,04:00,MAINLAND_RN, 21.22,N
01/21/2024,04:00,MARBFA, 21.91,N
01/21/2024,04:00,MARIAH_ALL, 15.49,N
01/21/2024,04:00,MAR_MARSFOG1, 21.54,N
01/21/2024,04:00,MAR_MARSFOG2, 21.54,N
01/21/2024,04:00,MAR_MARSFOG3, 21.54,N
01/21/2024,04:00,MASSENGL_CC1, 12.68,N
01/21/2024,04:00,MASSENGL_G6, 17.88,N
01/21/2024,04:00,MASSENGL_G7, 17.88,N
01/21/2024,04:00,MASSENGL_G8, 7.75,N
01/21/2024,04:00,MAVCRK_W_ALL, 22.65,N
01/21/2024,04:00,MCDLD_FCSBW1, 27.29,N
01/21/2024,04:00,MCLNSLR_RN, 27.35,N
01/21/2024,04:00,MCSES_UNIT6, 20.47,N
01/21/2024,04:00,MCSES_UNIT7, 20.47,N
01/21/2024,04:00,MCSES_UNIT8, 20.47,N
01/21/2024,04:00,MDANP_CT1_2, 20.52,N
01/21/2024,04:00,MDANP_CT3_4, 20.51,N
01/21/2024,04:00,MDANP_CT5_6, 20.52,N
01/21/2024,04:00,MERCURY_ALL, 20.65,N
01/21/2024,04:00,MESQCRK_ALL, 23.91,N
01/21/2024,04:00,MESTENO_RN, 21.84,N
01/21/2024,04:00,MGSES_CT123, 28.45,N
01/21/2024,04:00,MGSES_CT456, 28.45,N
01/21/2024,04:00,MIAM1_G1_G2, 16.11,N
01/21/2024,04:00,MIDWY_RN, 29.75,N
01/21/2024,04:00,MIL_MILG1_2, 20.45,N
01/21/2024,04:00,MIL_MILG345, 20.45,N
01/21/2024,04:00,MIRAGE_G1, 21.19,N
01/21/2024,04:00,MIRASOLE_GEN, 21.83,N
01/21/2024,04:00,MISAE_GEN_RN, 16.67,N
01/21/2024,04:00,MLSES_UNIT1, 20.56,N
01/21/2024,04:00,MLSES_UNIT2, 20.56,N
01/21/2024,04:00,MLSES_UNIT3, 20.56,N
01/21/2024,04:00,MNWL_BESS_RN, 20.39,N
01/21/2024,04:00,MOZART_WIND1, 22.65,N
01/21/2024,04:00,MUSTNGCK_ALL, 21.62,N
01/21/2024,04:00,MV_VALV4_RN, 14.22,N
01/21/2024,04:00,MWEC_G1, 22.26,N
01/21/2024,04:00,MYRY_ESR_RN, 14.22,N
01/21/2024,04:00,MYR_ALL, 21.28,N
01/21/2024,04:00,NACPW_UNIT1, 20.58,N
01/21/2024,04:00,NBOHR_RN, 28.02,N
01/21/2024,04:00,NCARBIDEG8, 21.63,N
01/21/2024,04:00,NCARBIDE_1_7, 21.63,N
01/21/2024,04:00,NCARBID_PUN1, 21.63,N
01/21/2024,04:00,NCARBID_PUN2, 21.63,N
01/21/2024,04:00,NCO_RN, 21.3,N
01/21/2024,04:00,NEBULA_RN, 14.21,N
01/21/2024,04:00,NEDIN_CC1, 14.19,N
01/21/2024,04:00,NED_NEDIN_G1, 14.22,N
01/21/2024,04:00,NED_NEDIN_G2, 14.22,N
01/21/2024,04:00,NED_NEDIN_G3, 14.14,N
01/21/2024,04:00,NF_BRP_RN, 21.53,N
01/21/2024,04:00,NOBLESLR_ALL, 20.22,N
01/21/2024,04:00,NOVA1SLR_ALL, 19.28,N
01/21/2024,04:00,NOVA2S_UNIT1, 19.28,N
01/21/2024,04:00,NUECES_B_CC1, 21.75,N
01/21/2024,04:00,NUE_NUECESG7, 21.75,N
01/21/2024,04:00,NUE_NUECESG8, 21.75,N
01/21/2024,04:00,NUE_NUECESG9, 21.75,N
01/21/2024,04:00,NWF_NWF1, 29.98,N
01/21/2024,04:00,N_AL_BESS_RN, 14.22,N
01/21/2024,04:00,N_MRD_ESR_RN, 14.21,N
01/21/2024,04:00,OBERON_U1, 29.74,N
01/21/2024,04:00,ODESW_RN, 29.71,N
01/21/2024,04:00,OECCS_1, 29.54,N
01/21/2024,04:00,OECCS_2, 29.54,N
01/21/2024,04:00,OECCS_CC1, 29.54,N
01/21/2024,04:00,OECCS_CC2, 29.54,N
01/21/2024,04:00,OGSES_1, 20.94,N
01/21/2024,04:00,OGSES_2, 20.94,N
01/21/2024,04:00,OLIN_OLING_1, 20.45,N
01/21/2024,04:00,OLIN_OLING_2, 20.45,N
01/21/2024,04:00,OLIN_OLING_3, 20.45,N
01/21/2024,04:00,OLIN_OLING_4, 20.45,N
01/21/2024,04:00,OLNEYTN_RN, 20.08,N
01/21/2024,04:00,OR_BESS_RN, 21.31,N
01/21/2024,04:00,OWF_OWF, 27.67,N
01/21/2024,04:00,OXY_OXY_CCG1, 21.75,N
01/21/2024,04:00,OXY_PUN1, 21.75,N
01/21/2024,04:00,OXY_PUN2, 21.75,N
01/21/2024,04:00,PALE_ESS_EN, 16.68,N
01/21/2024,04:00,PALMWI_UNIT1, 14.2,N
01/21/2024,04:00,PANDA_S_CC1, 20.38,N
01/21/2024,04:00,PANDA_S_CT1, 20.38,N
01/21/2024,04:00,PANDA_S_CT2, 20.38,N
01/21/2024,04:00,PANDA_S_ST1, 20.38,N
01/21/2024,04:00,PANDA_T1_CC1, 21.17,N
01/21/2024,04:00,PANDA_T1_CT1, 21.17,N
01/21/2024,04:00,PANDA_T1_CT2, 21.17,N
01/21/2024,04:00,PANDA_T1_ST1, 21.17,N
01/21/2024,04:00,PANDA_T2_CC1, 21.17,N
01/21/2024,04:00,PANDA_T2_CT1, 21.17,N
01/21/2024,04:00,PANDA_T2_CT2, 21.17,N
01/21/2024,04:00,PANDA_T2_ST1, 21.17,N
01/21/2024,04:00,PAP1_PAP1, 21.74,N
01/21/2024,04:00,PAULN_RN, 20.58,N
01/21/2024,04:00,PAVLOV_BT_RN, 22.09,N
01/21/2024,04:00,PAVO_ESS_ALL, 30.04,N
01/21/2024,04:00,PB2SES_CT1, 29.67,N
01/21/2024,04:00,PB2SES_CT2, 29.67,N
01/21/2024,04:00,PB2SES_CT3, 29.67,N
01/21/2024,04:00,PB2SES_CT4, 29.67,N
01/21/2024,04:00,PB2SES_CT5, 29.67,N
01/21/2024,04:00,PC_NORTH_1, 29.29,N
01/21/2024,04:00,PC_SOUTH_ALL, 29.29,N
01/21/2024,04:00,PEARSA_1_24, 22.33,N
01/21/2024,04:00,PENA_ALL, 21.78,N
01/21/2024,04:00,PES1_RN, 21.21,N
01/21/2024,04:00,PEY_RN, 21.37,N
01/21/2024,04:00,PH1_UNIT1_2, 16,N
01/21/2024,04:00,PH2_U1_U2, 16,N
01/21/2024,04:00,PHILLWND_ALL, 20.85,N
01/21/2024,04:00,PHOEBE_ALL, 29.74,N
01/21/2024,04:00,PHOENIX_RN, 20.4,N
01/21/2024,04:00,PHO_ALL, 21.3,N
01/21/2024,04:00,PIONR_DJ_RN, 29.36,N
01/21/2024,04:00,PISG_RN_ALL, 20.64,N
01/21/2024,04:00,PITSDD_UNIT1, 20.66,N
01/21/2024,04:00,PLN_ALL, 21.36,N
01/21/2024,04:00,PNPI_GT2_RN, 21.23,N
01/21/2024,04:00,PORTSL_UNIT1, 20.21,N
01/21/2024,04:00,POTSVIL_RN, 20.91,N
01/21/2024,04:00,PRID_RN, 21.57,N
01/21/2024,04:00,PROSPERO_ALL, 30.09,N
01/21/2024,04:00,PRO_RN, 21.21,N
01/21/2024,04:00,PRSPERO2_ALL, 30.09,N
01/21/2024,04:00,PR_PR_ALL, 21.17,N
01/21/2024,04:00,PR_PR_G2, 21.17,N
01/21/2024,04:00,PSA_CC1, 21.16,N
01/21/2024,04:00,PSA_PSA_G1, 21.16,N
01/21/2024,04:00,PSA_PSA_G2, 21.16,N
01/21/2024,04:00,PSA_PSA_G3, 21.16,N
01/21/2024,04:00,PSA_PSA_G4, 21.16,N
01/21/2024,04:00,PSA_PSA_G5, 21.16,N
01/21/2024,04:00,PSA_PSA_G6, 21.16,N
01/21/2024,04:00,PSA_PSA_G7, 21.16,N
01/21/2024,04:00,PSA_PUN1, 21.16,N
01/21/2024,04:00,PSA_PUN2, 21.16,N
01/21/2024,04:00,PSA_PUN3, 21.16,N
01/21/2024,04:00,PSA_PUN4, 21.16,N
01/21/2024,04:00,PSA_PUN5, 21.16,N
01/21/2024,04:00,PSG_CC1, 21.17,N
01/21/2024,04:00,PSG_PSG_GT2, 21.17,N
01/21/2024,04:00,PSG_PSG_GT3, 21.17,N
01/21/2024,04:00,PSG_PSG_ST1, 21.17,N
01/21/2024,04:00,PTLBES_BESS1, 21.61,N
01/21/2024,04:00,PYR_PYRON1, 18.14,N
01/21/2024,04:00,QALSW_ALL, 29.55,N
01/21/2024,04:00,QALSW_CC1, 29.55,N
01/21/2024,04:00,QALSW_CC2, 29.55,N
01/21/2024,04:00,QUEEN_BA_RN, 29.55,N
01/21/2024,04:00,QUEEN_SL_RN, 29.55,N
01/21/2024,04:00,RAB_G1-8, 21.23,N
01/21/2024,04:00,RADN_SLR_ALL, 21.71,N
01/21/2024,04:00,RAMBLER_UNIT, 24.12,N
01/21/2024,04:00,RANCHERO_ALL, 25.4,N
01/21/2024,04:00,RAT_RN_1, 23.79,N
01/21/2024,04:00,RAYBURN_CC1, 21.66,N
01/21/2024,04:00,RAYB_G78910, 21.66,N
01/21/2024,04:00,RBN_BESS1, 21.25,N
01/21/2024,04:00,RDCAN_RDCNY1, 23.05,N
01/21/2024,04:00,REDBARN_RN, 29.14,N
01/21/2024,04:00,REDFISH_ALL, 14.2,N
01/21/2024,04:00,REDGATE_ALL, 14.22,N
01/21/2024,04:00,REDGATE_RN, 14.22,N
01/21/2024,04:00,RELOJ_ALL, 21.87,N
01/21/2024,04:00,REROCK_ALL, 29.47,N
01/21/2024,04:00,RHESS2_ESS1, 21.45,N
01/21/2024,04:00,RIGGIN_UNIT1, 29.81,N
01/21/2024,04:00,RIOG_ESR_RN, 14.26,N
01/21/2024,04:00,RIONOG_CC1, 21.77,N
01/21/2024,04:00,RIONOG_CT1, 21.77,N
01/21/2024,04:00,RIONOG_CT2, 21.77,N
01/21/2024,04:00,RIONOG_CT3, 21.77,N
01/21/2024,04:00,RIONOG_ST1, 21.77,N
01/21/2024,04:00,RIPPEY_ALL, 20.33,N
01/21/2024,04:00,RN_APOGEE, 19.86,N
01/21/2024,04:00,RN_BYU_G8, 21.19,N
01/21/2024,04:00,RN_DEC_AGR_A, 20.31,N
01/21/2024,04:00,RN_DEC_AGR_B, 20.31,N
01/21/2024,04:00,RN_DEC_AGR_C, 20.31,N
01/21/2024,04:00,RN_DEC_AGR_D, 20.31,N
01/21/2024,04:00,RN_ECEC_HOLT, 29.94,N
01/21/2024,04:00,RN_OCI_ALAMO, 21.92,N
01/21/2024,04:00,RN_RTS1, 22.2,N
01/21/2024,04:00,RN_SR_WIND1, 14.2,N
01/21/2024,04:00,RN_TOSBATT, 27.3,N
01/21/2024,04:00,ROSELAND_ALL, 20.86,N
01/21/2024,04:00,ROUTE66_RN, 15.89,N
01/21/2024,04:00,ROW_ALL, 21.25,N
01/21/2024,04:00,RPUBRDS_RN, 21.02,N
01/21/2024,04:00,RRANCHES_ALL, 29.61,N
01/21/2024,04:00,RRC_WIND_ALL, 20.19,N
01/21/2024,04:00,RSK_RN, 28.02,N
01/21/2024,04:00,RTLSNAKE_BT, 29.61,N
01/21/2024,04:00,RUSSEKST_RN, 40.48,N
01/21/2024,04:00,RVRVLYS_ALL, 21.44,N
01/21/2024,04:00,SADLBACK_RN, 29.59,N
01/21/2024,04:00,SALVTION_GEN, 19.61,N
01/21/2024,04:00,SAMSON_ALL, 20.42,N
01/21/2024,04:00,SANDHSYD1_2, 21.55,N
01/21/2024,04:00,SANDHSYD3_4, 21.55,N
01/21/2024,04:00,SANDHSYD6_7, 21.55,N
01/21/2024,04:00,SANDHSYD_5AC, 21.55,N
01/21/2024,04:00,SANDHSYD_CC1, 21.55,N
01/21/2024,04:00,SANTACRU_ALL, 21.76,N
01/21/2024,04:00,SAN_SANMIGG1, 21.82,N
01/21/2024,04:00,SBEAN_BESS, 29.6,N
01/21/2024,04:00,SBE_RN_1, 21.37,N
01/21/2024,04:00,SC2SES_UNIT1, 20.58,N
01/21/2024,04:00,SCES_UNIT1, 20.87,N
01/21/2024,04:00,SCLP_PUN1, 21.3,N
01/21/2024,04:00,SCLP_PUN2, 21.3,N
01/21/2024,04:00,SCLP_PUN3, 21.3,N
01/21/2024,04:00,SCLP_PUN4, 21.3,N
01/21/2024,04:00,SCLP_SCLPC_1, 21.3,N
01/21/2024,04:00,SCLP_SCLPC_2, 21.3,N
01/21/2024,04:00,SCLP_SCLPC_3, 21.3,N
01/21/2024,04:00,SCLP_SCLPC_4, 21.3,N
01/21/2024,04:00,SCSES_UNIT2, 20.58,N
01/21/2024,04:00,SDSES_PUN1, 21.32,N
01/21/2024,04:00,SDSES_PUN3, 21.32,N
01/21/2024,04:00,SENATEWD_1, 20.03,N
01/21/2024,04:00,SGM_SIGNALMT, 33.92,N
01/21/2024,04:00,SGSA_DGR, 29.47,N
01/21/2024,04:00,SG_BES_BESS1, 29.81,N
01/21/2024,04:00,SHAFFER_ALL, 21.76,N
01/21/2024,04:00,SHAMROCK_RN, 25.26,N
01/21/2024,04:00,SHANNONW_RN, 19.94,N
01/21/2024,04:00,SHEEPCRK_1, 20.19,N
01/21/2024,04:00,SILASRAY_CC1, 14.2,N
01/21/2024,04:00,SIL_SILAS_10, 14.2,N
01/21/2024,04:00,SIL_SILAS_6, 14.2,N
01/21/2024,04:00,SIL_SILAS_9, 14.2,N
01/21/2024,04:00,SIRIUS_UNIT1, 30.25,N
01/21/2024,04:00,SJS_SJS_G1, 21.18,N
01/21/2024,04:00,SJS_SJS_G2, 21.18,N
01/21/2024,04:00,SKY1, 21.51,N
01/21/2024,04:00,SLCN_ESS_ALL, 21.5,N
01/21/2024,04:00,SLTFRK_UN1_2, 16.11,N
01/21/2024,04:00,SL_PUN1, 21.17,N
01/21/2024,04:00,SL_PUN2, 21.17,N
01/21/2024,04:00,SNY_BESS_RN, 24.24,N
01/21/2024,04:00,SOLARA_UNIT1, 21.4,N
01/21/2024,04:00,SPARTA_ALL, 21.8,N
01/21/2024,04:00,SPLAIN1_RN, 15.79,N
01/21/2024,04:00,SPLAIN2_RN, 15.79,N
01/21/2024,04:00,SPNC_SPNCE_4, 20.33,N
01/21/2024,04:00,SPNC_SPNCE_5, 20.33,N
01/21/2024,04:00,SPTX12B_RN, 29.98,N
01/21/2024,04:00,SROSA_ESR_RN, 14.2,N
01/21/2024,04:00,SRWE1_UNIT1, 23.91,N
01/21/2024,04:00,SSPURT_WIND1, 15.69,N
01/21/2024,04:00,STAM_SLR_ALL, 20.42,N
01/21/2024,04:00,STEAM_ENG123, 20.44,N
01/21/2024,04:00,STEA_STEAM_1, 20.44,N
01/21/2024,04:00,STEA_STEAM_2, 20.44,N
01/21/2024,04:00,STEA_STEAM_3, 20.44,N
01/21/2024,04:00,STELLA_RN, 21.78,N
01/21/2024,04:00,STP_STP_G1, 21.39,N
01/21/2024,04:00,STP_STP_G2, 21.39,N
01/21/2024,04:00,STRATEGC_RN, 20.57,N
01/21/2024,04:00,STWF_T1, 24.06,N
01/21/2024,04:00,SUNVASLR_ALL, 20.67,N
01/21/2024,04:00,SWEC_G1, 35.01,N
01/21/2024,04:00,SWEETWN2_2_4, 19.68,N
01/21/2024,04:00,SWEETWN3_3, 19.68,N
01/21/2024,04:00,SWEETWND_1, 19.68,N
01/21/2024,04:00,SWOOSE1_U1, 29.64,N
01/21/2024,04:00,SWOOSEII_RN, 29.64,N
01/21/2024,04:00,SWTWN4_WND45, 19.68,N
01/21/2024,04:00,SWT_BESS_RN, 24.72,N
01/21/2024,04:00,S_HILLS_RN, 19.99,N
01/21/2024,04:00,TAHOKA_ALL, 25.59,N
01/21/2024,04:00,TAV_RN, 21.31,N
01/21/2024,04:00,TAYGETE2_ALL, 29.59,N
01/21/2024,04:00,TAYGETE_ALL, 29.59,N
01/21/2024,04:00,TBWF_ES_BES1, 29.99,N
01/21/2024,04:00,TC_PUN1, 21.19,N
01/21/2024,04:00,TC_PUN2, 21.19,N
01/21/2024,04:00,TC_TCHP1, 21.19,N
01/21/2024,04:00,TEN_CC1, 20.52,N
01/21/2024,04:00,TEN_CT1_STG, 20.52,N
01/21/2024,04:00,TGCCS_ALL, 20.56,N
01/21/2024,04:00,TGCCS_CC1, 20.56,N
01/21/2024,04:00,TGF_TGFGT, 21.43,N
01/21/2024,04:00,TGS_GT01, 21.43,N
01/21/2024,04:00,TGW_T1_T2, 21.78,N
01/21/2024,04:00,THW_1_CCU, 21.16,N
01/21/2024,04:00,THW_2_CCU, 21.16,N
01/21/2024,04:00,THW_CC1, 21.16,N
01/21/2024,04:00,THW_CC2, 21.16,N
01/21/2024,04:00,THW_THWGT5X, 21.15,N
01/21/2024,04:00,THW_THWGT_1, 21.15,N
01/21/2024,04:00,TI_SOLAR_ALL, 29.59,N
01/21/2024,04:00,TKWSW_CHAMP, 18.14,N
01/21/2024,04:00,TKWSW_ROSCOE, 18.14,N
01/21/2024,04:00,TNP_TNP_O_1, 21,N
01/21/2024,04:00,TNP_TNP_O_2, 21,N
01/21/2024,04:00,TNSKA_CC1, 20.41,N
01/21/2024,04:00,TNSKA_CCU, 20.41,N
01/21/2024,04:00,TOPAZ_ALL, 21.21,N
01/21/2024,04:00,TORR_ALL, 21.89,N
01/21/2024,04:00,TORT_ESS_RN, 21.23,N
01/21/2024,04:00,TOYAH_RN, 29.47,N
01/21/2024,04:00,TREB_SOLAR1, 21.59,N
01/21/2024,04:00,TRENT_TRENT, 24.06,N
01/21/2024,04:00,TRINITY_ALL, 19.89,N
01/21/2024,04:00,TRIPBUT1_RN, 34.35,N
01/21/2024,04:00,TRSES_UNIT6, 20.6,N
01/21/2024,04:00,TRUENO_ALL, 14.2,N
01/21/2024,04:00,TRUSGILL_RN, 19.56,N
01/21/2024,04:00,TTRSW_RN, 20.42,N
01/21/2024,04:00,TTWEC_G1, 20.22,N
01/21/2024,04:00,TURQ_BESS1, 20.44,N
01/21/2024,04:00,TV_RN, 21.24,N
01/21/2024,04:00,TXCTY_CC1, 21.21,N
01/21/2024,04:00,TXCTY_CTA, 21.21,N
01/21/2024,04:00,TXCTY_CTB, 21.21,N
01/21/2024,04:00,TXCTY_CTC, 21.21,N
01/21/2024,04:00,TXCTY_ST, 21.21,N
01/21/2024,04:00,TYLRWIND_RN, 20.29,N
01/21/2024,04:00,T_CK_GT2_RN, 30.78,N
01/21/2024,04:00,T_CK_GT3_RN, 30.78,N
01/21/2024,04:00,UCC_COG_PUN2, 21.21,N
01/21/2024,04:00,UCC_UCC_C_2, 21.21,N
01/21/2024,04:00,VANCOURT_RN, 14.21,N
01/21/2024,04:00,VENADO_ALL, 21.93,N
01/21/2024,04:00,VERAWIND_ALL, 19.56,N
01/21/2024,04:00,VERTIGO_UN1, 19.73,N
01/21/2024,04:00,VICTORIA_CC1, 21.66,N
01/21/2024,04:00,VICTPORT_RN, 21.65,N
01/21/2024,04:00,VIC_VICTORG5, 21.66,N
01/21/2024,04:00,VIC_VICTORG6, 21.66,N
01/21/2024,04:00,VISION_RN, 20.6,N
01/21/2024,04:00,VLSES_UNIT3, 20.39,N
01/21/2024,04:00,VORT_ALL_RN, 19.83,N
01/21/2024,04:00,WAKEWE_ALL, 18.75,N
01/21/2024,04:00,WAP_WAPGT_1, 21.23,N
01/21/2024,04:00,WAP_WAP_G1, 21.23,N
01/21/2024,04:00,WAP_WAP_G2, 21.23,N
01/21/2024,04:00,WAP_WAP_G3, 21.24,N
01/21/2024,04:00,WAP_WAP_G4, 21.24,N
01/21/2024,04:00,WAP_WAP_G5, 21.23,N
01/21/2024,04:00,WAP_WAP_G6, 21.22,N
01/21/2024,04:00,WAP_WAP_G7, 21.22,N
01/21/2024,04:00,WAP_WAP_G8, 21.23,N
01/21/2024,04:00,WAYMARK_RN, 29.14,N
01/21/2024,04:00,WCPP_CC1, 20.16,N
01/21/2024,04:00,WCPP_CT1, 20.16,N
01/21/2024,04:00,WCPP_CT2, 20.16,N
01/21/2024,04:00,WCPP_ST1, 20.16,N
01/21/2024,04:00,WEBBER_WS_T1, 21.52,N
01/21/2024,04:00,WEC_WECG1, 21.05,N
01/21/2024,04:00,WES_ALL, 21.3,N
01/21/2024,04:00,WFCOGEN_13, 19.84,N
01/21/2024,04:00,WFCOGEN_24, 19.84,N
01/21/2024,04:00,WFCOGEN_CC1, 19.84,N
01/21/2024,04:00,WFTANK_ESS1, 21.9,N
01/21/2024,04:00,WGU_RN, 21.28,N
01/21/2024,04:00,WHCCS2_4, 20.47,N
01/21/2024,04:00,WHCCS2_5_6, 20.47,N
01/21/2024,04:00,WHCCS2_CC2, 20.47,N
01/21/2024,04:00,WHCCS_CC1, 20.47,N
01/21/2024,04:00,WHCCS_CT1_ST, 20.47,N
01/21/2024,04:00,WHCCS_CT2, 20.47,N
01/21/2024,04:00,WHITE_PT_UN1, 21.73,N
01/21/2024,04:00,WHMESA_U1, 25.14,N
01/21/2024,04:00,WHTTAIL_WR1, 20.28,N
01/21/2024,04:00,WH_WIND_ALL, 19.61,N
01/21/2024,04:00,WILDWIND_ALL, 20.24,N
01/21/2024,04:00,WIPOPA_1_2, 21.51,N
01/21/2024,04:00,WIPOPA_3_4, 21.51,N
01/21/2024,04:00,WIR_WIRTZ_G1, 21.89,N
01/21/2024,04:00,WIR_WIRTZ_G2, 21.89,N
01/21/2024,04:00,WLTC_ESR_RN, 21.75,N
01/21/2024,04:00,WL_RANCH_RN, 24.18,N
01/21/2024,04:00,WNDTS2_UNIT1, 20.07,N
01/21/2024,04:00,WND_WHITNEY, 20.78,N
01/21/2024,04:00,WOODWRD1_RN, 30.03,N
01/21/2024,04:00,WOODWRD2_RN, 30.03,N
01/21/2024,04:00,WOV_BESS_RN, 29.78,N
01/21/2024,04:00,WRSBES_BESS1, 29.61,N
01/21/2024,04:00,W_HRL_ESR_RN, 14.2,N
01/21/2024,04:00,W_PECO_UNIT1, 29.6,N
01/21/2024,04:00,X443ESRN, 21.95,N
01/21/2024,04:00,YNG_WND_ALL, 19.92,N
01/21/2024,04:00,ZIER_SLR_ALL, 29.61,N
01/21/2024,05:00,7RNCHSLR_ALL, 21.83,N
01/21/2024,05:00,AEEC, 15.89,N
01/21/2024,05:00,AGUAYO_UNIT1, 21.83,N
01/21/2024,05:00,AJAXWIND_RN, 19.8,N
01/21/2024,05:00,ALGOD_ALL_RN, 22.07,N
01/21/2024,05:00,ALVIN_RN, 21.49,N
01/21/2024,05:00,AMADEUS_ALL, 19.86,N
01/21/2024,05:00,AMISTAD_ALL, 30.33,N
01/21/2024,05:00,AMOCOOIL_CC1, 21.47,N
01/21/2024,05:00,AMOCOOIL_CC2, 21.47,N
01/21/2024,05:00,AMOCO_PUN1, 21.47,N
01/21/2024,05:00,AMOCO_PUN2, 21.47,N
01/21/2024,05:00,AMO_AMOCO_1, 21.47,N
01/21/2024,05:00,AMO_AMOCO_2, 21.47,N
01/21/2024,05:00,AMO_AMOCO_5, 21.47,N
01/21/2024,05:00,AMO_AMOCO_G1, 21.47,N
01/21/2024,05:00,AMO_AMOCO_G2, 21.47,N
01/21/2024,05:00,AMO_AMOCO_G3, 21.47,N
01/21/2024,05:00,AMO_AMOCO_S1, 21.47,N
01/21/2024,05:00,AMO_AMOCO_S2, 21.47,N
01/21/2024,05:00,ANACACHO_ANA, 30.12,N
01/21/2024,05:00,ANCHOR_ALL, 20.32,N
01/21/2024,05:00,ANDMDSLR_ALL, 19.85,N
01/21/2024,05:00,ANEM_ESS_RN, 22.13,N
01/21/2024,05:00,ANG_ALL, 24.61,N
01/21/2024,05:00,ANSON1_ALL, 19.89,N
01/21/2024,05:00,APPALOSA_ALL, 35.87,N
01/21/2024,05:00,AQUI_ALL, 20.86,N
01/21/2024,05:00,ARAGORN_RN, 30.68,N
01/21/2024,05:00,ASTRA_RN, 15.68,N
01/21/2024,05:00,ATK_ATKINSG7, 21.24,N
01/21/2024,05:00,AURO_SLR_RN, 21.3,N
01/21/2024,05:00,AUSTPL_ALL, 21.84,N
01/21/2024,05:00,AVIAT_ALL, 26.82,N
01/21/2024,05:00,AZURE_RN, 19.86,N
01/21/2024,05:00,AZ_ALL, 21.43,N
01/21/2024,05:00,BAC_RN_ALL, 21.47,N
01/21/2024,05:00,BAFFIN_ALL, 22.09,N
01/21/2024,05:00,BAIRDWND_ALL, 20.13,N
01/21/2024,05:00,BARROW_ALL, 31.46,N
01/21/2024,05:00,BASTEN_CC1, 21.85,N
01/21/2024,05:00,BASTEN_CCU, 21.85,N
01/21/2024,05:00,BATCAVE_RN, 24.26,N
01/21/2024,05:00,BAYC_BESS_RN, 22.29,N
01/21/2024,05:00,BBREEZE_1_2, 22.11,N
01/21/2024,05:00,BCATWD_WD_1, 20.11,N
01/21/2024,05:00,BCH_RN, 21.55,N
01/21/2024,05:00,BCK_RN, 21.53,N
01/21/2024,05:00,BELM_SLR_RN, 21.34,N
01/21/2024,05:00,BIGSTAR_ALL, 21.85,N
01/21/2024,05:00,BLACKJAK_RN, 22.06,N
01/21/2024,05:00,BLSMT1_5_A_6, 19.45,N
01/21/2024,05:00,BLUEJAY_RN, 21.23,N
01/21/2024,05:00,BOARDCRK_ALL, 20.85,N
01/21/2024,05:00,BOOTLEG_UN1, 30.04,N
01/21/2024,05:00,BORDAS_345, 22.19,N
01/21/2024,05:00,BOSQUESW_CC1, 21.02,N
01/21/2024,05:00,BOSQUESW_CC2, 21.05,N
01/21/2024,05:00,BOSQ_BSQSU_5, 21.05,N
01/21/2024,05:00,BOSQ_BSQS_12, 21.05,N
01/21/2024,05:00,BOSQ_BSQS_34, 21.02,N
01/21/2024,05:00,BRANDON_RN, 20.76,N
01/21/2024,05:00,BRAUNIG_CC1, 22.28,N
01/21/2024,05:00,BRAUNIG_VHB1, 22.24,N
01/21/2024,05:00,BRAUNIG_VHB2, 22.24,N
01/21/2024,05:00,BRAUNIG_VHB3, 22.29,N
01/21/2024,05:00,BRAZ_WND_ALL, 23.35,N
01/21/2024,05:00,BRA_AVR1_CT2, 22.28,N
01/21/2024,05:00,BRA_AVR_CST1, 22.28,N
01/21/2024,05:00,BRHEIGHT_RN, 21.47,N
01/21/2024,05:00,BRIGHTSD_RN, 22.13,N
01/21/2024,05:00,BRIGHTSD_U1, 22.12,N
01/21/2024,05:00,BRISCOE_WIND, 16.04,N
01/21/2024,05:00,BRPANGLE_RN, 21.59,N
01/21/2024,05:00,BRPMAGNO_RN, 21.48,N
01/21/2024,05:00,BRP_BRAZ_RN, 21.59,N
01/21/2024,05:00,BRP_DIKN_RN, 21.47,N
01/21/2024,05:00,BRP_LOOP_RN, 21.97,N
01/21/2024,05:00,BRP_LOP1_RN, 22.24,N
01/21/2024,05:00,BRP_PBL1_RN, 40.36,N
01/21/2024,05:00,BRP_PBL2_RN, 40.36,N
01/21/2024,05:00,BRP_RN_UNIT1, 22.44,N
01/21/2024,05:00,BRP_SEMI_RN, 21.48,N
01/21/2024,05:00,BRP_SWNY_RN, 21.59,N
01/21/2024,05:00,BRP_ZPT1_RN, 22.29,N
01/21/2024,05:00,BRP_ZPT2_RN, 22.29,N
01/21/2024,05:00,BRTSW_BCW1, 20.47,N
01/21/2024,05:00,BR_ARROW_ALL, 20.61,N
01/21/2024,05:00,BR_VHB6CT5_6, 22.24,N
01/21/2024,05:00,BR_VHB6CT7_8, 22.24,N
01/21/2024,05:00,BSS_U1, 21.59,N
01/21/2024,05:00,BTE_BTE_G1, 21.42,N
01/21/2024,05:00,BTE_BTE_G2, 21.42,N
01/21/2024,05:00,BTE_BTE_G3, 21.42,N
01/21/2024,05:00,BTE_BTE_G4, 21.42,N
01/21/2024,05:00,BTE_CC1, 21.42,N
01/21/2024,05:00,BTE_PUN1, 21.42,N
01/21/2024,05:00,BTE_PUN2, 21.42,N
01/21/2024,05:00,BTM_ALL, 21.54,N
01/21/2024,05:00,BUCHAN_ALL, 21.4,N
01/21/2024,05:00,BUCKTHRN_RN, 20.75,N
01/21/2024,05:00,BUFF_GAP_ALL, 20.96,N
01/21/2024,05:00,BULLCRK_1_2, 22.81,N
01/21/2024,05:00,BVE_CC1, 21.49,N
01/21/2024,05:00,BVE_UNIT1, 21.49,N
01/21/2024,05:00,BVE_UNIT2, 21.49,N
01/21/2024,05:00,BVE_UNIT3, 21.49,N
01/21/2024,05:00,BYRDR_ES_ALL, 21.59,N
01/21/2024,05:00,BYU_BYU_1, 21.45,N
01/21/2024,05:00,BYU_BYU_12, 21.45,N
01/21/2024,05:00,BYU_BYU_34, 21.45,N
01/21/2024,05:00,BYU_BYU_G8, 21.45,N
01/21/2024,05:00,BYU_CC1, 21.45,N
01/21/2024,05:00,BYU_G4_RN, 21.45,N
01/21/2024,05:00,BYU_PUN1, 21.45,N
01/21/2024,05:00,BYU_PUN2, 21.45,N
01/21/2024,05:00,BYU_PUN3, 21.45,N
01/21/2024,05:00,BYU_PUN4, 21.45,N
01/21/2024,05:00,B_DAVIS_3, 22.05,N
01/21/2024,05:00,B_DAVIS_4, 22.05,N
01/21/2024,05:00,B_DAVIS_CC1, 22.05,N
01/21/2024,05:00,B_D_B_DAVIG1, 22.05,N
01/21/2024,05:00,B_D_B_DAVIG2, 22.05,N
01/21/2024,05:00,CABEZON_ALL, 22.16,N
01/21/2024,05:00,CALAVER_JKS1, 22.24,N
01/21/2024,05:00,CALAVER_JKS2, 22.24,N
01/21/2024,05:00,CALAVER_JTD1, 22.27,N
01/21/2024,05:00,CALAVER_JTD2, 22.27,N
01/21/2024,05:00,CALAVER_OWS1, 22.25,N
01/21/2024,05:00,CALAVER_OWS2, 22.25,N
01/21/2024,05:00,CALHOUN_ALL, 21.87,N
01/21/2024,05:00,CALLAHA_WND1, 20.91,N
01/21/2024,05:00,CAL_CALGT1, 21.43,N
01/21/2024,05:00,CAL_CALSTG1, 21.43,N
01/21/2024,05:00,CAL_CC1, 21.43,N
01/21/2024,05:00,CAL_PUN1, 21.43,N
01/21/2024,05:00,CAL_PUN2, 21.43,N
01/21/2024,05:00,CAMWIND_RN, 14.29,N
01/21/2024,05:00,CANYONWD_ALL, 19.64,N
01/21/2024,05:00,CAPRIDG4_CR4, 26.82,N
01/21/2024,05:00,CAPRIDGE_ALL, 26.82,N
01/21/2024,05:00,CARBN_BSP_1, 28.11,N
01/21/2024,05:00,CASL_GAP_UN1, 30.94,N
01/21/2024,05:00,CATARINA_B1, 32.89,N
01/21/2024,05:00,CBECII_89, 21.57,N
01/21/2024,05:00,CBECII_CC3, 21.57,N
01/21/2024,05:00,CBECII_CT7, 21.57,N
01/21/2024,05:00,CBEC_ALL, 21.59,N
01/21/2024,05:00,CBEC_CC1, 21.59,N
01/21/2024,05:00,CBEC_CC2, 21.59,N
01/21/2024,05:00,CBY4_ALL, 21.42,N
01/21/2024,05:00,CBY4_CC1, 21.42,N
01/21/2024,05:00,CBY_CBY_G1, 21.42,N
01/21/2024,05:00,CBY_CBY_G2, 21.43,N
01/21/2024,05:00,CCEC_CC1, 22.05,N
01/21/2024,05:00,CCEC_GT1, 22.05,N
01/21/2024,05:00,CCEC_GT2, 22.05,N
01/21/2024,05:00,CCEC_PUN1, 22.05,N
01/21/2024,05:00,CCEC_PUN2, 22.05,N
01/21/2024,05:00,CCEC_ST1, 22.05,N
01/21/2024,05:00,CEDROHI_CHW1, 22.23,N
01/21/2024,05:00,CEDRVALE_RN, 30.66,N
01/21/2024,05:00,CFLATS_UNIT, 24.25,N
01/21/2024,05:00,CHALUP_ALL, 14.29,N
01/21/2024,05:00,CHAL_SLR_RN, 30.69,N
01/21/2024,05:00,CHAMON_UN1, 21.42,N
01/21/2024,05:00,CHAMON_UN2, 21.42,N
01/21/2024,05:00,CHEDPW_GT2, 21.4,N
01/21/2024,05:00,CHE_CC1, 21.41,N
01/21/2024,05:00,CHE_LYD, 21.41,N
01/21/2024,05:00,CHE_LYD2, 21.41,N
01/21/2024,05:00,CHE_PUN1, 21.41,N
01/21/2024,05:00,CHE_PUN2, 21.41,N
01/21/2024,05:00,CHISMGRD_RN, 20.48,N
01/21/2024,05:00,CISC_RN, 20.95,N
01/21/2024,05:00,CITYVICT_ALL, 21.96,N
01/21/2024,05:00,CN_BRKS_UNT1, 15.8,N
01/21/2024,05:00,COL_COLETOG1, 22.04,N
01/21/2024,05:00,CONIGLIO_RN, 20.59,N
01/21/2024,05:00,CONTINEN_RN, 14.36,N
01/21/2024,05:00,CORALSLR_ALL, 21.11,N
01/21/2024,05:00,CORAZON_RN, 22.2,N
01/21/2024,05:00,COTPLNS_RN, 16,N
01/21/2024,05:00,COTTON_PAP2, 22.04,N
01/21/2024,05:00,COYOTSPR_RN, 30.67,N
01/21/2024,05:00,CPSES_UNIT1, 20.67,N
01/21/2024,05:00,CPSES_UNIT2, 20.67,N
01/21/2024,05:00,CRANELL_ALL, 22.06,N
01/21/2024,05:00,CROSSETT_ALL, 30.95,N
01/21/2024,05:00,CRWN_SLR_UN1, 21.22,N
01/21/2024,05:00,CSC_CSECG1_2, 22.88,N
01/21/2024,05:00,CVC_CC1, 21.4,N
01/21/2024,05:00,CVC_CVCG1_5, 21.4,N
01/21/2024,05:00,CVC_CVC_G2, 21.4,N
01/21/2024,05:00,CVC_CVC_G3, 21.4,N
01/21/2024,05:00,DAG_ALL, 21.64,N
01/21/2024,05:00,DANSBY_ALL, 21.24,N
01/21/2024,05:00,DAN_ALL, 21.63,N
01/21/2024,05:00,DA_BESS, 21.57,N
01/21/2024,05:00,DC2SES_ALL, 20.68,N
01/21/2024,05:00,DC_E, 20.61,N
01/21/2024,05:00,DC_L, 22.25,N
01/21/2024,05:00,DC_N, 19.68,N
01/21/2024,05:00,DC_R, 14.32,N
01/21/2024,05:00,DDPEC_CC1, 21.44,N
01/21/2024,05:00,DDPEC_GT1, 21.44,N
01/21/2024,05:00,DDPEC_GT2, 21.44,N
01/21/2024,05:00,DDPEC_GT3, 21.44,N
01/21/2024,05:00,DDPEC_GT4, 21.44,N
01/21/2024,05:00,DDPEC_GT6, 21.44,N
01/21/2024,05:00,DDPEC_ST1, 21.44,N
01/21/2024,05:00,DECKER_DPG2, 21.83,N
01/21/2024,05:00,DECKER_GT, 21.83,N
01/21/2024,05:00,DENISON_G1_2, 20.57,N
01/21/2024,05:00,DERMOTT_ALL, 19.84,N
01/21/2024,05:00,DIBOL_RN, 20.79,N
01/21/2024,05:00,DIB_CC1, 21.44,N
01/21/2024,05:00,DIB_DIB_G1, 21.44,N
01/21/2024,05:00,DIB_DIB_G2, 21.44,N
01/21/2024,05:00,DIB_DIB_G3, 21.44,N
01/21/2024,05:00,DIB_DIB_G4, 21.44,N
01/21/2024,05:00,DIB_PUN1, 21.44,N
01/21/2024,05:00,DIB_PUN2, 21.44,N
01/21/2024,05:00,DILEOS_UNIT1, 21.04,N
01/21/2024,05:00,DKNS_ESS_RN, 18.8,N
01/21/2024,05:00,DOWGEN_PUN1, 21.56,N
01/21/2024,05:00,DOWGEN_PUN2, 21.56,N
01/21/2024,05:00,DOWGEN_PUN3, 21.56,N
01/21/2024,05:00,DOW_61_2_63, 21.56,N
01/21/2024,05:00,DOW_64, 21.56,N
01/21/2024,05:00,DOW_81_2_84, 21.56,N
01/21/2024,05:00,DOW_G37_G35, 21.56,N
01/21/2024,05:00,DOW_G66_ST65, 21.56,N
01/21/2024,05:00,DOW_G67, 21.56,N
01/21/2024,05:00,DOW_G96_ST95, 21.56,N
01/21/2024,05:00,DUKE_CC1, 14.31,N
01/21/2024,05:00,DUKE_GST1CCU, 14.31,N
01/21/2024,05:00,DUKE_GT2_CCU, 14.31,N
01/21/2024,05:00,DUP_PUN1, 21.95,N
01/21/2024,05:00,DUP_PUN2, 21.95,N
01/21/2024,05:00,DUP_PUN3, 21.95,N
01/21/2024,05:00,DUP_PUN4, 21.95,N
01/21/2024,05:00,EBELLS_UNIT1, 21.3,N
01/21/2024,05:00,EBNY_ESS_RN, 22.23,N
01/21/2024,05:00,ECLIPSE_UN1, 30.06,N
01/21/2024,05:00,EIFSLR_UNIT1, 20.59,N
01/21/2024,05:00,ELB_ELBCREEK, 29.99,N
01/21/2024,05:00,ELECTRAW_1_2, 19.67,N
01/21/2024,05:00,ELSAUZ_ALL, 22.11,N
01/21/2024,05:00,ELSA_ESR_RN, 14.31,N
01/21/2024,05:00,ELS_RN_1, 20.7,N
01/21/2024,05:00,EL_RAYO_ALL, 14.29,N
01/21/2024,05:00,ENDPARK_ESS1, 20.65,N
01/21/2024,05:00,ERSL_RN, 23.91,N
01/21/2024,05:00,ESTONIAN_ALL, 20.6,N
01/21/2024,05:00,ETCCS_CC1, 20.74,N
01/21/2024,05:00,ETCCS_CCU, 20.74,N
01/21/2024,05:00,EUNICE_ALL, 31.41,N
01/21/2024,05:00,EXGNSND_RN, 22.29,N
01/21/2024,05:00,EXGNWTL_1, 22.23,N
01/21/2024,05:00,EXN_14, 21.43,N
01/21/2024,05:00,EXN_1_3, 21.43,N
01/21/2024,05:00,EXN_4, 21.43,N
01/21/2024,05:00,EXN_8, 21.43,N
01/21/2024,05:00,EXN_9_13, 21.43,N
01/21/2024,05:00,EXN_PUN1, 21.43,N
01/21/2024,05:00,EXN_PUN2, 21.43,N
01/21/2024,05:00,EXN_PUN3, 21.43,N
01/21/2024,05:00,E_BLACK_RN, 21.76,N
01/21/2024,05:00,FALFUR_RN, 22.15,N
01/21/2024,05:00,FAL_FALCONG1, 22.22,N
01/21/2024,05:00,FAL_FALCONG2, 22.22,N
01/21/2024,05:00,FAL_FALCONG3, 22.22,N
01/21/2024,05:00,FAULKNER_RN, 30.67,N
01/21/2024,05:00,FEGC_RN, 21.48,N
01/21/2024,05:00,FENCESLR_ALL, 20.81,N
01/21/2024,05:00,FERGCC_CC1, 22.25,N
01/21/2024,05:00,FERGCC_GT1_1, 22.25,N
01/21/2024,05:00,FERGCC_GT2_3, 22.25,N
01/21/2024,05:00,FERGCC_ST1_5, 22.25,N
01/21/2024,05:00,FERMI_ALL, 30.56,N
01/21/2024,05:00,FILESSLR_PV1, 20.78,N
01/21/2024,05:00,FIVEWSLR_ALL, 21.42,N
01/21/2024,05:00,FLCNS_CC1, 31.47,N
01/21/2024,05:00,FLCNS_UNIT1, 31.47,N
01/21/2024,05:00,FLCNS_UNIT2, 31.47,N
01/21/2024,05:00,FLCNS_UNIT3, 31.47,N
01/21/2024,05:00,FLOWERII_RN, 30.64,N
01/21/2024,05:00,FLTBES1, 30.64,N
01/21/2024,05:00,FLTCK_SSI, 20.84,N
01/21/2024,05:00,FLUVANNA_1_2, 20.65,N
01/21/2024,05:00,FLVABES1_ESR, 30.64,N
01/21/2024,05:00,FOARDCTY_ALL, 19.43,N
01/21/2024,05:00,FORMOSA_CC1, 21.86,N
01/21/2024,05:00,FORMOSA_CC2, 21.86,N
01/21/2024,05:00,FORMOSA_PUN1, 21.86,N
01/21/2024,05:00,FORMOSA_PUN2, 21.86,N
01/21/2024,05:00,FOXTROT_ALL, 22.11,N
01/21/2024,05:00,FO_FORMOSA11, 21.86,N
01/21/2024,05:00,FO_FORMOSA12, 21.86,N
01/21/2024,05:00,FO_FORMOSG1, 21.86,N
01/21/2024,05:00,FO_FORMOSG10, 21.86,N
01/21/2024,05:00,FO_FORMOSG13, 21.86,N
01/21/2024,05:00,FO_FORMOSG14, 21.86,N
01/21/2024,05:00,FO_FORMOSG15, 21.86,N
01/21/2024,05:00,FO_FORMOSG2, 21.86,N
01/21/2024,05:00,FO_FORMOSG3, 21.86,N
01/21/2024,05:00,FO_FORMOSG4, 21.86,N
01/21/2024,05:00,FO_FORMOSG5, 21.86,N
01/21/2024,05:00,FO_FORMOSG6, 21.86,N
01/21/2024,05:00,FO_FORMOSG7, 21.86,N
01/21/2024,05:00,FO_FORMOSG8, 21.86,N
01/21/2024,05:00,FO_FORMOSG9, 21.86,N
01/21/2024,05:00,FPPYD_FPP_G1, 21.81,N
01/21/2024,05:00,FPPYD_FPP_G2, 21.81,N
01/21/2024,05:00,FPPYD_FPP_G3, 21.81,N
01/21/2024,05:00,FREC_1_CCU, 20.86,N
01/21/2024,05:00,FREC_2_CCU, 20.87,N
01/21/2024,05:00,FREC_CC1, 20.86,N
01/21/2024,05:00,FREC_CC2, 20.87,N
01/21/2024,05:00,FRMRSVLW_RN, 20.61,N
01/21/2024,05:00,FRNYPP_1_CCU, 20.67,N
01/21/2024,05:00,FRNYPP_2_CCU, 20.67,N
01/21/2024,05:00,FRNYPP_CC1, 20.67,N
01/21/2024,05:00,FRNYPP_CC2, 20.67,N
01/21/2024,05:00,FRONT_EC_CC1, 14.32,N
01/21/2024,05:00,FRONT_EC_RN1, 14.32,N
01/21/2024,05:00,FRONT_EC_RN2, 14.32,N
01/21/2024,05:00,FRONT_EC_RN3, 14.32,N
01/21/2024,05:00,FRYE_SLR_ALL, 15.89,N
01/21/2024,05:00,FTR_CC1, 21.26,N
01/21/2024,05:00,FTR_FTR_G1_4, 21.26,N
01/21/2024,05:00,FTWIND_UNIT1, 21.44,N
01/21/2024,05:00,FWLR_SLR_1, 30.94,N
01/21/2024,05:00,GALO_RN1, 23.03,N
01/21/2024,05:00,GAMBIT_RN, 21.59,N
01/21/2024,05:00,GARC_BESS_RN, 14.37,N
01/21/2024,05:00,GBY_GT, 21.42,N
01/21/2024,05:00,GID_GIDEONG1, 21.82,N
01/21/2024,05:00,GID_GIDEONG2, 21.82,N
01/21/2024,05:00,GID_GIDEONG3, 21.82,N
01/21/2024,05:00,GIGA_ESS_RN, 21.86,N
01/21/2024,05:00,GOA_GOATWIND, 27.6,N
01/21/2024,05:00,GOLINDA_UN1, 21.22,N
01/21/2024,05:00,GOMZ_RN, 30.65,N
01/21/2024,05:00,GOODNIT1_ALL, 16.09,N
01/21/2024,05:00,GPASTURE_ALL, 19.86,N
01/21/2024,05:00,GRANDVW1_A_B, 16.11,N
01/21/2024,05:00,GRDNE_ESR_RN, 29.16,N
01/21/2024,05:00,GREASWOD_ALL, 30.15,N
01/21/2024,05:00,GRIF_TRL_RN, 19.59,N
01/21/2024,05:00,GRSES_UNIT1, 20.3,N
01/21/2024,05:00,GRSES_UNIT2, 20.11,N
01/21/2024,05:00,GUADG_CC1, 22.13,N
01/21/2024,05:00,GUADG_CC2, 22.13,N
01/21/2024,05:00,GUADG_CCU1, 22.13,N
01/21/2024,05:00,GUADG_CCU2, 22.13,N
01/21/2024,05:00,GUNMTN_NODE, 24.8,N
01/21/2024,05:00,GWEC_G1, 21.49,N
01/21/2024,05:00,HALO_RN1, 21.38,N
01/21/2024,05:00,HAMI_BESS_RN, 30.33,N
01/21/2024,05:00,HAYSEN1_2, 22.11,N
01/21/2024,05:00,HAYSEN3_4, 22.11,N
01/21/2024,05:00,HB_BUSAVG, 21.39,N
01/21/2024,05:00,HB_HOUSTON, 21.43,N
01/21/2024,05:00,HB_HUBAVG, 21.96,N
01/21/2024,05:00,HB_NORTH, 20.74,N
01/21/2024,05:00,HB_PAN, 16.36,N
01/21/2024,05:00,HB_SOUTH, 21.29,N
01/21/2024,05:00,HB_WEST, 24.36,N
01/21/2024,05:00,HELIOS_RN, 32.11,N
01/21/2024,05:00,HHGT_KENDAL, 23.07,N
01/21/2024,05:00,HHOLLW2_WND1, 20.96,N
01/21/2024,05:00,HHOLLW3_WND1, 20.96,N
01/21/2024,05:00,HHOLLW4_WND1, 20.96,N
01/21/2024,05:00,HICK_G1_G2, 25.87,N
01/21/2024,05:00,HI_LONEB_RN1, 26.77,N
01/21/2024,05:00,HI_LONE_ALL, 26.77,N
01/21/2024,05:00,HLSES_UNIT3, 20.62,N
01/21/2024,05:00,HLSES_UNIT4, 20.62,N
01/21/2024,05:00,HLSES_UNIT5, 20.62,N
01/21/2024,05:00,HMNG_ESS_RN, 20.39,N
01/21/2024,05:00,HOLCOMB_RN1, 22.86,N
01/21/2024,05:00,HOLSTEIN_ALL, 20.64,N
01/21/2024,05:00,HOL_ALL, 21.6,N
01/21/2024,05:00,HOPKNSLR_ALL, 20.61,N
01/21/2024,05:00,HORSCR_RN, 30.99,N
01/21/2024,05:00,HORSECRK_RN, 19.71,N
01/21/2024,05:00,HOUSEMTN_RN, 38.76,N
01/21/2024,05:00,HOVEY_GEN, 30.48,N
01/21/2024,05:00,HRBESS_BESS, 30.49,N
01/21/2024,05:00,HRFDWIND_ALL, 15.68,N
01/21/2024,05:00,HRZN_SLR_UN1, 22.89,N
01/21/2024,05:00,HWF_HWFG1, 20.12,N
01/21/2024,05:00,HYDR_ESS_RN, 29.81,N
01/21/2024,05:00,H_HOLLO_WND1, 20.96,N
01/21/2024,05:00,IMP_RN1, 20.59,N
01/21/2024,05:00,INDNENR_1_RN, 31.4,N
01/21/2024,05:00,INDNENR_2_RN, 31.2,N
01/21/2024,05:00,INDNNWP_RN, 31.28,N
01/21/2024,05:00,IND_INADALE1, 18.17,N
01/21/2024,05:00,INGLCOSW_CC1, 22.03,N
01/21/2024,05:00,INGLCOSW_STG, 22.03,N
01/21/2024,05:00,INGLCOS_CTG1, 22.03,N
01/21/2024,05:00,INGLCOS_CTG2, 22.03,N
01/21/2024,05:00,INGLCO_PUN1, 22.03,N
01/21/2024,05:00,INGLCO_PUN2, 22.03,N
01/21/2024,05:00,INGLCO_PUN3, 22.03,N
01/21/2024,05:00,INKS_INKS_G1, 32.69,N
01/21/2024,05:00,INRT_W_ALL, 19.79,N
01/21/2024,05:00,JACKCNTY_CC1, 20.48,N
01/21/2024,05:00,JACKCNTY_CT1, 20.48,N
01/21/2024,05:00,JACKCNTY_CT2, 20.48,N
01/21/2024,05:00,JACKCNTY_STG, 20.48,N
01/21/2024,05:00,JADE_SLR_ALL, 19.8,N
01/21/2024,05:00,JAY_RN_1, 21.52,N
01/21/2024,05:00,JCKCNTY2_CC1, 20.31,N
01/21/2024,05:00,JCKCNTY2_CT3, 20.31,N
01/21/2024,05:00,JCKCNTY2_CT4, 20.31,N
01/21/2024,05:00,JCKCNTY2_ST2, 20.31,N
01/21/2024,05:00,JC_BAT_RN, 22.31,N
01/21/2024,05:00,JDKNS_RN, 30.77,N
01/21/2024,05:00,JUNCTION_RN, 24.24,N
01/21/2024,05:00,JUNO_ALL, 24.23,N
01/21/2024,05:00,KARAKAW1_1, 22.08,N
01/21/2024,05:00,KARAKAW2_1, 22.08,N
01/21/2024,05:00,KEECHI_U1, 20.48,N
01/21/2024,05:00,KELAMSL_U1, 20.79,N
01/21/2024,05:00,KEO_KEO_SM1, 30.99,N
01/21/2024,05:00,KINGE_ALL, 30.99,N
01/21/2024,05:00,KINGW_ALL, 30.95,N
01/21/2024,05:00,KMCHI_CC1, 20.58,N
01/21/2024,05:00,KMCHI_CC2, 20.58,N
01/21/2024,05:00,LACY_CRK_ALL, 28.44,N
01/21/2024,05:00,LAMESASLR_G, 22.25,N
01/21/2024,05:00,LAPETUS_U1, 31.64,N
01/21/2024,05:00,LARDVFTN_G4, 22.25,N
01/21/2024,05:00,LARDVFTN_G5, 22.25,N
01/21/2024,05:00,LASSO_GEN, 38.76,N
01/21/2024,05:00,LBRA_BES1, 22.12,N
01/21/2024,05:00,LEG_LEG_G1, 21.07,N
01/21/2024,05:00,LEG_LEG_G2, 21.07,N
01/21/2024,05:00,LEONLCPCT1_2, 22.28,N
01/21/2024,05:00,LEONLCPCT3_4, 22.28,N
01/21/2024,05:00,LFSTH_RN, 20.79,N
01/21/2024,05:00,LGDRAW_S_ALL, 24.23,N
01/21/2024,05:00,LGD_LANGFORD, 26.29,N
01/21/2024,05:00,LGE_CC1, 22.03,N
01/21/2024,05:00,LGE_LGE_GT1, 22.03,N
01/21/2024,05:00,LGE_LGE_GT2, 22.03,N
01/21/2024,05:00,LGE_LGE_STG, 22.03,N
01/21/2024,05:00,LGE_PUN1, 22.03,N
01/21/2024,05:00,LGE_PUN2, 22.03,N
01/21/2024,05:00,LGW_UNIT_ALL, 21.3,N
01/21/2024,05:00,LHM_CVC_G4, 21.42,N
01/21/2024,05:00,LHM_PUN1, 21.42,N
01/21/2024,05:00,LHM_PUN2, 21.42,N
01/21/2024,05:00,LHORN_N_U1_2, 16.04,N
01/21/2024,05:00,LHSES_UNIT1, 20.66,N
01/21/2024,05:00,LHSES_UNIT2, 20.66,N
01/21/2024,05:00,LIG_RN, 21.42,N
01/21/2024,05:00,LILY_RN, 20.7,N
01/21/2024,05:00,LMAJADAS_ALL, 14.29,N
01/21/2024,05:00,LMO_ESR_RN, 21.25,N
01/21/2024,05:00,LNCRK_ALL, 20.12,N
01/21/2024,05:00,LONESTAR_RN, 30.75,N
01/21/2024,05:00,LONEWOLF_ALL, 20.8,N
01/21/2024,05:00,LON_RN1, 21.53,N
01/21/2024,05:00,LOSTPI_CC1, 21.81,N
01/21/2024,05:00,LOS_LOSTPGT1, 21.81,N
01/21/2024,05:00,LOS_LOSTPGT2, 21.81,N
01/21/2024,05:00,LOS_LOSTPST1, 21.81,N
01/21/2024,05:00,LPCCS_CC1, 20.59,N
01/21/2024,05:00,LPCCS_CC2, 20.59,N
01/21/2024,05:00,LPCCS_CT11, 20.59,N
01/21/2024,05:00,LPCCS_CT12, 20.59,N
01/21/2024,05:00,LPCCS_CT21, 20.59,N
01/21/2024,05:00,LPCCS_CT22, 20.59,N
01/21/2024,05:00,LPCCS_UNIT1, 20.59,N
01/21/2024,05:00,LPCCS_UNIT2, 20.59,N
01/21/2024,05:00,LV1A_LV1B, 14.29,N
01/21/2024,05:00,LV3_RN, 22.14,N
01/21/2024,05:00,LV3_UNIT1, 22.14,N
01/21/2024,05:00,LV4_UNIT_1, 22.14,N
01/21/2024,05:00,LV5_UNIT1, 14.35,N
01/21/2024,05:00,LZ_AEN, 21.84,N
01/21/2024,05:00,LZ_CPS, 22.28,N
01/21/2024,05:00,LZ_HOUSTON, 21.46,N
01/21/2024,05:00,LZ_LCRA, 22.15,N
01/21/2024,05:00,LZ_NORTH, 20.72,N
01/21/2024,05:00,LZ_RAYBN, 20.65,N
01/21/2024,05:00,LZ_SOUTH, 21.19,N
01/21/2024,05:00,LZ_WEST, 28.96,N
01/21/2024,05:00,L_FRE_ESR_RN, 14.29,N
01/21/2024,05:00,MADERO_RN, 14.32,N
01/21/2024,05:00,MAINLAND_RN, 21.48,N
01/21/2024,05:00,MARBFA, 22.25,N
01/21/2024,05:00,MARIAH_ALL, 15.68,N
01/21/2024,05:00,MAR_MARSFOG1, 21.84,N
01/21/2024,05:00,MAR_MARSFOG2, 21.84,N
01/21/2024,05:00,MAR_MARSFOG3, 21.84,N
01/21/2024,05:00,MASSENGL_CC1, 12.36,N
01/21/2024,05:00,MASSENGL_G6, 17.87,N
01/21/2024,05:00,MASSENGL_G7, 17.87,N
01/21/2024,05:00,MASSENGL_G8, 7.13,N
01/21/2024,05:00,MAVCRK_W_ALL, 23.03,N
01/21/2024,05:00,MCDLD_FCSBW1, 28.48,N
01/21/2024,05:00,MCLNSLR_RN, 27.88,N
01/21/2024,05:00,MCSES_UNIT6, 20.67,N
01/21/2024,05:00,MCSES_UNIT7, 20.67,N
01/21/2024,05:00,MCSES_UNIT8, 20.67,N
01/21/2024,05:00,MDANP_CT1_2, 20.71,N
01/21/2024,05:00,MDANP_CT3_4, 20.7,N
01/21/2024,05:00,MDANP_CT5_6, 20.71,N
01/21/2024,05:00,MERCURY_ALL, 20.86,N
01/21/2024,05:00,MESQCRK_ALL, 24.23,N
01/21/2024,05:00,MESTENO_RN, 22.14,N
01/21/2024,05:00,MGSES_CT123, 28.55,N
01/21/2024,05:00,MGSES_CT456, 28.55,N
01/21/2024,05:00,MIAM1_G1_G2, 16.34,N
01/21/2024,05:00,MIDWY_RN, 30.93,N
01/21/2024,05:00,MIL_MILG1_2, 20.64,N
01/21/2024,05:00,MIL_MILG345, 20.64,N
01/21/2024,05:00,MIRAGE_G1, 21.45,N
01/21/2024,05:00,MIRASOLE_GEN, 22.13,N
01/21/2024,05:00,MISAE_GEN_RN, 16.94,N
01/21/2024,05:00,MLSES_UNIT1, 20.76,N
01/21/2024,05:00,MLSES_UNIT2, 20.76,N
01/21/2024,05:00,MLSES_UNIT3, 20.76,N
01/21/2024,05:00,MNWL_BESS_RN, 20.57,N
01/21/2024,05:00,MOZART_WIND1, 22.78,N
01/21/2024,05:00,MUSTNGCK_ALL, 21.97,N
01/21/2024,05:00,MV_VALV4_RN, 14.31,N
01/21/2024,05:00,MWEC_G1, 22.36,N
01/21/2024,05:00,MYRY_ESR_RN, 14.32,N
01/21/2024,05:00,MYR_ALL, 21.55,N
01/21/2024,05:00,NACPW_UNIT1, 20.78,N
01/21/2024,05:00,NBOHR_RN, 28.69,N
01/21/2024,05:00,NCARBIDEG8, 21.92,N
01/21/2024,05:00,NCARBIDE_1_7, 21.92,N
01/21/2024,05:00,NCARBID_PUN1, 21.92,N
01/21/2024,05:00,NCARBID_PUN2, 21.92,N
01/21/2024,05:00,NCO_RN, 21.59,N
01/21/2024,05:00,NEBULA_RN, 14.3,N
01/21/2024,05:00,NEDIN_CC1, 14.28,N
01/21/2024,05:00,NED_NEDIN_G1, 14.31,N
01/21/2024,05:00,NED_NEDIN_G2, 14.31,N
01/21/2024,05:00,NED_NEDIN_G3, 14.21,N
01/21/2024,05:00,NF_BRP_RN, 21.83,N
01/21/2024,05:00,NOBLESLR_ALL, 20.39,N
01/21/2024,05:00,NOVA1SLR_ALL, 19.35,N
01/21/2024,05:00,NOVA2S_UNIT1, 19.35,N
01/21/2024,05:00,NUECES_B_CC1, 22.05,N
01/21/2024,05:00,NUE_NUECESG7, 22.05,N
01/21/2024,05:00,NUE_NUECESG8, 22.05,N
01/21/2024,05:00,NUE_NUECESG9, 22.05,N
01/21/2024,05:00,NWF_NWF1, 31.24,N
01/21/2024,05:00,N_AL_BESS_RN, 14.31,N
01/21/2024,05:00,N_MRD_ESR_RN, 14.3,N
01/21/2024,05:00,OBERON_U1, 30.92,N
01/21/2024,05:00,ODESW_RN, 30.88,N
01/21/2024,05:00,OECCS_1, 30.66,N
01/21/2024,05:00,OECCS_2, 30.66,N
01/21/2024,05:00,OECCS_CC1, 30.66,N
01/21/2024,05:00,OECCS_CC2, 30.66,N
01/21/2024,05:00,OGSES_1, 21.17,N
01/21/2024,05:00,OGSES_2, 21.17,N
01/21/2024,05:00,OLIN_OLING_1, 20.63,N
01/21/2024,05:00,OLIN_OLING_2, 20.63,N
01/21/2024,05:00,OLIN_OLING_3, 20.63,N
01/21/2024,05:00,OLIN_OLING_4, 20.63,N
01/21/2024,05:00,OLNEYTN_RN, 20.23,N
01/21/2024,05:00,OR_BESS_RN, 21.61,N
01/21/2024,05:00,OWF_OWF, 28.68,N
01/21/2024,05:00,OXY_OXY_CCG1, 22.05,N
01/21/2024,05:00,OXY_PUN1, 22.05,N
01/21/2024,05:00,OXY_PUN2, 22.05,N
01/21/2024,05:00,PALE_ESS_EN, 16.59,N
01/21/2024,05:00,PALMWI_UNIT1, 14.29,N
01/21/2024,05:00,PANDA_S_CC1, 20.57,N
01/21/2024,05:00,PANDA_S_CT1, 20.57,N
01/21/2024,05:00,PANDA_S_CT2, 20.57,N
01/21/2024,05:00,PANDA_S_ST1, 20.57,N
01/21/2024,05:00,PANDA_T1_CC1, 21.43,N
01/21/2024,05:00,PANDA_T1_CT1, 21.43,N
01/21/2024,05:00,PANDA_T1_CT2, 21.43,N
01/21/2024,05:00,PANDA_T1_ST1, 21.43,N
01/21/2024,05:00,PANDA_T2_CC1, 21.43,N
01/21/2024,05:00,PANDA_T2_CT1, 21.43,N
01/21/2024,05:00,PANDA_T2_CT2, 21.43,N
01/21/2024,05:00,PANDA_T2_ST1, 21.43,N
01/21/2024,05:00,PAP1_PAP1, 22.04,N
01/21/2024,05:00,PAULN_RN, 20.78,N
01/21/2024,05:00,PAVLOV_BT_RN, 22.87,N
01/21/2024,05:00,PAVO_ESS_ALL, 30.99,N
01/21/2024,05:00,PB2SES_CT1, 30.8,N
01/21/2024,05:00,PB2SES_CT2, 30.8,N
01/21/2024,05:00,PB2SES_CT3, 30.8,N
01/21/2024,05:00,PB2SES_CT4, 30.8,N
01/21/2024,05:00,PB2SES_CT5, 30.8,N
01/21/2024,05:00,PC_NORTH_1, 29.99,N
01/21/2024,05:00,PC_SOUTH_ALL, 29.99,N
01/21/2024,05:00,PEARSA_1_24, 22.89,N
01/21/2024,05:00,PENA_ALL, 22.09,N
01/21/2024,05:00,PES1_RN, 21.48,N
01/21/2024,05:00,PEY_RN, 21.63,N
01/21/2024,05:00,PH1_UNIT1_2, 16.23,N
01/21/2024,05:00,PH2_U1_U2, 16.23,N
01/21/2024,05:00,PHILLWND_ALL, 21.08,N
01/21/2024,05:00,PHOEBE_ALL, 30.91,N
01/21/2024,05:00,PHOENIX_RN, 20.59,N
01/21/2024,05:00,PHO_ALL, 21.57,N
01/21/2024,05:00,PIONR_DJ_RN, 30.51,N
01/21/2024,05:00,PISG_RN_ALL, 20.85,N
01/21/2024,05:00,PITSDD_UNIT1, 20.87,N
01/21/2024,05:00,PLN_ALL, 21.63,N
01/21/2024,05:00,PNPI_GT2_RN, 21.51,N
01/21/2024,05:00,PORTSL_UNIT1, 20.38,N
01/21/2024,05:00,POTSVIL_RN, 21.14,N
01/21/2024,05:00,PRID_RN, 21.86,N
01/21/2024,05:00,PROSPERO_ALL, 31.39,N
01/21/2024,05:00,PRO_RN, 21.48,N
01/21/2024,05:00,PRSPERO2_ALL, 31.39,N
01/21/2024,05:00,PR_PR_ALL, 21.43,N
01/21/2024,05:00,PR_PR_G2, 21.43,N
01/21/2024,05:00,PSA_CC1, 21.42,N
01/21/2024,05:00,PSA_PSA_G1, 21.42,N
01/21/2024,05:00,PSA_PSA_G2, 21.42,N
01/21/2024,05:00,PSA_PSA_G3, 21.42,N
01/21/2024,05:00,PSA_PSA_G4, 21.42,N
01/21/2024,05:00,PSA_PSA_G5, 21.42,N
01/21/2024,05:00,PSA_PSA_G6, 21.42,N
01/21/2024,05:00,PSA_PSA_G7, 21.42,N
01/21/2024,05:00,PSA_PUN1, 21.42,N
01/21/2024,05:00,PSA_PUN2, 21.42,N
01/21/2024,05:00,PSA_PUN3, 21.42,N
01/21/2024,05:00,PSA_PUN4, 21.42,N
01/21/2024,05:00,PSA_PUN5, 21.42,N
01/21/2024,05:00,PSG_CC1, 21.43,N
01/21/2024,05:00,PSG_PSG_GT2, 21.43,N
01/21/2024,05:00,PSG_PSG_GT3, 21.43,N
01/21/2024,05:00,PSG_PSG_ST1, 21.43,N
01/21/2024,05:00,PTLBES_BESS1, 21.9,N
01/21/2024,05:00,PYR_PYRON1, 18.17,N
01/21/2024,05:00,QALSW_ALL, 30.68,N
01/21/2024,05:00,QALSW_CC1, 30.68,N
01/21/2024,05:00,QALSW_CC2, 30.68,N
01/21/2024,05:00,QUEEN_BA_RN, 30.53,N
01/21/2024,05:00,QUEEN_SL_RN, 30.53,N
01/21/2024,05:00,RAB_G1-8, 21.49,N
01/21/2024,05:00,RADN_SLR_ALL, 22.01,N
01/21/2024,05:00,RAMBLER_UNIT, 24.61,N
01/21/2024,05:00,RANCHERO_ALL, 26.17,N
01/21/2024,05:00,RAT_RN_1, 24.25,N
01/21/2024,05:00,RAYBURN_CC1, 21.96,N
01/21/2024,05:00,RAYB_G78910, 21.96,N
01/21/2024,05:00,RBN_BESS1, 21.53,N
01/21/2024,05:00,RDCAN_RDCNY1, 23.12,N
01/21/2024,05:00,REDBARN_RN, 30.04,N
01/21/2024,05:00,REDFISH_ALL, 14.29,N
01/21/2024,05:00,REDGATE_ALL, 14.31,N
01/21/2024,05:00,REDGATE_RN, 14.31,N
01/21/2024,05:00,RELOJ_ALL, 22.18,N
01/21/2024,05:00,REROCK_ALL, 30.48,N
01/21/2024,05:00,RHESS2_ESS1, 21.74,N
01/21/2024,05:00,RIGGIN_UNIT1, 30.8,N
01/21/2024,05:00,RIOG_ESR_RN, 14.36,N
01/21/2024,05:00,RIONOG_CC1, 22.09,N
01/21/2024,05:00,RIONOG_CT1, 22.09,N
01/21/2024,05:00,RIONOG_CT2, 22.09,N
01/21/2024,05:00,RIONOG_CT3, 22.09,N
01/21/2024,05:00,RIONOG_ST1, 22.09,N
01/21/2024,05:00,RIPPEY_ALL, 20.51,N
01/21/2024,05:00,RN_APOGEE, 20,N
01/21/2024,05:00,RN_BYU_G8, 21.45,N
01/21/2024,05:00,RN_DEC_AGR_A, 20.49,N
01/21/2024,05:00,RN_DEC_AGR_B, 20.49,N
01/21/2024,05:00,RN_DEC_AGR_C, 20.49,N
01/21/2024,05:00,RN_DEC_AGR_D, 20.49,N
01/21/2024,05:00,RN_ECEC_HOLT, 31.21,N
01/21/2024,05:00,RN_OCI_ALAMO, 22.29,N
01/21/2024,05:00,RN_RTS1, 22.54,N
01/21/2024,05:00,RN_SR_WIND1, 14.29,N
01/21/2024,05:00,RN_TOSBATT, 28.02,N
01/21/2024,05:00,ROSELAND_ALL, 21.09,N
01/21/2024,05:00,ROUTE66_RN, 16.11,N
01/21/2024,05:00,ROW_ALL, 21.51,N
01/21/2024,05:00,RPUBRDS_RN, 21.27,N
01/21/2024,05:00,RRANCHES_ALL, 30.7,N
01/21/2024,05:00,RRC_WIND_ALL, 20.35,N
01/21/2024,05:00,RSK_RN, 28.69,N
01/21/2024,05:00,RTLSNAKE_BT, 30.71,N
01/21/2024,05:00,RUSSEKST_RN, 40.98,N
01/21/2024,05:00,RVRVLYS_ALL, 21.72,N
01/21/2024,05:00,SADLBACK_RN, 30.66,N
01/21/2024,05:00,SALVTION_GEN, 19.71,N
01/21/2024,05:00,SAMSON_ALL, 20.61,N
01/21/2024,05:00,SANDHSYD1_2, 21.84,N
01/21/2024,05:00,SANDHSYD3_4, 21.84,N
01/21/2024,05:00,SANDHSYD6_7, 21.84,N
01/21/2024,05:00,SANDHSYD_5AC, 21.84,N
01/21/2024,05:00,SANDHSYD_CC1, 21.84,N
01/21/2024,05:00,SANTACRU_ALL, 22.06,N
01/21/2024,05:00,SAN_SANMIGG1, 22.12,N
01/21/2024,05:00,SBEAN_BESS, 30.7,N
01/21/2024,05:00,SBE_RN_1, 21.69,N
01/21/2024,05:00,SC2SES_UNIT1, 20.78,N
01/21/2024,05:00,SCES_UNIT1, 21.1,N
01/21/2024,05:00,SCLP_PUN1, 21.59,N
01/21/2024,05:00,SCLP_PUN2, 21.59,N
01/21/2024,05:00,SCLP_PUN3, 21.59,N
01/21/2024,05:00,SCLP_PUN4, 21.59,N
01/21/2024,05:00,SCLP_SCLPC_1, 21.59,N
01/21/2024,05:00,SCLP_SCLPC_2, 21.59,N
01/21/2024,05:00,SCLP_SCLPC_3, 21.59,N
01/21/2024,05:00,SCLP_SCLPC_4, 21.59,N
01/21/2024,05:00,SCSES_UNIT2, 20.78,N
01/21/2024,05:00,SDSES_PUN1, 21.6,N
01/21/2024,05:00,SDSES_PUN3, 21.6,N
01/21/2024,05:00,SENATEWD_1, 20.18,N
01/21/2024,05:00,SGM_SIGNALMT, 32.73,N
01/21/2024,05:00,SGSA_DGR, 30.48,N
01/21/2024,05:00,SG_BES_BESS1, 30.8,N
01/21/2024,05:00,SHAFFER_ALL, 22.07,N
01/21/2024,05:00,SHAMROCK_RN, 26.01,N
01/21/2024,05:00,SHANNONW_RN, 20.08,N
01/21/2024,05:00,SHEEPCRK_1, 20.35,N
01/21/2024,05:00,SILASRAY_CC1, 14.29,N
01/21/2024,05:00,SIL_SILAS_10, 14.29,N
01/21/2024,05:00,SIL_SILAS_6, 14.29,N
01/21/2024,05:00,SIL_SILAS_9, 14.29,N
01/21/2024,05:00,SIRIUS_UNIT1, 31.17,N
01/21/2024,05:00,SJS_SJS_G1, 21.44,N
01/21/2024,05:00,SJS_SJS_G2, 21.44,N
01/21/2024,05:00,SKY1, 21.82,N
01/21/2024,05:00,SLCN_ESS_ALL, 21.79,N
01/21/2024,05:00,SLTFRK_UN1_2, 16.34,N
01/21/2024,05:00,SL_PUN1, 21.43,N
01/21/2024,05:00,SL_PUN2, 21.43,N
01/21/2024,05:00,SNY_BESS_RN, 24.26,N
01/21/2024,05:00,SOLARA_UNIT1, 21.57,N
01/21/2024,05:00,SPARTA_ALL, 22.11,N
01/21/2024,05:00,SPLAIN1_RN, 16,N
01/21/2024,05:00,SPLAIN2_RN, 16,N
01/21/2024,05:00,SPNC_SPNCE_4, 20.51,N
01/21/2024,05:00,SPNC_SPNCE_5, 20.51,N
01/21/2024,05:00,SPTX12B_RN, 30.94,N
01/21/2024,05:00,SROSA_ESR_RN, 14.29,N
01/21/2024,05:00,SRWE1_UNIT1, 24.23,N
01/21/2024,05:00,SSPURT_WIND1, 15.9,N
01/21/2024,05:00,STAM_SLR_ALL, 20.61,N
01/21/2024,05:00,STEAM_ENG123, 20.63,N
01/21/2024,05:00,STEA_STEAM_1, 20.63,N
01/21/2024,05:00,STEA_STEAM_2, 20.63,N
01/21/2024,05:00,STEA_STEAM_3, 20.63,N
01/21/2024,05:00,STELLA_RN, 22.09,N
01/21/2024,05:00,STP_STP_G1, 21.65,N
01/21/2024,05:00,STP_STP_G2, 21.65,N
01/21/2024,05:00,STRATEGC_RN, 20.77,N
01/21/2024,05:00,STWF_T1, 24.22,N
01/21/2024,05:00,SUNVASLR_ALL, 20.88,N
01/21/2024,05:00,SWEC_G1, 38.62,N
01/21/2024,05:00,SWEETWN2_2_4, 19.81,N
01/21/2024,05:00,SWEETWN3_3, 19.81,N
01/21/2024,05:00,SWEETWND_1, 19.81,N
01/21/2024,05:00,SWOOSE1_U1, 30.75,N
01/21/2024,05:00,SWOOSEII_RN, 30.75,N
01/21/2024,05:00,SWTWN4_WND45, 19.81,N
01/21/2024,05:00,SWT_BESS_RN, 24.82,N
01/21/2024,05:00,S_HILLS_RN, 20.14,N
01/21/2024,05:00,TAHOKA_ALL, 26.02,N
01/21/2024,05:00,TAV_RN, 21.61,N
01/21/2024,05:00,TAYGETE2_ALL, 30.63,N
01/21/2024,05:00,TAYGETE_ALL, 30.63,N
01/21/2024,05:00,TBWF_ES_BES1, 30.95,N
01/21/2024,05:00,TC_PUN1, 21.45,N
01/21/2024,05:00,TC_PUN2, 21.45,N
01/21/2024,05:00,TC_TCHP1, 21.45,N
01/21/2024,05:00,TEN_CC1, 20.72,N
01/21/2024,05:00,TEN_CT1_STG, 20.72,N
01/21/2024,05:00,TGCCS_ALL, 20.76,N
01/21/2024,05:00,TGCCS_CC1, 20.76,N
01/21/2024,05:00,TGF_TGFGT, 21.79,N
01/21/2024,05:00,TGS_GT01, 21.79,N
01/21/2024,05:00,TGW_T1_T2, 22.09,N
01/21/2024,05:00,THW_1_CCU, 21.41,N
01/21/2024,05:00,THW_2_CCU, 21.41,N
01/21/2024,05:00,THW_CC1, 21.41,N
01/21/2024,05:00,THW_CC2, 21.41,N
01/21/2024,05:00,THW_THWGT5X, 21.4,N
01/21/2024,05:00,THW_THWGT_1, 21.41,N
01/21/2024,05:00,TI_SOLAR_ALL, 30.68,N
01/21/2024,05:00,TKWSW_CHAMP, 18.17,N
01/21/2024,05:00,TKWSW_ROSCOE, 18.17,N
01/21/2024,05:00,TNP_TNP_O_1, 21.25,N
01/21/2024,05:00,TNP_TNP_O_2, 21.25,N
01/21/2024,05:00,TNSKA_CC1, 20.59,N
01/21/2024,05:00,TNSKA_CCU, 20.59,N
01/21/2024,05:00,TOPAZ_ALL, 21.47,N
01/21/2024,05:00,TORR_ALL, 22.2,N
01/21/2024,05:00,TORT_ESS_RN, 21.49,N
01/21/2024,05:00,TOYAH_RN, 30.48,N
01/21/2024,05:00,TREB_SOLAR1, 21.87,N
01/21/2024,05:00,TRENT_TRENT, 24.22,N
01/21/2024,05:00,TRINITY_ALL, 20.04,N
01/21/2024,05:00,TRIPBUT1_RN, 32.26,N
01/21/2024,05:00,TRSES_UNIT6, 20.8,N
01/21/2024,05:00,TRUENO_ALL, 14.29,N
01/21/2024,05:00,TRUSGILL_RN, 19.66,N
01/21/2024,05:00,TTRSW_RN, 20.61,N
01/21/2024,05:00,TTWEC_G1, 20.62,N
01/21/2024,05:00,TURQ_BESS1, 20.63,N
01/21/2024,05:00,TV_RN, 21.51,N
01/21/2024,05:00,TXCTY_CC1, 21.47,N
01/21/2024,05:00,TXCTY_CTA, 21.47,N
01/21/2024,05:00,TXCTY_CTB, 21.47,N
01/21/2024,05:00,TXCTY_CTC, 21.47,N
01/21/2024,05:00,TXCTY_ST, 21.47,N
01/21/2024,05:00,TYLRWIND_RN, 20.47,N
01/21/2024,05:00,T_CK_GT2_RN, 31.53,N
01/21/2024,05:00,T_CK_GT3_RN, 31.53,N
01/21/2024,05:00,UCC_COG_PUN2, 21.47,N
01/21/2024,05:00,UCC_UCC_C_2, 21.47,N
01/21/2024,05:00,VANCOURT_RN, 14.3,N
01/21/2024,05:00,VENADO_ALL, 22.24,N
01/21/2024,05:00,VERAWIND_ALL, 19.66,N
01/21/2024,05:00,VERTIGO_UN1, 19.86,N
01/21/2024,05:00,VICTORIA_CC1, 21.96,N
01/21/2024,05:00,VICTPORT_RN, 21.95,N
01/21/2024,05:00,VIC_VICTORG5, 21.96,N
01/21/2024,05:00,VIC_VICTORG6, 21.96,N
01/21/2024,05:00,VISION_RN, 20.8,N
01/21/2024,05:00,VLSES_UNIT3, 20.58,N
01/21/2024,05:00,VORT_ALL_RN, 19.95,N
01/21/2024,05:00,WAKEWE_ALL, 18.8,N
01/21/2024,05:00,WAP_WAPGT_1, 21.51,N
01/21/2024,05:00,WAP_WAP_G1, 21.51,N
01/21/2024,05:00,WAP_WAP_G2, 21.51,N
01/21/2024,05:00,WAP_WAP_G3, 21.51,N
01/21/2024,05:00,WAP_WAP_G4, 21.51,N
01/21/2024,05:00,WAP_WAP_G5, 21.51,N
01/21/2024,05:00,WAP_WAP_G6, 21.49,N
01/21/2024,05:00,WAP_WAP_G7, 21.49,N
01/21/2024,05:00,WAP_WAP_G8, 21.49,N
01/21/2024,05:00,WAYMARK_RN, 30.04,N
01/21/2024,05:00,WCPP_CC1, 20.33,N
01/21/2024,05:00,WCPP_CT1, 20.33,N
01/21/2024,05:00,WCPP_CT2, 20.33,N
01/21/2024,05:00,WCPP_ST1, 20.33,N
01/21/2024,05:00,WEBBER_WS_T1, 21.81,N
01/21/2024,05:00,WEC_WECG1, 21.19,N
01/21/2024,05:00,WES_ALL, 21.59,N
01/21/2024,05:00,WFCOGEN_13, 19.97,N
01/21/2024,05:00,WFCOGEN_24, 19.97,N
01/21/2024,05:00,WFCOGEN_CC1, 19.97,N
01/21/2024,05:00,WFTANK_ESS1, 22.21,N
01/21/2024,05:00,WGU_RN, 21.57,N
01/21/2024,05:00,WHCCS2_4, 20.66,N
01/21/2024,05:00,WHCCS2_5_6, 20.66,N
01/21/2024,05:00,WHCCS2_CC2, 20.66,N
01/21/2024,05:00,WHCCS_CC1, 20.66,N
01/21/2024,05:00,WHCCS_CT1_ST, 20.66,N
01/21/2024,05:00,WHCCS_CT2, 20.66,N
01/21/2024,05:00,WHITE_PT_UN1, 22.03,N
01/21/2024,05:00,WHMESA_U1, 25.87,N
01/21/2024,05:00,WHTTAIL_WR1, 20.45,N
01/21/2024,05:00,WH_WIND_ALL, 19.71,N
01/21/2024,05:00,WILDWIND_ALL, 20.42,N
01/21/2024,05:00,WIPOPA_1_2, 21.81,N
01/21/2024,05:00,WIPOPA_3_4, 21.81,N
01/21/2024,05:00,WIR_WIRTZ_G1, 22.22,N
01/21/2024,05:00,WIR_WIRTZ_G2, 22.22,N
01/21/2024,05:00,WLTC_ESR_RN, 22.05,N
01/21/2024,05:00,WL_RANCH_RN, 24.75,N
01/21/2024,05:00,WNDTS2_UNIT1, 20.23,N
01/21/2024,05:00,WND_WHITNEY, 21,N
01/21/2024,05:00,WOODWRD1_RN, 30.98,N
01/21/2024,05:00,WOODWRD2_RN, 30.98,N
01/21/2024,05:00,WOV_BESS_RN, 30.98,N
01/21/2024,05:00,WRSBES_BESS1, 30.7,N
01/21/2024,05:00,W_HRL_ESR_RN, 14.29,N
01/21/2024,05:00,W_PECO_UNIT1, 30.7,N
01/21/2024,05:00,X443ESRN, 22.33,N
01/21/2024,05:00,YNG_WND_ALL, 20.06,N
01/21/2024,05:00,ZIER_SLR_ALL, 30.16,N
01/21/2024,06:00,7RNCHSLR_ALL, 22.41,N
01/21/2024,06:00,AEEC, 14.78,N
01/21/2024,06:00,AGUAYO_UNIT1, 22.45,N
01/21/2024,06:00,AJAXWIND_RN, 20.18,N
01/21/2024,06:00,ALGOD_ALL_RN, 22.64,N
01/21/2024,06:00,ALVIN_RN, 22.05,N
01/21/2024,06:00,AMADEUS_ALL, 20.36,N
01/21/2024,06:00,AMISTAD_ALL, 31.24,N
01/21/2024,06:00,AMOCOOIL_CC1, 22.03,N
01/21/2024,06:00,AMOCOOIL_CC2, 22.03,N
01/21/2024,06:00,AMOCO_PUN1, 22.03,N
01/21/2024,06:00,AMOCO_PUN2, 22.03,N
01/21/2024,06:00,AMO_AMOCO_1, 22.03,N
01/21/2024,06:00,AMO_AMOCO_2, 22.03,N
01/21/2024,06:00,AMO_AMOCO_5, 22.03,N
01/21/2024,06:00,AMO_AMOCO_G1, 22.03,N
01/21/2024,06:00,AMO_AMOCO_G2, 22.03,N
01/21/2024,06:00,AMO_AMOCO_G3, 22.03,N
01/21/2024,06:00,AMO_AMOCO_S1, 22.03,N
01/21/2024,06:00,AMO_AMOCO_S2, 22.03,N
01/21/2024,06:00,ANACACHO_ANA, 31.06,N
01/21/2024,06:00,ANCHOR_ALL, 20.86,N
01/21/2024,06:00,ANDMDSLR_ALL, 20.37,N
01/21/2024,06:00,ANEM_ESS_RN, 22.7,N
01/21/2024,06:00,ANG_ALL, 25.33,N
01/21/2024,06:00,ANSON1_ALL, 20.51,N
01/21/2024,06:00,APPALOSA_ALL, 36.55,N
01/21/2024,06:00,AQUI_ALL, 21.4,N
01/21/2024,06:00,ARAGORN_RN, 31.38,N
01/21/2024,06:00,ASTRA_RN, 16.45,N
01/21/2024,06:00,ATK_ATKINSG7, 21.79,N
01/21/2024,06:00,AURO_SLR_RN, 21.86,N
01/21/2024,06:00,AUSTPL_ALL, 22.5,N
01/21/2024,06:00,AVIAT_ALL, 27.61,N
01/21/2024,06:00,AZURE_RN, 20.33,N
01/21/2024,06:00,AZ_ALL, 21.99,N
01/21/2024,06:00,BAC_RN_ALL, 22.03,N
01/21/2024,06:00,BAFFIN_ALL, 22.65,N
01/21/2024,06:00,BAIRDWND_ALL, 20.67,N
01/21/2024,06:00,BARROW_ALL, 32.1,N
01/21/2024,06:00,BASTEN_CC1, 22.42,N
01/21/2024,06:00,BASTEN_CCU, 22.42,N
01/21/2024,06:00,BATCAVE_RN, 25.24,N
01/21/2024,06:00,BAYC_BESS_RN, 23.4,N
01/21/2024,06:00,BBREEZE_1_2, 22.68,N
01/21/2024,06:00,BCATWD_WD_1, 20.57,N
01/21/2024,06:00,BCH_RN, 22.14,N
01/21/2024,06:00,BCK_RN, 22.09,N
01/21/2024,06:00,BELM_SLR_RN, 21.9,N
01/21/2024,06:00,BIGSTAR_ALL, 22.43,N
01/21/2024,06:00,BLACKJAK_RN, 22.63,N
01/21/2024,06:00,BLSMT1_5_A_6, 19.72,N
01/21/2024,06:00,BLUEJAY_RN, 21.78,N
01/21/2024,06:00,BOARDCRK_ALL, 21.39,N
01/21/2024,06:00,BOOTLEG_UN1, 30.73,N
01/21/2024,06:00,BORDAS_345, 22.76,N
01/21/2024,06:00,BOSQUESW_CC1, 21.54,N
01/21/2024,06:00,BOSQUESW_CC2, 21.58,N
01/21/2024,06:00,BOSQ_BSQSU_5, 21.58,N
01/21/2024,06:00,BOSQ_BSQS_12, 21.58,N
01/21/2024,06:00,BOSQ_BSQS_34, 21.54,N
01/21/2024,06:00,BRANDON_RN, 20.22,N
01/21/2024,06:00,BRAUNIG_CC1, 22.87,N
01/21/2024,06:00,BRAUNIG_VHB1, 22.83,N
01/21/2024,06:00,BRAUNIG_VHB2, 22.83,N
01/21/2024,06:00,BRAUNIG_VHB3, 22.87,N
01/21/2024,06:00,BRAZ_WND_ALL, 24.07,N
01/21/2024,06:00,BRA_AVR1_CT2, 22.87,N
01/21/2024,06:00,BRA_AVR_CST1, 22.87,N
01/21/2024,06:00,BRHEIGHT_RN, 22.03,N
01/21/2024,06:00,BRIGHTSD_RN, 22.69,N
01/21/2024,06:00,BRIGHTSD_U1, 22.68,N
01/21/2024,06:00,BRISCOE_WIND, 16.96,N
01/21/2024,06:00,BRPANGLE_RN, 22.2,N
01/21/2024,06:00,BRPMAGNO_RN, 22.04,N
01/21/2024,06:00,BRP_BRAZ_RN, 22.2,N
01/21/2024,06:00,BRP_DIKN_RN, 22.03,N
01/21/2024,06:00,BRP_LOOP_RN, 22.54,N
01/21/2024,06:00,BRP_LOP1_RN, 22.82,N
01/21/2024,06:00,BRP_PBL1_RN, 47.57,N
01/21/2024,06:00,BRP_PBL2_RN, 47.57,N
01/21/2024,06:00,BRP_RN_UNIT1, 23.03,N
01/21/2024,06:00,BRP_SEMI_RN, 22.04,N
01/21/2024,06:00,BRP_SWNY_RN, 22.2,N
01/21/2024,06:00,BRP_ZPT1_RN, 22.87,N
01/21/2024,06:00,BRP_ZPT2_RN, 22.87,N
01/21/2024,06:00,BRTSW_BCW1, 21,N
01/21/2024,06:00,BR_ARROW_ALL, 21.12,N
01/21/2024,06:00,BR_VHB6CT5_6, 22.83,N
01/21/2024,06:00,BR_VHB6CT7_8, 22.83,N
01/21/2024,06:00,BSS_U1, 22.21,N
01/21/2024,06:00,BTE_BTE_G1, 21.98,N
01/21/2024,06:00,BTE_BTE_G2, 21.98,N
01/21/2024,06:00,BTE_BTE_G3, 21.98,N
01/21/2024,06:00,BTE_BTE_G4, 21.98,N
01/21/2024,06:00,BTE_CC1, 21.98,N
01/21/2024,06:00,BTE_PUN1, 21.98,N
01/21/2024,06:00,BTE_PUN2, 21.98,N
01/21/2024,06:00,BTM_ALL, 22.12,N
01/21/2024,06:00,BUCHAN_ALL, 21.86,N
01/21/2024,06:00,BUCKTHRN_RN, 21.31,N
01/21/2024,06:00,BUFF_GAP_ALL, 21.64,N
01/21/2024,06:00,BULLCRK_1_2, 23.9,N
01/21/2024,06:00,BVE_CC1, 22.05,N
01/21/2024,06:00,BVE_UNIT1, 22.05,N
01/21/2024,06:00,BVE_UNIT2, 22.05,N
01/21/2024,06:00,BVE_UNIT3, 22.05,N
01/21/2024,06:00,BYRDR_ES_ALL, 22.2,N
01/21/2024,06:00,BYU_BYU_1, 22.01,N
01/21/2024,06:00,BYU_BYU_12, 22.01,N
01/21/2024,06:00,BYU_BYU_34, 22.01,N
01/21/2024,06:00,BYU_BYU_G8, 22.01,N
01/21/2024,06:00,BYU_CC1, 22.01,N
01/21/2024,06:00,BYU_G4_RN, 22.01,N
01/21/2024,06:00,BYU_PUN1, 22.01,N
01/21/2024,06:00,BYU_PUN2, 22.01,N
01/21/2024,06:00,BYU_PUN3, 22.01,N
01/21/2024,06:00,BYU_PUN4, 22.01,N
01/21/2024,06:00,B_DAVIS_3, 22.62,N
01/21/2024,06:00,B_DAVIS_4, 22.62,N
01/21/2024,06:00,B_DAVIS_CC1, 22.62,N
01/21/2024,06:00,B_D_B_DAVIG1, 22.62,N
01/21/2024,06:00,B_D_B_DAVIG2, 22.62,N
01/21/2024,06:00,CABEZON_ALL, 22.73,N
01/21/2024,06:00,CALAVER_JKS1, 22.83,N
01/21/2024,06:00,CALAVER_JKS2, 22.83,N
01/21/2024,06:00,CALAVER_JTD1, 22.86,N
01/21/2024,06:00,CALAVER_JTD2, 22.86,N
01/21/2024,06:00,CALAVER_OWS1, 22.84,N
01/21/2024,06:00,CALAVER_OWS2, 22.84,N
01/21/2024,06:00,CALHOUN_ALL, 22.39,N
01/21/2024,06:00,CALLAHA_WND1, 21.5,N
01/21/2024,06:00,CAL_CALGT1, 21.99,N
01/21/2024,06:00,CAL_CALSTG1, 21.99,N
01/21/2024,06:00,CAL_CC1, 21.99,N
01/21/2024,06:00,CAL_PUN1, 21.99,N
01/21/2024,06:00,CAL_PUN2, 21.99,N
01/21/2024,06:00,CAMWIND_RN, 14.88,N
01/21/2024,06:00,CANYONWD_ALL, 20.39,N
01/21/2024,06:00,CAPRIDG4_CR4, 27.61,N
01/21/2024,06:00,CAPRIDGE_ALL, 27.61,N
01/21/2024,06:00,CARBN_BSP_1, 28.72,N
01/21/2024,06:00,CASL_GAP_UN1, 31.62,N
01/21/2024,06:00,CATARINA_B1, 34.15,N
01/21/2024,06:00,CBECII_89, 22.13,N
01/21/2024,06:00,CBECII_CC3, 22.13,N
01/21/2024,06:00,CBECII_CT7, 22.13,N
01/21/2024,06:00,CBEC_ALL, 22.15,N
01/21/2024,06:00,CBEC_CC1, 22.15,N
01/21/2024,06:00,CBEC_CC2, 22.15,N
01/21/2024,06:00,CBY4_ALL, 21.98,N
01/21/2024,06:00,CBY4_CC1, 21.98,N
01/21/2024,06:00,CBY_CBY_G1, 21.98,N
01/21/2024,06:00,CBY_CBY_G2, 21.99,N
01/21/2024,06:00,CCEC_CC1, 22.62,N
01/21/2024,06:00,CCEC_GT1, 22.62,N
01/21/2024,06:00,CCEC_GT2, 22.62,N
01/21/2024,06:00,CCEC_PUN1, 22.62,N
01/21/2024,06:00,CCEC_PUN2, 22.62,N
01/21/2024,06:00,CCEC_ST1, 22.62,N
01/21/2024,06:00,CEDROHI_CHW1, 22.81,N
01/21/2024,06:00,CEDRVALE_RN, 31.35,N
01/21/2024,06:00,CFLATS_UNIT, 24.95,N
01/21/2024,06:00,CHALUP_ALL, 14.88,N
01/21/2024,06:00,CHAL_SLR_RN, 31.39,N
01/21/2024,06:00,CHAMON_UN1, 21.98,N
01/21/2024,06:00,CHAMON_UN2, 21.98,N
01/21/2024,06:00,CHEDPW_GT2, 21.96,N
01/21/2024,06:00,CHE_CC1, 21.97,N
01/21/2024,06:00,CHE_LYD, 21.97,N
01/21/2024,06:00,CHE_LYD2, 21.97,N
01/21/2024,06:00,CHE_PUN1, 21.97,N
01/21/2024,06:00,CHE_PUN2, 21.97,N
01/21/2024,06:00,CHISMGRD_RN, 21,N
01/21/2024,06:00,CISC_RN, 21.53,N
01/21/2024,06:00,CITYVICT_ALL, 22.53,N
01/21/2024,06:00,CN_BRKS_UNT1, 16.62,N
01/21/2024,06:00,COL_COLETOG1, 22.61,N
01/21/2024,06:00,CONIGLIO_RN, 21.1,N
01/21/2024,06:00,CONTINEN_RN, 14.95,N
01/21/2024,06:00,CORALSLR_ALL, 21.66,N
01/21/2024,06:00,CORAZON_RN, 22.77,N
01/21/2024,06:00,COTPLNS_RN, 16.91,N
01/21/2024,06:00,COTTON_PAP2, 22.6,N
01/21/2024,06:00,COYOTSPR_RN, 31.36,N
01/21/2024,06:00,CPSES_UNIT1, 21.2,N
01/21/2024,06:00,CPSES_UNIT2, 21.2,N
01/21/2024,06:00,CRANELL_ALL, 22.63,N
01/21/2024,06:00,CROSSETT_ALL, 31.63,N
01/21/2024,06:00,CRWN_SLR_UN1, 21.77,N
01/21/2024,06:00,CSC_CSECG1_2, 23.58,N
01/21/2024,06:00,CVC_CC1, 21.96,N
01/21/2024,06:00,CVC_CVCG1_5, 21.96,N
01/21/2024,06:00,CVC_CVC_G2, 21.96,N
01/21/2024,06:00,CVC_CVC_G3, 21.96,N
01/21/2024,06:00,DAG_ALL, 22.29,N
01/21/2024,06:00,DANSBY_ALL, 21.79,N
01/21/2024,06:00,DAN_ALL, 22.18,N
01/21/2024,06:00,DA_BESS, 22.18,N
01/21/2024,06:00,DC2SES_ALL, 21.22,N
01/21/2024,06:00,DC_E, 21.12,N
01/21/2024,06:00,DC_L, 22.83,N
01/21/2024,06:00,DC_N, 20.02,N
01/21/2024,06:00,DC_R, 14.91,N
01/21/2024,06:00,DDPEC_CC1, 22,N
01/21/2024,06:00,DDPEC_GT1, 22,N
01/21/2024,06:00,DDPEC_GT2, 22,N
01/21/2024,06:00,DDPEC_GT3, 22,N
01/21/2024,06:00,DDPEC_GT4, 22,N
01/21/2024,06:00,DDPEC_GT6, 22,N
01/21/2024,06:00,DDPEC_ST1, 22,N
01/21/2024,06:00,DECKER_DPG2, 22.41,N
01/21/2024,06:00,DECKER_GT, 22.41,N
01/21/2024,06:00,DENISON_G1_2, 21.08,N
01/21/2024,06:00,DERMOTT_ALL, 20.39,N
01/21/2024,06:00,DIBOL_RN, 21.32,N
01/21/2024,06:00,DIB_CC1, 22,N
01/21/2024,06:00,DIB_DIB_G1, 22,N
01/21/2024,06:00,DIB_DIB_G2, 22,N
01/21/2024,06:00,DIB_DIB_G3, 22,N
01/21/2024,06:00,DIB_DIB_G4, 22,N
01/21/2024,06:00,DIB_PUN1, 22,N
01/21/2024,06:00,DIB_PUN2, 22,N
01/21/2024,06:00,DILEOS_UNIT1, 22.52,N
01/21/2024,06:00,DKNS_ESS_RN, 18.86,N
01/21/2024,06:00,DOWGEN_PUN1, 22.12,N
01/21/2024,06:00,DOWGEN_PUN2, 22.12,N
01/21/2024,06:00,DOWGEN_PUN3, 22.12,N
01/21/2024,06:00,DOW_61_2_63, 22.12,N
01/21/2024,06:00,DOW_64, 22.12,N
01/21/2024,06:00,DOW_81_2_84, 22.12,N
01/21/2024,06:00,DOW_G37_G35, 22.12,N
01/21/2024,06:00,DOW_G66_ST65, 22.12,N
01/21/2024,06:00,DOW_G67, 22.12,N
01/21/2024,06:00,DOW_G96_ST95, 22.12,N
01/21/2024,06:00,DUKE_CC1, 14.9,N
01/21/2024,06:00,DUKE_GST1CCU, 14.9,N
01/21/2024,06:00,DUKE_GT2_CCU, 14.9,N
01/21/2024,06:00,DUP_PUN1, 22.51,N
01/21/2024,06:00,DUP_PUN2, 22.51,N
01/21/2024,06:00,DUP_PUN3, 22.51,N
01/21/2024,06:00,DUP_PUN4, 22.51,N
01/21/2024,06:00,EBELLS_UNIT1, 21.86,N
01/21/2024,06:00,EBNY_ESS_RN, 22.82,N
01/21/2024,06:00,ECLIPSE_UN1, 31.01,N
01/21/2024,06:00,EIFSLR_UNIT1, 21.11,N
01/21/2024,06:00,ELB_ELBCREEK, 30.85,N
01/21/2024,06:00,ELECTRAW_1_2, 20.01,N
01/21/2024,06:00,ELSAUZ_ALL, 22.68,N
01/21/2024,06:00,ELSA_ESR_RN, 14.9,N
01/21/2024,06:00,ELS_RN_1, 21.23,N
01/21/2024,06:00,EL_RAYO_ALL, 14.88,N
01/21/2024,06:00,ENDPARK_ESS1, 21.25,N
01/21/2024,06:00,ERSL_RN, 24.63,N
01/21/2024,06:00,ESTONIAN_ALL, 21.11,N
01/21/2024,06:00,ETCCS_CC1, 21.26,N
01/21/2024,06:00,ETCCS_CCU, 21.26,N
01/21/2024,06:00,EUNICE_ALL, 32.11,N
01/21/2024,06:00,EXGNSND_RN, 22.87,N
01/21/2024,06:00,EXGNWTL_1, 22.81,N
01/21/2024,06:00,EXN_14, 21.99,N
01/21/2024,06:00,EXN_1_3, 21.99,N
01/21/2024,06:00,EXN_4, 21.99,N
01/21/2024,06:00,EXN_8, 21.99,N
01/21/2024,06:00,EXN_9_13, 21.99,N
01/21/2024,06:00,EXN_PUN1, 21.99,N
01/21/2024,06:00,EXN_PUN2, 21.99,N
01/21/2024,06:00,EXN_PUN3, 21.99,N
01/21/2024,06:00,E_BLACK_RN, 22.33,N
01/21/2024,06:00,FALFUR_RN, 22.72,N
01/21/2024,06:00,FAL_FALCONG1, 22.79,N
01/21/2024,06:00,FAL_FALCONG2, 22.79,N
01/21/2024,06:00,FAL_FALCONG3, 22.79,N
01/21/2024,06:00,FAULKNER_RN, 31.36,N
01/21/2024,06:00,FEGC_RN, 22.05,N
01/21/2024,06:00,FENCESLR_ALL, 21.33,N
01/21/2024,06:00,FERGCC_CC1, 22.85,N
01/21/2024,06:00,FERGCC_GT1_1, 22.85,N
01/21/2024,06:00,FERGCC_GT2_3, 22.85,N
01/21/2024,06:00,FERGCC_ST1_5, 22.85,N
01/21/2024,06:00,FERMI_ALL, 31.41,N
01/21/2024,06:00,FILESSLR_PV1, 21.32,N
01/21/2024,06:00,FIVEWSLR_ALL, 21.98,N
01/21/2024,06:00,FLCNS_CC1, 32.27,N
01/21/2024,06:00,FLCNS_UNIT1, 32.27,N
01/21/2024,06:00,FLCNS_UNIT2, 32.27,N
01/21/2024,06:00,FLCNS_UNIT3, 32.27,N
01/21/2024,06:00,FLOWERII_RN, 31.33,N
01/21/2024,06:00,FLTBES1, 31.33,N
01/21/2024,06:00,FLTCK_SSI, 21.41,N
01/21/2024,06:00,FLUVANNA_1_2, 21.25,N
01/21/2024,06:00,FLVABES1_ESR, 31.33,N
01/21/2024,06:00,FOARDCTY_ALL, 19.71,N
01/21/2024,06:00,FORMOSA_CC1, 22.37,N
01/21/2024,06:00,FORMOSA_CC2, 22.37,N
01/21/2024,06:00,FORMOSA_PUN1, 22.37,N
01/21/2024,06:00,FORMOSA_PUN2, 22.37,N
01/21/2024,06:00,FOXTROT_ALL, 22.68,N
01/21/2024,06:00,FO_FORMOSA11, 22.37,N
01/21/2024,06:00,FO_FORMOSA12, 22.37,N
01/21/2024,06:00,FO_FORMOSG1, 22.37,N
01/21/2024,06:00,FO_FORMOSG10, 22.37,N
01/21/2024,06:00,FO_FORMOSG13, 22.37,N
01/21/2024,06:00,FO_FORMOSG14, 22.37,N
01/21/2024,06:00,FO_FORMOSG15, 22.37,N
01/21/2024,06:00,FO_FORMOSG2, 22.37,N
01/21/2024,06:00,FO_FORMOSG3, 22.37,N
01/21/2024,06:00,FO_FORMOSG4, 22.37,N
01/21/2024,06:00,FO_FORMOSG5, 22.37,N
01/21/2024,06:00,FO_FORMOSG6, 22.37,N
01/21/2024,06:00,FO_FORMOSG7, 22.37,N
01/21/2024,06:00,FO_FORMOSG8, 22.37,N
01/21/2024,06:00,FO_FORMOSG9, 22.37,N
01/21/2024,06:00,FPPYD_FPP_G1, 22.38,N
01/21/2024,06:00,FPPYD_FPP_G2, 22.38,N
01/21/2024,06:00,FPPYD_FPP_G3, 22.38,N
01/21/2024,06:00,FREC_1_CCU, 21.39,N
01/21/2024,06:00,FREC_2_CCU, 21.4,N
01/21/2024,06:00,FREC_CC1, 21.39,N
01/21/2024,06:00,FREC_CC2, 21.4,N
01/21/2024,06:00,FRMRSVLW_RN, 21.08,N
01/21/2024,06:00,FRNYPP_1_CCU, 21.19,N
01/21/2024,06:00,FRNYPP_2_CCU, 21.19,N
01/21/2024,06:00,FRNYPP_CC1, 21.19,N
01/21/2024,06:00,FRNYPP_CC2, 21.19,N
01/21/2024,06:00,FRONT_EC_CC1, 14.91,N
01/21/2024,06:00,FRONT_EC_RN1, 14.91,N
01/21/2024,06:00,FRONT_EC_RN2, 14.91,N
01/21/2024,06:00,FRONT_EC_RN3, 14.91,N
01/21/2024,06:00,FRYE_SLR_ALL, 16.75,N
01/21/2024,06:00,FTR_CC1, 21.82,N
01/21/2024,06:00,FTR_FTR_G1_4, 21.82,N
01/21/2024,06:00,FTWIND_UNIT1, 22.05,N
01/21/2024,06:00,FWLR_SLR_1, 31.61,N
01/21/2024,06:00,GALO_RN1, 23.71,N
01/21/2024,06:00,GAMBIT_RN, 22.2,N
01/21/2024,06:00,GARC_BESS_RN, 14.96,N
01/21/2024,06:00,GBY_GT, 21.98,N
01/21/2024,06:00,GID_GIDEONG1, 22.39,N
01/21/2024,06:00,GID_GIDEONG2, 22.39,N
01/21/2024,06:00,GID_GIDEONG3, 22.39,N
01/21/2024,06:00,GIGA_ESS_RN, 22.43,N
01/21/2024,06:00,GOA_GOATWIND, 28.4,N
01/21/2024,06:00,GOLINDA_UN1, 21.77,N
01/21/2024,06:00,GOMZ_RN, 31.34,N
01/21/2024,06:00,GOODNIT1_ALL, 17.02,N
01/21/2024,06:00,GPASTURE_ALL, 20.29,N
01/21/2024,06:00,GRANDVW1_A_B, 17.05,N
01/21/2024,06:00,GRDNE_ESR_RN, 29.24,N
01/21/2024,06:00,GREASWOD_ALL, 30.84,N
01/21/2024,06:00,GRIF_TRL_RN, 19.94,N
01/21/2024,06:00,GRSES_UNIT1, 20.83,N
01/21/2024,06:00,GRSES_UNIT2, 20.65,N
01/21/2024,06:00,GUADG_CC1, 22.71,N
01/21/2024,06:00,GUADG_CC2, 22.71,N
01/21/2024,06:00,GUADG_CCU1, 22.71,N
01/21/2024,06:00,GUADG_CCU2, 22.71,N
01/21/2024,06:00,GUNMTN_NODE, 25.61,N
01/21/2024,06:00,GWEC_G1, 22.04,N
01/21/2024,06:00,HALO_RN1, 21.94,N
01/21/2024,06:00,HAMI_BESS_RN, 31.24,N
01/21/2024,06:00,HAYSEN1_2, 22.69,N
01/21/2024,06:00,HAYSEN3_4, 22.69,N
01/21/2024,06:00,HB_BUSAVG, 21.94,N
01/21/2024,06:00,HB_HOUSTON, 21.99,N
01/21/2024,06:00,HB_HUBAVG, 22.53,N
01/21/2024,06:00,HB_NORTH, 21.27,N
01/21/2024,06:00,HB_PAN, 17.23,N
01/21/2024,06:00,HB_SOUTH, 21.87,N
01/21/2024,06:00,HB_WEST, 24.98,N
01/21/2024,06:00,HELIOS_RN, 33.15,N
01/21/2024,06:00,HHGT_KENDAL, 23.69,N
01/21/2024,06:00,HHOLLW2_WND1, 21.64,N
01/21/2024,06:00,HHOLLW3_WND1, 21.64,N
01/21/2024,06:00,HHOLLW4_WND1, 21.64,N
01/21/2024,06:00,HICK_G1_G2, 26.55,N
01/21/2024,06:00,HI_LONEB_RN1, 27.45,N
01/21/2024,06:00,HI_LONE_ALL, 27.45,N
01/21/2024,06:00,HLSES_UNIT3, 21.15,N
01/21/2024,06:00,HLSES_UNIT4, 21.15,N
01/21/2024,06:00,HLSES_UNIT5, 21.15,N
01/21/2024,06:00,HMNG_ESS_RN, 20.88,N
01/21/2024,06:00,HOLCOMB_RN1, 23.47,N
01/21/2024,06:00,HOLSTEIN_ALL, 21.33,N
01/21/2024,06:00,HOL_ALL, 22.15,N
01/21/2024,06:00,HOPKNSLR_ALL, 21.12,N
01/21/2024,06:00,HORSCR_RN, 31.67,N
01/21/2024,06:00,HORSECRK_RN, 20.11,N
01/21/2024,06:00,HOUSEMTN_RN, 39.85,N
01/21/2024,06:00,HOVEY_GEN, 31.17,N
01/21/2024,06:00,HRBESS_BESS, 31.18,N
01/21/2024,06:00,HRFDWIND_ALL, 16.45,N
01/21/2024,06:00,HRZN_SLR_UN1, 23.6,N
01/21/2024,06:00,HWF_HWFG1, 20.72,N
01/21/2024,06:00,HYDR_ESS_RN, 30.5,N
01/21/2024,06:00,H_HOLLO_WND1, 21.64,N
01/21/2024,06:00,IMP_RN1, 21.11,N
01/21/2024,06:00,INDNENR_1_RN, 32.1,N
01/21/2024,06:00,INDNENR_2_RN, 31.89,N
01/21/2024,06:00,INDNNWP_RN, 31.98,N
01/21/2024,06:00,IND_INADALE1, 18.91,N
01/21/2024,06:00,INGLCOSW_CC1, 22.59,N
01/21/2024,06:00,INGLCOSW_STG, 22.59,N
01/21/2024,06:00,INGLCOS_CTG1, 22.59,N
01/21/2024,06:00,INGLCOS_CTG2, 22.59,N
01/21/2024,06:00,INGLCO_PUN1, 22.59,N
01/21/2024,06:00,INGLCO_PUN2, 22.59,N
01/21/2024,06:00,INGLCO_PUN3, 22.59,N
01/21/2024,06:00,INKS_INKS_G1, 40.31,N
01/21/2024,06:00,INRT_W_ALL, 20.22,N
01/21/2024,06:00,JACKCNTY_CC1, 21,N
01/21/2024,06:00,JACKCNTY_CT1, 21,N
01/21/2024,06:00,JACKCNTY_CT2, 21,N
01/21/2024,06:00,JACKCNTY_STG, 21,N
01/21/2024,06:00,JADE_SLR_ALL, 20.32,N
01/21/2024,06:00,JAY_RN_1, 22.08,N
01/21/2024,06:00,JCKCNTY2_CC1, 20.81,N
01/21/2024,06:00,JCKCNTY2_CT3, 20.81,N
01/21/2024,06:00,JCKCNTY2_CT4, 20.81,N
01/21/2024,06:00,JCKCNTY2_ST2, 20.81,N
01/21/2024,06:00,JC_BAT_RN, 22.91,N
01/21/2024,06:00,JDKNS_RN, 31.47,N
01/21/2024,06:00,JUNCTION_RN, 25.14,N
01/21/2024,06:00,JUNO_ALL, 25.46,N
01/21/2024,06:00,KARAKAW1_1, 22.65,N
01/21/2024,06:00,KARAKAW2_1, 22.65,N
01/21/2024,06:00,KEECHI_U1, 21,N
01/21/2024,06:00,KELAMSL_U1, 21.31,N
01/21/2024,06:00,KEO_KEO_SM1, 31.67,N
01/21/2024,06:00,KINGE_ALL, 31.68,N
01/21/2024,06:00,KINGW_ALL, 31.63,N
01/21/2024,06:00,KMCHI_CC1, 21.09,N
01/21/2024,06:00,KMCHI_CC2, 21.09,N
01/21/2024,06:00,LACY_CRK_ALL, 29.27,N
01/21/2024,06:00,LAMESASLR_G, 23.85,N
01/21/2024,06:00,LAPETUS_U1, 32.23,N
01/21/2024,06:00,LARDVFTN_G4, 22.83,N
01/21/2024,06:00,LARDVFTN_G5, 22.83,N
01/21/2024,06:00,LASSO_GEN, 39.85,N
01/21/2024,06:00,LBRA_BES1, 22.7,N
01/21/2024,06:00,LEG_LEG_G1, 21.62,N
01/21/2024,06:00,LEG_LEG_G2, 21.62,N
01/21/2024,06:00,LEONLCPCT1_2, 22.87,N
01/21/2024,06:00,LEONLCPCT3_4, 22.87,N
01/21/2024,06:00,LFSTH_RN, 21.32,N
01/21/2024,06:00,LGDRAW_S_ALL, 25.46,N
01/21/2024,06:00,LGD_LANGFORD, 27.01,N
01/21/2024,06:00,LGE_CC1, 22.59,N
01/21/2024,06:00,LGE_LGE_GT1, 22.59,N
01/21/2024,06:00,LGE_LGE_GT2, 22.59,N
01/21/2024,06:00,LGE_LGE_STG, 22.59,N
01/21/2024,06:00,LGE_PUN1, 22.59,N
01/21/2024,06:00,LGE_PUN2, 22.59,N
01/21/2024,06:00,LGW_UNIT_ALL, 21.89,N
01/21/2024,06:00,LHM_CVC_G4, 21.98,N
01/21/2024,06:00,LHM_PUN1, 21.98,N
01/21/2024,06:00,LHM_PUN2, 21.98,N
01/21/2024,06:00,LHORN_N_U1_2, 16.96,N
01/21/2024,06:00,LHSES_UNIT1, 21.18,N
01/21/2024,06:00,LHSES_UNIT2, 21.18,N
01/21/2024,06:00,LIG_RN, 21.98,N
01/21/2024,06:00,LILY_RN, 21.19,N
01/21/2024,06:00,LMAJADAS_ALL, 14.88,N
01/21/2024,06:00,LMO_ESR_RN, 21.8,N
01/21/2024,06:00,LNCRK_ALL, 20.75,N
01/21/2024,06:00,LONESTAR_RN, 31.44,N
01/21/2024,06:00,LONEWOLF_ALL, 21.1,N
01/21/2024,06:00,LON_RN1, 22.11,N
01/21/2024,06:00,LOSTPI_CC1, 22.38,N
01/21/2024,06:00,LOS_LOSTPGT1, 22.38,N
01/21/2024,06:00,LOS_LOSTPGT2, 22.38,N
01/21/2024,06:00,LOS_LOSTPST1, 22.38,N
01/21/2024,06:00,LPCCS_CC1, 21.1,N
01/21/2024,06:00,LPCCS_CC2, 21.1,N
01/21/2024,06:00,LPCCS_CT11, 21.1,N
01/21/2024,06:00,LPCCS_CT12, 21.1,N
01/21/2024,06:00,LPCCS_CT21, 21.1,N
01/21/2024,06:00,LPCCS_CT22, 21.1,N
01/21/2024,06:00,LPCCS_UNIT1, 21.1,N
01/21/2024,06:00,LPCCS_UNIT2, 21.1,N
01/21/2024,06:00,LV1A_LV1B, 14.88,N
01/21/2024,06:00,LV3_RN, 22.71,N
01/21/2024,06:00,LV3_UNIT1, 22.71,N
01/21/2024,06:00,LV4_UNIT_1, 22.71,N
01/21/2024,06:00,LV5_UNIT1, 14.94,N
01/21/2024,06:00,LZ_AEN, 22.41,N
01/21/2024,06:00,LZ_CPS, 22.87,N
01/21/2024,06:00,LZ_HOUSTON, 22.02,N
01/21/2024,06:00,LZ_LCRA, 22.74,N
01/21/2024,06:00,LZ_NORTH, 21.26,N
01/21/2024,06:00,LZ_RAYBN, 21.19,N
01/21/2024,06:00,LZ_SOUTH, 21.79,N
01/21/2024,06:00,LZ_WEST, 29.73,N
01/21/2024,06:00,L_FRE_ESR_RN, 14.88,N
01/21/2024,06:00,MADERO_RN, 14.91,N
01/21/2024,06:00,MAINLAND_RN, 22.04,N
01/21/2024,06:00,MARBFA, 22.85,N
01/21/2024,06:00,MARIAH_ALL, 16.45,N
01/21/2024,06:00,MAR_MARSFOG1, 22.4,N
01/21/2024,06:00,MAR_MARSFOG2, 22.4,N
01/21/2024,06:00,MAR_MARSFOG3, 22.4,N
01/21/2024,06:00,MASSENGL_CC1, 9.97,N
01/21/2024,06:00,MASSENGL_G6, 17.33,N
01/21/2024,06:00,MASSENGL_G7, 17.33,N
01/21/2024,06:00,MASSENGL_G8, 3,N
01/21/2024,06:00,MAVCRK_W_ALL, 23.71,N
01/21/2024,06:00,MCDLD_FCSBW1, 28.28,N
01/21/2024,06:00,MCLNSLR_RN, 29.15,N
01/21/2024,06:00,MCSES_UNIT6, 21.19,N
01/21/2024,06:00,MCSES_UNIT7, 21.19,N
01/21/2024,06:00,MCSES_UNIT8, 21.19,N
01/21/2024,06:00,MDANP_CT1_2, 21.24,N
01/21/2024,06:00,MDANP_CT3_4, 21.23,N
01/21/2024,06:00,MDANP_CT5_6, 21.24,N
01/21/2024,06:00,MERCURY_ALL, 21.4,N
01/21/2024,06:00,MESQCRK_ALL, 25.46,N
01/21/2024,06:00,MESTENO_RN, 22.71,N
01/21/2024,06:00,MGSES_CT123, 29.52,N
01/21/2024,06:00,MGSES_CT456, 29.52,N
01/21/2024,06:00,MIAM1_G1_G2, 17.36,N
01/21/2024,06:00,MIDWY_RN, 31.62,N
01/21/2024,06:00,MIL_MILG1_2, 21.18,N
01/21/2024,06:00,MIL_MILG345, 21.18,N
01/21/2024,06:00,MIRAGE_G1, 22.01,N
01/21/2024,06:00,MIRASOLE_GEN, 22.7,N
01/21/2024,06:00,MISAE_GEN_RN, 18.19,N
01/21/2024,06:00,MLSES_UNIT1, 21.28,N
01/21/2024,06:00,MLSES_UNIT2, 21.28,N
01/21/2024,06:00,MLSES_UNIT3, 21.28,N
01/21/2024,06:00,MNWL_BESS_RN, 21.11,N
01/21/2024,06:00,MOZART_WIND1, 23.47,N
01/21/2024,06:00,MUSTNGCK_ALL, 22.68,N
01/21/2024,06:00,MV_VALV4_RN, 14.9,N
01/21/2024,06:00,MWEC_G1, 23.03,N
01/21/2024,06:00,MYRY_ESR_RN, 14.91,N
01/21/2024,06:00,MYR_ALL, 22.14,N
01/21/2024,06:00,NACPW_UNIT1, 21.31,N
01/21/2024,06:00,NBOHR_RN, 29.51,N
01/21/2024,06:00,NCARBIDEG8, 22.48,N
01/21/2024,06:00,NCARBIDE_1_7, 22.48,N
01/21/2024,06:00,NCARBID_PUN1, 22.48,N
01/21/2024,06:00,NCARBID_PUN2, 22.48,N
01/21/2024,06:00,NCO_RN, 22.21,N
01/21/2024,06:00,NEBULA_RN, 14.89,N
01/21/2024,06:00,NEDIN_CC1, 14.87,N
01/21/2024,06:00,NED_NEDIN_G1, 14.9,N
01/21/2024,06:00,NED_NEDIN_G2, 14.9,N
01/21/2024,06:00,NED_NEDIN_G3, 14.8,N
01/21/2024,06:00,NF_BRP_RN, 22.4,N
01/21/2024,06:00,NOBLESLR_ALL, 20.88,N
01/21/2024,06:00,NOVA1SLR_ALL, 19.67,N
01/21/2024,06:00,NOVA2S_UNIT1, 19.67,N
01/21/2024,06:00,NUECES_B_CC1, 22.62,N
01/21/2024,06:00,NUE_NUECESG7, 22.62,N
01/21/2024,06:00,NUE_NUECESG8, 22.62,N
01/21/2024,06:00,NUE_NUECESG9, 22.62,N
01/21/2024,06:00,NWF_NWF1, 31.92,N
01/21/2024,06:00,N_AL_BESS_RN, 14.9,N
01/21/2024,06:00,N_MRD_ESR_RN, 14.89,N
01/21/2024,06:00,OBERON_U1, 31.61,N
01/21/2024,06:00,ODESW_RN, 31.58,N
01/21/2024,06:00,OECCS_1, 31.37,N
01/21/2024,06:00,OECCS_2, 31.37,N
01/21/2024,06:00,OECCS_CC1, 31.37,N
01/21/2024,06:00,OECCS_CC2, 31.37,N
01/21/2024,06:00,OGSES_1, 21.72,N
01/21/2024,06:00,OGSES_2, 21.72,N
01/21/2024,06:00,OLIN_OLING_1, 21.55,N
01/21/2024,06:00,OLIN_OLING_2, 21.55,N
01/21/2024,06:00,OLIN_OLING_3, 21.55,N
01/21/2024,06:00,OLIN_OLING_4, 21.55,N
01/21/2024,06:00,OLNEYTN_RN, 20.72,N
01/21/2024,06:00,OR_BESS_RN, 22.24,N
01/21/2024,06:00,OWF_OWF, 28.91,N
01/21/2024,06:00,OXY_OXY_CCG1, 22.62,N
01/21/2024,06:00,OXY_PUN1, 22.62,N
01/21/2024,06:00,OXY_PUN2, 22.62,N
01/21/2024,06:00,PALE_ESS_EN, 15.72,N
01/21/2024,06:00,PALMWI_UNIT1, 14.88,N
01/21/2024,06:00,PANDA_S_CC1, 21.08,N
01/21/2024,06:00,PANDA_S_CT1, 21.08,N
01/21/2024,06:00,PANDA_S_CT2, 21.08,N
01/21/2024,06:00,PANDA_S_ST1, 21.08,N
01/21/2024,06:00,PANDA_T1_CC1, 21.99,N
01/21/2024,06:00,PANDA_T1_CT1, 21.99,N
01/21/2024,06:00,PANDA_T1_CT2, 21.99,N
01/21/2024,06:00,PANDA_T1_ST1, 21.99,N
01/21/2024,06:00,PANDA_T2_CC1, 21.99,N
01/21/2024,06:00,PANDA_T2_CT1, 21.99,N
01/21/2024,06:00,PANDA_T2_CT2, 21.99,N
01/21/2024,06:00,PANDA_T2_ST1, 21.99,N
01/21/2024,06:00,PAP1_PAP1, 22.6,N
01/21/2024,06:00,PAULN_RN, 21.3,N
01/21/2024,06:00,PAVLOV_BT_RN, 24.51,N
01/21/2024,06:00,PAVO_ESS_ALL, 31.67,N
01/21/2024,06:00,PB2SES_CT1, 31.5,N
01/21/2024,06:00,PB2SES_CT2, 31.5,N
01/21/2024,06:00,PB2SES_CT3, 31.5,N
01/21/2024,06:00,PB2SES_CT4, 31.5,N
01/21/2024,06:00,PB2SES_CT5, 31.5,N
01/21/2024,06:00,PC_NORTH_1, 30.85,N
01/21/2024,06:00,PC_SOUTH_ALL, 30.85,N
01/21/2024,06:00,PEARSA_1_24, 23.6,N
01/21/2024,06:00,PENA_ALL, 22.65,N
01/21/2024,06:00,PES1_RN, 22.05,N
01/21/2024,06:00,PEY_RN, 22.18,N
01/21/2024,06:00,PH1_UNIT1_2, 17.21,N
01/21/2024,06:00,PH2_U1_U2, 17.21,N
01/21/2024,06:00,PHILLWND_ALL, 21.63,N
01/21/2024,06:00,PHOEBE_ALL, 31.6,N
01/21/2024,06:00,PHOENIX_RN, 21.1,N
01/21/2024,06:00,PHO_ALL, 22.13,N
01/21/2024,06:00,PIONR_DJ_RN, 31.09,N
01/21/2024,06:00,PISG_RN_ALL, 21.39,N
01/21/2024,06:00,PITSDD_UNIT1, 21.39,N
01/21/2024,06:00,PLN_ALL, 22.18,N
01/21/2024,06:00,PNPI_GT2_RN, 22.09,N
01/21/2024,06:00,PORTSL_UNIT1, 20.87,N
01/21/2024,06:00,POTSVIL_RN, 21.96,N
01/21/2024,06:00,PRID_RN, 22.49,N
01/21/2024,06:00,PROSPERO_ALL, 32.08,N
01/21/2024,06:00,PRO_RN, 22.05,N
01/21/2024,06:00,PRSPERO2_ALL, 32.08,N
01/21/2024,06:00,PR_PR_ALL, 21.99,N
01/21/2024,06:00,PR_PR_G2, 21.99,N
01/21/2024,06:00,PSA_CC1, 21.98,N
01/21/2024,06:00,PSA_PSA_G1, 21.98,N
01/21/2024,06:00,PSA_PSA_G2, 21.98,N
01/21/2024,06:00,PSA_PSA_G3, 21.98,N
01/21/2024,06:00,PSA_PSA_G4, 21.98,N
01/21/2024,06:00,PSA_PSA_G5, 21.98,N
01/21/2024,06:00,PSA_PSA_G6, 21.98,N
01/21/2024,06:00,PSA_PSA_G7, 21.98,N
01/21/2024,06:00,PSA_PUN1, 21.98,N
01/21/2024,06:00,PSA_PUN2, 21.98,N
01/21/2024,06:00,PSA_PUN3, 21.98,N
01/21/2024,06:00,PSA_PUN4, 21.98,N
01/21/2024,06:00,PSA_PUN5, 21.98,N
01/21/2024,06:00,PSG_CC1, 21.99,N
01/21/2024,06:00,PSG_PSG_GT2, 21.99,N
01/21/2024,06:00,PSG_PSG_GT3, 21.99,N
01/21/2024,06:00,PSG_PSG_ST1, 21.99,N
01/21/2024,06:00,PTLBES_BESS1, 22.46,N
01/21/2024,06:00,PYR_PYRON1, 18.91,N
01/21/2024,06:00,QALSW_ALL, 31.38,N
01/21/2024,06:00,QALSW_CC1, 31.38,N
01/21/2024,06:00,QALSW_CC2, 31.38,N
01/21/2024,06:00,QUEEN_BA_RN, 31.22,N
01/21/2024,06:00,QUEEN_SL_RN, 31.22,N
01/21/2024,06:00,RAB_G1-8, 22.05,N
01/21/2024,06:00,RADN_SLR_ALL, 22.66,N
01/21/2024,06:00,RAMBLER_UNIT, 25.33,N
01/21/2024,06:00,RANCHERO_ALL, 26.85,N
01/21/2024,06:00,RAT_RN_1, 24.96,N
01/21/2024,06:00,RAYBURN_CC1, 22.54,N
01/21/2024,06:00,RAYB_G78910, 22.54,N
01/21/2024,06:00,RBN_BESS1, 22.12,N
01/21/2024,06:00,RDCAN_RDCNY1, 23.83,N
01/21/2024,06:00,REDBARN_RN, 30.73,N
01/21/2024,06:00,REDFISH_ALL, 14.88,N
01/21/2024,06:00,REDGATE_ALL, 14.9,N
01/21/2024,06:00,REDGATE_RN, 14.9,N
01/21/2024,06:00,RELOJ_ALL, 22.75,N
01/21/2024,06:00,REROCK_ALL, 31.17,N
01/21/2024,06:00,RHESS2_ESS1, 22.32,N
01/21/2024,06:00,RIGGIN_UNIT1, 31.49,N
01/21/2024,06:00,RIOG_ESR_RN, 14.95,N
01/21/2024,06:00,RIONOG_CC1, 22.67,N
01/21/2024,06:00,RIONOG_CT1, 22.67,N
01/21/2024,06:00,RIONOG_CT2, 22.67,N
01/21/2024,06:00,RIONOG_CT3, 22.67,N
01/21/2024,06:00,RIONOG_ST1, 22.67,N
01/21/2024,06:00,RIPPEY_ALL, 21.02,N
01/21/2024,06:00,RN_APOGEE, 20.5,N
01/21/2024,06:00,RN_BYU_G8, 22.01,N
01/21/2024,06:00,RN_DEC_AGR_A, 21,N
01/21/2024,06:00,RN_DEC_AGR_B, 21,N
01/21/2024,06:00,RN_DEC_AGR_C, 21,N
01/21/2024,06:00,RN_DEC_AGR_D, 21,N
01/21/2024,06:00,RN_ECEC_HOLT, 31.87,N
01/21/2024,06:00,RN_OCI_ALAMO, 22.88,N
01/21/2024,06:00,RN_RTS1, 23.21,N
01/21/2024,06:00,RN_SR_WIND1, 14.88,N
01/21/2024,06:00,RN_TOSBATT, 28.56,N
01/21/2024,06:00,ROSELAND_ALL, 21.64,N
01/21/2024,06:00,ROUTE66_RN, 17.05,N
01/21/2024,06:00,ROW_ALL, 22.07,N
01/21/2024,06:00,RPUBRDS_RN, 21.82,N
01/21/2024,06:00,RRANCHES_ALL, 31.4,N
01/21/2024,06:00,RRC_WIND_ALL, 20.89,N
01/21/2024,06:00,RSK_RN, 29.51,N
01/21/2024,06:00,RTLSNAKE_BT, 31.41,N
01/21/2024,06:00,RUSSEKST_RN, 41.66,N
01/21/2024,06:00,RVRVLYS_ALL, 22.3,N
01/21/2024,06:00,SADLBACK_RN, 31.35,N
01/21/2024,06:00,SALVTION_GEN, 20.11,N
01/21/2024,06:00,SAMSON_ALL, 21.12,N
01/21/2024,06:00,SANDHSYD1_2, 22.42,N
01/21/2024,06:00,SANDHSYD3_4, 22.42,N
01/21/2024,06:00,SANDHSYD6_7, 22.42,N
01/21/2024,06:00,SANDHSYD_5AC, 22.42,N
01/21/2024,06:00,SANDHSYD_CC1, 22.42,N
01/21/2024,06:00,SANTACRU_ALL, 22.63,N
01/21/2024,06:00,SAN_SANMIGG1, 22.68,N
01/21/2024,06:00,SBEAN_BESS, 31.39,N
01/21/2024,06:00,SBE_RN_1, 22.38,N
01/21/2024,06:00,SC2SES_UNIT1, 21.31,N
01/21/2024,06:00,SCES_UNIT1, 21.64,N
01/21/2024,06:00,SCLP_PUN1, 22.21,N
01/21/2024,06:00,SCLP_PUN2, 22.21,N
01/21/2024,06:00,SCLP_PUN3, 22.21,N
01/21/2024,06:00,SCLP_PUN4, 22.21,N
01/21/2024,06:00,SCLP_SCLPC_1, 22.21,N
01/21/2024,06:00,SCLP_SCLPC_2, 22.21,N
01/21/2024,06:00,SCLP_SCLPC_3, 22.21,N
01/21/2024,06:00,SCLP_SCLPC_4, 22.21,N
01/21/2024,06:00,SCSES_UNIT2, 21.31,N
01/21/2024,06:00,SDSES_PUN1, 22.17,N
01/21/2024,06:00,SDSES_PUN3, 22.17,N
01/21/2024,06:00,SENATEWD_1, 20.7,N
01/21/2024,06:00,SGM_SIGNALMT, 33.62,N
01/21/2024,06:00,SGSA_DGR, 31.17,N
01/21/2024,06:00,SG_BES_BESS1, 31.49,N
01/21/2024,06:00,SHAFFER_ALL, 22.63,N
01/21/2024,06:00,SHAMROCK_RN, 26.69,N
01/21/2024,06:00,SHANNONW_RN, 20.54,N
01/21/2024,06:00,SHEEPCRK_1, 20.89,N
01/21/2024,06:00,SILASRAY_CC1, 14.88,N
01/21/2024,06:00,SIL_SILAS_10, 14.88,N
01/21/2024,06:00,SIL_SILAS_6, 14.88,N
01/21/2024,06:00,SIL_SILAS_9, 14.88,N
01/21/2024,06:00,SIRIUS_UNIT1, 31.86,N
01/21/2024,06:00,SJS_SJS_G1, 22,N
01/21/2024,06:00,SJS_SJS_G2, 22,N
01/21/2024,06:00,SKY1, 22.42,N
01/21/2024,06:00,SLCN_ESS_ALL, 22.36,N
01/21/2024,06:00,SLTFRK_UN1_2, 17.36,N
01/21/2024,06:00,SL_PUN1, 21.99,N
01/21/2024,06:00,SL_PUN2, 21.99,N
01/21/2024,06:00,SNY_BESS_RN, 25.03,N
01/21/2024,06:00,SOLARA_UNIT1, 22.19,N
01/21/2024,06:00,SPARTA_ALL, 22.68,N
01/21/2024,06:00,SPLAIN1_RN, 16.91,N
01/21/2024,06:00,SPLAIN2_RN, 16.91,N
01/21/2024,06:00,SPNC_SPNCE_4, 21.02,N
01/21/2024,06:00,SPNC_SPNCE_5, 21.02,N
01/21/2024,06:00,SPTX12B_RN, 31.62,N
01/21/2024,06:00,SROSA_ESR_RN, 14.88,N
01/21/2024,06:00,SRWE1_UNIT1, 25.46,N
01/21/2024,06:00,SSPURT_WIND1, 16.75,N
01/21/2024,06:00,STAM_SLR_ALL, 21.12,N
01/21/2024,06:00,STEAM_ENG123, 21.66,N
01/21/2024,06:00,STEA_STEAM_1, 21.66,N
01/21/2024,06:00,STEA_STEAM_2, 21.66,N
01/21/2024,06:00,STEA_STEAM_3, 21.66,N
01/21/2024,06:00,STELLA_RN, 22.65,N
01/21/2024,06:00,STP_STP_G1, 22.2,N
01/21/2024,06:00,STP_STP_G2, 22.2,N
01/21/2024,06:00,STRATEGC_RN, 21.3,N
01/21/2024,06:00,STWF_T1, 24.98,N
01/21/2024,06:00,SUNVASLR_ALL, 21.42,N
01/21/2024,06:00,SWEC_G1, 40.12,N
01/21/2024,06:00,SWEETWN2_2_4, 20.54,N
01/21/2024,06:00,SWEETWN3_3, 20.54,N
01/21/2024,06:00,SWEETWND_1, 20.54,N
01/21/2024,06:00,SWOOSE1_U1, 31.44,N
01/21/2024,06:00,SWOOSEII_RN, 31.44,N
01/21/2024,06:00,SWTWN4_WND45, 20.54,N
01/21/2024,06:00,SWT_BESS_RN, 25.6,N
01/21/2024,06:00,S_HILLS_RN, 20.61,N
01/21/2024,06:00,TAHOKA_ALL, 27.97,N
01/21/2024,06:00,TAV_RN, 22.25,N
01/21/2024,06:00,TAYGETE2_ALL, 31.32,N
01/21/2024,06:00,TAYGETE_ALL, 31.32,N
01/21/2024,06:00,TBWF_ES_BES1, 31.63,N
01/21/2024,06:00,TC_PUN1, 22.01,N
01/21/2024,06:00,TC_PUN2, 22.01,N
01/21/2024,06:00,TC_TCHP1, 22.01,N
01/21/2024,06:00,TEN_CC1, 21.25,N
01/21/2024,06:00,TEN_CT1_STG, 21.25,N
01/21/2024,06:00,TGCCS_ALL, 21.29,N
01/21/2024,06:00,TGCCS_CC1, 21.29,N
01/21/2024,06:00,TGF_TGFGT, 22.54,N
01/21/2024,06:00,TGS_GT01, 22.54,N
01/21/2024,06:00,TGW_T1_T2, 22.65,N
01/21/2024,06:00,THW_1_CCU, 21.97,N
01/21/2024,06:00,THW_2_CCU, 21.97,N
01/21/2024,06:00,THW_CC1, 21.97,N
01/21/2024,06:00,THW_CC2, 21.97,N
01/21/2024,06:00,THW_THWGT5X, 21.96,N
01/21/2024,06:00,THW_THWGT_1, 21.97,N
01/21/2024,06:00,TI_SOLAR_ALL, 31.38,N
01/21/2024,06:00,TKWSW_CHAMP, 18.91,N
01/21/2024,06:00,TKWSW_ROSCOE, 18.91,N
01/21/2024,06:00,TNP_TNP_O_1, 21.8,N
01/21/2024,06:00,TNP_TNP_O_2, 21.8,N
01/21/2024,06:00,TNSKA_CC1, 21.1,N
01/21/2024,06:00,TNSKA_CCU, 21.1,N
01/21/2024,06:00,TOPAZ_ALL, 22.03,N
01/21/2024,06:00,TORR_ALL, 22.77,N
01/21/2024,06:00,TORT_ESS_RN, 22.05,N
01/21/2024,06:00,TOYAH_RN, 31.17,N
01/21/2024,06:00,TREB_SOLAR1, 22.39,N
01/21/2024,06:00,TRENT_TRENT, 24.98,N
01/21/2024,06:00,TRINITY_ALL, 20.53,N
01/21/2024,06:00,TRIPBUT1_RN, 32.95,N
01/21/2024,06:00,TRSES_UNIT6, 21.33,N
01/21/2024,06:00,TRUENO_ALL, 14.88,N
01/21/2024,06:00,TRUSGILL_RN, 20.04,N
01/21/2024,06:00,TTRSW_RN, 21.12,N
01/21/2024,06:00,TTWEC_G1, 21.16,N
01/21/2024,06:00,TURQ_BESS1, 21.68,N
01/21/2024,06:00,TV_RN, 22.09,N
01/21/2024,06:00,TXCTY_CC1, 22.03,N
01/21/2024,06:00,TXCTY_CTA, 22.03,N
01/21/2024,06:00,TXCTY_CTB, 22.03,N
01/21/2024,06:00,TXCTY_CTC, 22.03,N
01/21/2024,06:00,TXCTY_ST, 22.03,N
01/21/2024,06:00,TYLRWIND_RN, 20.98,N
01/21/2024,06:00,T_CK_GT2_RN, 35.56,N
01/21/2024,06:00,T_CK_GT3_RN, 35.56,N
01/21/2024,06:00,UCC_COG_PUN2, 22.03,N
01/21/2024,06:00,UCC_UCC_C_2, 22.03,N
01/21/2024,06:00,VANCOURT_RN, 14.89,N
01/21/2024,06:00,VENADO_ALL, 22.82,N
01/21/2024,06:00,VERAWIND_ALL, 20.04,N
01/21/2024,06:00,VERTIGO_UN1, 20.29,N
01/21/2024,06:00,VICTORIA_CC1, 22.53,N
01/21/2024,06:00,VICTPORT_RN, 22.51,N
01/21/2024,06:00,VIC_VICTORG5, 22.53,N
01/21/2024,06:00,VIC_VICTORG6, 22.53,N
01/21/2024,06:00,VISION_RN, 21.34,N
01/21/2024,06:00,VLSES_UNIT3, 21.09,N
01/21/2024,06:00,VORT_ALL_RN, 20.43,N
01/21/2024,06:00,WAKEWE_ALL, 18.86,N
01/21/2024,06:00,WAP_WAPGT_1, 22.09,N
01/21/2024,06:00,WAP_WAP_G1, 22.09,N
01/21/2024,06:00,WAP_WAP_G2, 22.09,N
01/21/2024,06:00,WAP_WAP_G3, 22.09,N
01/21/2024,06:00,WAP_WAP_G4, 22.09,N
01/21/2024,06:00,WAP_WAP_G5, 22.09,N
01/21/2024,06:00,WAP_WAP_G6, 22.04,N
01/21/2024,06:00,WAP_WAP_G7, 22.04,N
01/21/2024,06:00,WAP_WAP_G8, 22.05,N
01/21/2024,06:00,WAYMARK_RN, 30.73,N
01/21/2024,06:00,WCPP_CC1, 20.83,N
01/21/2024,06:00,WCPP_CT1, 20.83,N
01/21/2024,06:00,WCPP_CT2, 20.83,N
01/21/2024,06:00,WCPP_ST1, 20.83,N
01/21/2024,06:00,WEBBER_WS_T1, 22.39,N
01/21/2024,06:00,WEC_WECG1, 21.74,N
01/21/2024,06:00,WES_ALL, 22.2,N
01/21/2024,06:00,WFCOGEN_13, 20.4,N
01/21/2024,06:00,WFCOGEN_24, 20.4,N
01/21/2024,06:00,WFCOGEN_CC1, 20.4,N
01/21/2024,06:00,WFTANK_ESS1, 22.79,N
01/21/2024,06:00,WGU_RN, 22.17,N
01/21/2024,06:00,WHCCS2_4, 21.19,N
01/21/2024,06:00,WHCCS2_5_6, 21.19,N
01/21/2024,06:00,WHCCS2_CC2, 21.19,N
01/21/2024,06:00,WHCCS_CC1, 21.19,N
01/21/2024,06:00,WHCCS_CT1_ST, 21.19,N
01/21/2024,06:00,WHCCS_CT2, 21.19,N
01/21/2024,06:00,WHITE_PT_UN1, 22.59,N
01/21/2024,06:00,WHMESA_U1, 26.55,N
01/21/2024,06:00,WHTTAIL_WR1, 20.96,N
01/21/2024,06:00,WH_WIND_ALL, 20.42,N
01/21/2024,06:00,WILDWIND_ALL, 20.91,N
01/21/2024,06:00,WIPOPA_1_2, 22.38,N
01/21/2024,06:00,WIPOPA_3_4, 22.38,N
01/21/2024,06:00,WIR_WIRTZ_G1, 22.82,N
01/21/2024,06:00,WIR_WIRTZ_G2, 22.82,N
01/21/2024,06:00,WLTC_ESR_RN, 22.62,N
01/21/2024,06:00,WL_RANCH_RN, 25.43,N
01/21/2024,06:00,WNDTS2_UNIT1, 20.71,N
01/21/2024,06:00,WND_WHITNEY, 21.52,N
01/21/2024,06:00,WOODWRD1_RN, 31.67,N
01/21/2024,06:00,WOODWRD2_RN, 31.67,N
01/21/2024,06:00,WOV_BESS_RN, 31.67,N
01/21/2024,06:00,WRSBES_BESS1, 31.4,N
01/21/2024,06:00,W_HRL_ESR_RN, 14.88,N
01/21/2024,06:00,W_PECO_UNIT1, 31.4,N
01/21/2024,06:00,X443ESRN, 22.91,N
01/21/2024,06:00,YNG_WND_ALL, 20.54,N
01/21/2024,06:00,ZIER_SLR_ALL, 31.1,N
01/21/2024,07:00,7RNCHSLR_ALL, 25.06,N
01/21/2024,07:00,AEEC, 18.64,N
01/21/2024,07:00,AGUAYO_UNIT1, 24.96,N
01/21/2024,07:00,AJAXWIND_RN, 23.79,N
01/21/2024,07:00,ALGOD_ALL_RN, 25.09,N
01/21/2024,07:00,ALVIN_RN, 24.83,N
01/21/2024,07:00,AMADEUS_ALL, 24.12,N
01/21/2024,07:00,AMISTAD_ALL, 32.26,N
01/21/2024,07:00,AMOCOOIL_CC1, 24.83,N
01/21/2024,07:00,AMOCOOIL_CC2, 24.83,N
01/21/2024,07:00,AMOCO_PUN1, 24.83,N
01/21/2024,07:00,AMOCO_PUN2, 24.83,N
01/21/2024,07:00,AMO_AMOCO_1, 24.83,N
01/21/2024,07:00,AMO_AMOCO_2, 24.83,N
01/21/2024,07:00,AMO_AMOCO_5, 24.83,N
01/21/2024,07:00,AMO_AMOCO_G1, 24.83,N
01/21/2024,07:00,AMO_AMOCO_G2, 24.83,N
01/21/2024,07:00,AMO_AMOCO_G3, 24.83,N
01/21/2024,07:00,AMO_AMOCO_S1, 24.83,N
01/21/2024,07:00,AMO_AMOCO_S2, 24.83,N
01/21/2024,07:00,ANACACHO_ANA, 32.13,N
01/21/2024,07:00,ANCHOR_ALL, 24.37,N
01/21/2024,07:00,ANDMDSLR_ALL, 24.17,N
01/21/2024,07:00,ANEM_ESS_RN, 25.17,N
01/21/2024,07:00,ANG_ALL, 25.73,N
01/21/2024,07:00,ANSON1_ALL, 24.42,N
01/21/2024,07:00,APPALOSA_ALL, 37.48,N
01/21/2024,07:00,AQUI_ALL, 24.53,N
01/21/2024,07:00,ARAGORN_RN, 30.04,N
01/21/2024,07:00,ASTRA_RN, 17.98,N
01/21/2024,07:00,ATK_ATKINSG7, 24.72,N
01/21/2024,07:00,AURO_SLR_RN, 24.74,N
01/21/2024,07:00,AUSTPL_ALL, 25.79,N
01/21/2024,07:00,AVIAT_ALL, 26.84,N
01/21/2024,07:00,AZURE_RN, 24.03,N
01/21/2024,07:00,AZ_ALL, 24.82,N
01/21/2024,07:00,BAC_RN_ALL, 24.84,N
01/21/2024,07:00,BAFFIN_ALL, 25.12,N
01/21/2024,07:00,BAIRDWND_ALL, 24.31,N
01/21/2024,07:00,BARROW_ALL, 30.44,N
01/21/2024,07:00,BASTEN_CC1, 24.98,N
01/21/2024,07:00,BASTEN_CCU, 24.98,N
01/21/2024,07:00,BATCAVE_RN, 26.99,N
01/21/2024,07:00,BAYC_BESS_RN, 28.25,N
01/21/2024,07:00,BBREEZE_1_2, 25.15,N
01/21/2024,07:00,BCATWD_WD_1, 24.1,N
01/21/2024,07:00,BCH_RN, 24.99,N
01/21/2024,07:00,BCK_RN, 24.83,N
01/21/2024,07:00,BELM_SLR_RN, 24.75,N
01/21/2024,07:00,BIGSTAR_ALL, 24.99,N
01/21/2024,07:00,BLACKJAK_RN, 25.09,N
01/21/2024,07:00,BLSMT1_5_A_6, 23.36,N
01/21/2024,07:00,BLUEJAY_RN, 24.72,N
01/21/2024,07:00,BOARDCRK_ALL, 24.54,N
01/21/2024,07:00,BOOTLEG_UN1, 30.11,N
01/21/2024,07:00,BORDAS_345, 25.22,N
01/21/2024,07:00,BOSQUESW_CC1, 24.49,N
01/21/2024,07:00,BOSQUESW_CC2, 24.56,N
01/21/2024,07:00,BOSQ_BSQSU_5, 24.56,N
01/21/2024,07:00,BOSQ_BSQS_12, 24.56,N
01/21/2024,07:00,BOSQ_BSQS_34, 24.49,N
01/21/2024,07:00,BRANDON_RN, 22.97,N
01/21/2024,07:00,BRAUNIG_CC1, 24.55,N
01/21/2024,07:00,BRAUNIG_VHB1, 26.78,N
01/21/2024,07:00,BRAUNIG_VHB2, 26.78,N
01/21/2024,07:00,BRAUNIG_VHB3, 27.23,N
01/21/2024,07:00,BRAZ_WND_ALL, 25.84,N
01/21/2024,07:00,BRA_AVR1_CT2, 24.55,N
01/21/2024,07:00,BRA_AVR_CST1, 24.55,N
01/21/2024,07:00,BRHEIGHT_RN, 24.83,N
01/21/2024,07:00,BRIGHTSD_RN, 25.29,N
01/21/2024,07:00,BRIGHTSD_U1, 25.29,N
01/21/2024,07:00,BRISCOE_WIND, 18.47,N
01/21/2024,07:00,BRPANGLE_RN, 25.14,N
01/21/2024,07:00,BRPMAGNO_RN, 24.83,N
01/21/2024,07:00,BRP_BRAZ_RN, 25.15,N
01/21/2024,07:00,BRP_DIKN_RN, 24.83,N
01/21/2024,07:00,BRP_LOOP_RN, 25.14,N
01/21/2024,07:00,BRP_LOP1_RN, 25.28,N
01/21/2024,07:00,BRP_PBL1_RN, 40.96,N
01/21/2024,07:00,BRP_PBL2_RN, 40.96,N
01/21/2024,07:00,BRP_RN_UNIT1, 26.11,N
01/21/2024,07:00,BRP_SEMI_RN, 24.83,N
01/21/2024,07:00,BRP_SWNY_RN, 25.16,N
01/21/2024,07:00,BRP_ZPT1_RN, 25.33,N
01/21/2024,07:00,BRP_ZPT2_RN, 25.33,N
01/21/2024,07:00,BRTSW_BCW1, 24.38,N
01/21/2024,07:00,BR_ARROW_ALL, 24.4,N
01/21/2024,07:00,BR_VHB6CT5_6, 26.78,N
01/21/2024,07:00,BR_VHB6CT7_8, 26.78,N
01/21/2024,07:00,BSS_U1, 25.17,N
01/21/2024,07:00,BTE_BTE_G1, 24.82,N
01/21/2024,07:00,BTE_BTE_G2, 24.82,N
01/21/2024,07:00,BTE_BTE_G3, 24.82,N
01/21/2024,07:00,BTE_BTE_G4, 24.82,N
01/21/2024,07:00,BTE_CC1, 24.82,N
01/21/2024,07:00,BTE_PUN1, 24.82,N
01/21/2024,07:00,BTE_PUN2, 24.82,N
01/21/2024,07:00,BTM_ALL, 24.97,N
01/21/2024,07:00,BUCHAN_ALL, 24.37,N
01/21/2024,07:00,BUCKTHRN_RN, 24.54,N
01/21/2024,07:00,BUFF_GAP_ALL, 24.84,N
01/21/2024,07:00,BULLCRK_1_2, 26.08,N
01/21/2024,07:00,BVE_CC1, 24.83,N
01/21/2024,07:00,BVE_UNIT1, 24.83,N
01/21/2024,07:00,BVE_UNIT2, 24.83,N
01/21/2024,07:00,BVE_UNIT3, 24.83,N
01/21/2024,07:00,BYRDR_ES_ALL, 25.16,N
01/21/2024,07:00,BYU_BYU_1, 24.83,N
01/21/2024,07:00,BYU_BYU_12, 24.83,N
01/21/2024,07:00,BYU_BYU_34, 24.83,N
01/21/2024,07:00,BYU_BYU_G8, 24.83,N
01/21/2024,07:00,BYU_CC1, 24.83,N
01/21/2024,07:00,BYU_G4_RN, 24.83,N
01/21/2024,07:00,BYU_PUN1, 24.83,N
01/21/2024,07:00,BYU_PUN2, 24.83,N
01/21/2024,07:00,BYU_PUN3, 24.83,N
01/21/2024,07:00,BYU_PUN4, 24.83,N
01/21/2024,07:00,B_DAVIS_3, 25.1,N
01/21/2024,07:00,B_DAVIS_4, 25.1,N
01/21/2024,07:00,B_DAVIS_CC1, 25.1,N
01/21/2024,07:00,B_D_B_DAVIG1, 25.1,N
01/21/2024,07:00,B_D_B_DAVIG2, 25.1,N
01/21/2024,07:00,CABEZON_ALL, 25.19,N
01/21/2024,07:00,CALAVER_JKS1, 24.82,N
01/21/2024,07:00,CALAVER_JKS2, 24.82,N
01/21/2024,07:00,CALAVER_JTD1, 26.75,N
01/21/2024,07:00,CALAVER_JTD2, 26.75,N
01/21/2024,07:00,CALAVER_OWS1, 26.89,N
01/21/2024,07:00,CALAVER_OWS2, 26.89,N
01/21/2024,07:00,CALHOUN_ALL, 24.79,N
01/21/2024,07:00,CALLAHA_WND1, 24.69,N
01/21/2024,07:00,CAL_CALGT1, 24.82,N
01/21/2024,07:00,CAL_CALSTG1, 24.82,N
01/21/2024,07:00,CAL_CC1, 24.82,N
01/21/2024,07:00,CAL_PUN1, 24.82,N
01/21/2024,07:00,CAL_PUN2, 24.82,N
01/21/2024,07:00,CAMWIND_RN, 15.15,N
01/21/2024,07:00,CANYONWD_ALL, 24.72,N
01/21/2024,07:00,CAPRIDG4_CR4, 26.84,N
01/21/2024,07:00,CAPRIDGE_ALL, 26.84,N
01/21/2024,07:00,CARBN_BSP_1, 28.67,N
01/21/2024,07:00,CASL_GAP_UN1, 30.91,N
01/21/2024,07:00,CATARINA_B1, 35.1,N
01/21/2024,07:00,CBECII_89, 24.83,N
01/21/2024,07:00,CBECII_CC3, 24.83,N
01/21/2024,07:00,CBECII_CT7, 24.83,N
01/21/2024,07:00,CBEC_ALL, 24.88,N
01/21/2024,07:00,CBEC_CC1, 24.88,N
01/21/2024,07:00,CBEC_CC2, 24.88,N
01/21/2024,07:00,CBY4_ALL, 24.82,N
01/21/2024,07:00,CBY4_CC1, 24.82,N
01/21/2024,07:00,CBY_CBY_G1, 24.82,N
01/21/2024,07:00,CBY_CBY_G2, 24.82,N
01/21/2024,07:00,CCEC_CC1, 25.1,N
01/21/2024,07:00,CCEC_GT1, 25.1,N
01/21/2024,07:00,CCEC_GT2, 25.1,N
01/21/2024,07:00,CCEC_PUN1, 25.1,N
01/21/2024,07:00,CCEC_PUN2, 25.1,N
01/21/2024,07:00,CCEC_ST1, 25.1,N
01/21/2024,07:00,CEDROHI_CHW1, 25.25,N
01/21/2024,07:00,CEDRVALE_RN, 30.07,N
01/21/2024,07:00,CFLATS_UNIT, 25.99,N
01/21/2024,07:00,CHALUP_ALL, 15.15,N
01/21/2024,07:00,CHAL_SLR_RN, 30.03,N
01/21/2024,07:00,CHAMON_UN1, 24.82,N
01/21/2024,07:00,CHAMON_UN2, 24.82,N
01/21/2024,07:00,CHEDPW_GT2, 24.81,N
01/21/2024,07:00,CHE_CC1, 24.81,N
01/21/2024,07:00,CHE_LYD, 24.82,N
01/21/2024,07:00,CHE_LYD2, 24.82,N
01/21/2024,07:00,CHE_PUN1, 24.82,N
01/21/2024,07:00,CHE_PUN2, 24.82,N
01/21/2024,07:00,CHISMGRD_RN, 24.35,N
01/21/2024,07:00,CISC_RN, 24.67,N
01/21/2024,07:00,CITYVICT_ALL, 25.09,N
01/21/2024,07:00,CN_BRKS_UNT1, 18.14,N
01/21/2024,07:00,COL_COLETOG1, 25.12,N
01/21/2024,07:00,CONIGLIO_RN, 24.39,N
01/21/2024,07:00,CONTINEN_RN, 15.22,N
01/21/2024,07:00,CORALSLR_ALL, 24.64,N
01/21/2024,07:00,CORAZON_RN, 25.24,N
01/21/2024,07:00,COTPLNS_RN, 18.44,N
01/21/2024,07:00,COTTON_PAP2, 25.08,N
01/21/2024,07:00,COYOTSPR_RN, 30.08,N
01/21/2024,07:00,CPSES_UNIT1, 24.44,N
01/21/2024,07:00,CPSES_UNIT2, 24.44,N
01/21/2024,07:00,CRANELL_ALL, 25.09,N
01/21/2024,07:00,CROSSETT_ALL, 30.94,N
01/21/2024,07:00,CRWN_SLR_UN1, 24.69,N
01/21/2024,07:00,CSC_CSECG1_2, 25.62,N
01/21/2024,07:00,CVC_CC1, 24.81,N
01/21/2024,07:00,CVC_CVCG1_5, 24.81,N
01/21/2024,07:00,CVC_CVC_G2, 24.81,N
01/21/2024,07:00,CVC_CVC_G3, 24.81,N
01/21/2024,07:00,DAG_ALL, 25.38,N
01/21/2024,07:00,DANSBY_ALL, 24.72,N
01/21/2024,07:00,DAN_ALL, 24.82,N
01/21/2024,07:00,DA_BESS, 25.14,N
01/21/2024,07:00,DC2SES_ALL, 24.46,N
01/21/2024,07:00,DC_E, 24.4,N
01/21/2024,07:00,DC_L, 25.29,N
01/21/2024,07:00,DC_N, 23.62,N
01/21/2024,07:00,DC_R, 15.17,N
01/21/2024,07:00,DDPEC_CC1, 24.82,N
01/21/2024,07:00,DDPEC_GT1, 24.82,N
01/21/2024,07:00,DDPEC_GT2, 24.82,N
01/21/2024,07:00,DDPEC_GT3, 24.82,N
01/21/2024,07:00,DDPEC_GT4, 24.82,N
01/21/2024,07:00,DDPEC_GT6, 24.82,N
01/21/2024,07:00,DDPEC_ST1, 24.82,N
01/21/2024,07:00,DECKER_DPG2, 24.97,N
01/21/2024,07:00,DECKER_GT, 24.97,N
01/21/2024,07:00,DENISON_G1_2, 24.37,N
01/21/2024,07:00,DERMOTT_ALL, 24.25,N
01/21/2024,07:00,DIBOL_RN, 25.48,N
01/21/2024,07:00,DIB_CC1, 24.82,N
01/21/2024,07:00,DIB_DIB_G1, 24.82,N
01/21/2024,07:00,DIB_DIB_G2, 24.82,N
01/21/2024,07:00,DIB_DIB_G3, 24.82,N
01/21/2024,07:00,DIB_DIB_G4, 24.82,N
01/21/2024,07:00,DIB_PUN1, 24.82,N
01/21/2024,07:00,DIB_PUN2, 24.82,N
01/21/2024,07:00,DILEOS_UNIT1, 27.48,N
01/21/2024,07:00,DKNS_ESS_RN, 22.64,N
01/21/2024,07:00,DOWGEN_PUN1, 24.85,N
01/21/2024,07:00,DOWGEN_PUN2, 24.85,N
01/21/2024,07:00,DOWGEN_PUN3, 24.85,N
01/21/2024,07:00,DOW_61_2_63, 24.85,N
01/21/2024,07:00,DOW_64, 24.85,N
01/21/2024,07:00,DOW_81_2_84, 24.85,N
01/21/2024,07:00,DOW_G37_G35, 24.85,N
01/21/2024,07:00,DOW_G66_ST65, 24.85,N
01/21/2024,07:00,DOW_G67, 24.85,N
01/21/2024,07:00,DOW_G96_ST95, 24.85,N
01/21/2024,07:00,DUKE_CC1, 15.17,N
01/21/2024,07:00,DUKE_GST1CCU, 15.17,N
01/21/2024,07:00,DUKE_GT2_CCU, 15.17,N
01/21/2024,07:00,DUP_PUN1, 25.04,N
01/21/2024,07:00,DUP_PUN2, 25.04,N
01/21/2024,07:00,DUP_PUN3, 25.04,N
01/21/2024,07:00,DUP_PUN4, 25.04,N
01/21/2024,07:00,EBELLS_UNIT1, 24.74,N
01/21/2024,07:00,EBNY_ESS_RN, 25.71,N
01/21/2024,07:00,ECLIPSE_UN1, 32.08,N
01/21/2024,07:00,EIFSLR_UNIT1, 24.39,N
01/21/2024,07:00,ELB_ELBCREEK, 28.59,N
01/21/2024,07:00,ELECTRAW_1_2, 23.63,N
01/21/2024,07:00,ELSAUZ_ALL, 25.15,N
01/21/2024,07:00,ELSA_ESR_RN, 15.17,N
01/21/2024,07:00,ELS_RN_1, 24.45,N
01/21/2024,07:00,EL_RAYO_ALL, 15.15,N
01/21/2024,07:00,ENDPARK_ESS1, 24.63,N
01/21/2024,07:00,ERSL_RN, 26.56,N
01/21/2024,07:00,ESTONIAN_ALL, 24.39,N
01/21/2024,07:00,ETCCS_CC1, 24.47,N
01/21/2024,07:00,ETCCS_CCU, 24.47,N
01/21/2024,07:00,EUNICE_ALL, 30.13,N
01/21/2024,07:00,EXGNSND_RN, 25.33,N
01/21/2024,07:00,EXGNWTL_1, 25.25,N
01/21/2024,07:00,EXN_14, 24.82,N
01/21/2024,07:00,EXN_1_3, 24.82,N
01/21/2024,07:00,EXN_4, 24.82,N
01/21/2024,07:00,EXN_8, 24.82,N
01/21/2024,07:00,EXN_9_13, 24.82,N
01/21/2024,07:00,EXN_PUN1, 24.82,N
01/21/2024,07:00,EXN_PUN2, 24.82,N
01/21/2024,07:00,EXN_PUN3, 24.82,N
01/21/2024,07:00,E_BLACK_RN, 24.94,N
01/21/2024,07:00,FALFUR_RN, 25.18,N
01/21/2024,07:00,FAL_FALCONG1, 25.25,N
01/21/2024,07:00,FAL_FALCONG2, 25.25,N
01/21/2024,07:00,FAL_FALCONG3, 25.25,N
01/21/2024,07:00,FAULKNER_RN, 30.08,N
01/21/2024,07:00,FEGC_RN, 24.89,N
01/21/2024,07:00,FENCESLR_ALL, 24.5,N
01/21/2024,07:00,FERGCC_CC1, 25.09,N
01/21/2024,07:00,FERGCC_GT1_1, 25.09,N
01/21/2024,07:00,FERGCC_GT2_3, 25.09,N
01/21/2024,07:00,FERGCC_ST1_5, 25.09,N
01/21/2024,07:00,FERMI_ALL, 32.47,N
01/21/2024,07:00,FILESSLR_PV1, 24.5,N
01/21/2024,07:00,FIVEWSLR_ALL, 24.79,N
01/21/2024,07:00,FLCNS_CC1, 29.25,N
01/21/2024,07:00,FLCNS_UNIT1, 29.25,N
01/21/2024,07:00,FLCNS_UNIT2, 29.25,N
01/21/2024,07:00,FLCNS_UNIT3, 29.25,N
01/21/2024,07:00,FLOWERII_RN, 30.2,N
01/21/2024,07:00,FLTBES1, 30.2,N
01/21/2024,07:00,FLTCK_SSI, 24.6,N
01/21/2024,07:00,FLUVANNA_1_2, 24.63,N
01/21/2024,07:00,FLVABES1_ESR, 30.2,N
01/21/2024,07:00,FOARDCTY_ALL, 23.39,N
01/21/2024,07:00,FORMOSA_CC1, 24.75,N
01/21/2024,07:00,FORMOSA_CC2, 24.75,N
01/21/2024,07:00,FORMOSA_PUN1, 24.75,N
01/21/2024,07:00,FORMOSA_PUN2, 24.75,N
01/21/2024,07:00,FOXTROT_ALL, 25.08,N
01/21/2024,07:00,FO_FORMOSA11, 24.75,N
01/21/2024,07:00,FO_FORMOSA12, 24.75,N
01/21/2024,07:00,FO_FORMOSG1, 24.75,N
01/21/2024,07:00,FO_FORMOSG10, 24.75,N
01/21/2024,07:00,FO_FORMOSG13, 24.75,N
01/21/2024,07:00,FO_FORMOSG14, 24.75,N
01/21/2024,07:00,FO_FORMOSG15, 24.75,N
01/21/2024,07:00,FO_FORMOSG2, 24.75,N
01/21/2024,07:00,FO_FORMOSG3, 24.75,N
01/21/2024,07:00,FO_FORMOSG4, 24.75,N
01/21/2024,07:00,FO_FORMOSG5, 24.75,N
01/21/2024,07:00,FO_FORMOSG6, 24.75,N
01/21/2024,07:00,FO_FORMOSG7, 24.75,N
01/21/2024,07:00,FO_FORMOSG8, 24.75,N
01/21/2024,07:00,FO_FORMOSG9, 24.75,N
01/21/2024,07:00,FPPYD_FPP_G1, 24.98,N
01/21/2024,07:00,FPPYD_FPP_G2, 24.98,N
01/21/2024,07:00,FPPYD_FPP_G3, 24.98,N
01/21/2024,07:00,FREC_1_CCU, 24.53,N
01/21/2024,07:00,FREC_2_CCU, 24.54,N
01/21/2024,07:00,FREC_CC1, 24.53,N
01/21/2024,07:00,FREC_CC2, 24.54,N
01/21/2024,07:00,FRMRSVLW_RN, 24.4,N
01/21/2024,07:00,FRNYPP_1_CCU, 24.43,N
01/21/2024,07:00,FRNYPP_2_CCU, 24.43,N
01/21/2024,07:00,FRNYPP_CC1, 24.43,N
01/21/2024,07:00,FRNYPP_CC2, 24.43,N
01/21/2024,07:00,FRONT_EC_CC1, 15.18,N
01/21/2024,07:00,FRONT_EC_RN1, 15.18,N
01/21/2024,07:00,FRONT_EC_RN2, 15.18,N
01/21/2024,07:00,FRONT_EC_RN3, 15.18,N
01/21/2024,07:00,FRYE_SLR_ALL, 18.27,N
01/21/2024,07:00,FTR_CC1, 24.74,N
01/21/2024,07:00,FTR_FTR_G1_4, 24.74,N
01/21/2024,07:00,FTWIND_UNIT1, 24.79,N
01/21/2024,07:00,FWLR_SLR_1, 30.89,N
01/21/2024,07:00,GALO_RN1, 25.31,N
01/21/2024,07:00,GAMBIT_RN, 25.14,N
01/21/2024,07:00,GARC_BESS_RN, 15.23,N
01/21/2024,07:00,GBY_GT, 24.82,N
01/21/2024,07:00,GID_GIDEONG1, 24.98,N
01/21/2024,07:00,GID_GIDEONG2, 24.98,N
01/21/2024,07:00,GID_GIDEONG3, 24.98,N
01/21/2024,07:00,GIGA_ESS_RN, 24.98,N
01/21/2024,07:00,GOA_GOATWIND, 27.16,N
01/21/2024,07:00,GOLINDA_UN1, 24.69,N
01/21/2024,07:00,GOMZ_RN, 30.44,N
01/21/2024,07:00,GOODNIT1_ALL, 18.53,N
01/21/2024,07:00,GPASTURE_ALL, 23.92,N
01/21/2024,07:00,GRANDVW1_A_B, 18.55,N
01/21/2024,07:00,GRDNE_ESR_RN, 28.69,N
01/21/2024,07:00,GREASWOD_ALL, 30.19,N
01/21/2024,07:00,GRIF_TRL_RN, 23.63,N
01/21/2024,07:00,GRSES_UNIT1, 24.32,N
01/21/2024,07:00,GRSES_UNIT2, 24.29,N
01/21/2024,07:00,GUADG_CC1, 25.11,N
01/21/2024,07:00,GUADG_CC2, 25.11,N
01/21/2024,07:00,GUADG_CCU1, 25.11,N
01/21/2024,07:00,GUADG_CCU2, 25.11,N
01/21/2024,07:00,GUNMTN_NODE, 27.21,N
01/21/2024,07:00,GWEC_G1, 24.72,N
01/21/2024,07:00,HALO_RN1, 24.77,N
01/21/2024,07:00,HAMI_BESS_RN, 32.25,N
01/21/2024,07:00,HAYSEN1_2, 25.09,N
01/21/2024,07:00,HAYSEN3_4, 25.09,N
01/21/2024,07:00,HB_BUSAVG, 24.63,N
01/21/2024,07:00,HB_HOUSTON, 24.81,N
01/21/2024,07:00,HB_HUBAVG, 24.89,N
01/21/2024,07:00,HB_NORTH, 24.47,N
01/21/2024,07:00,HB_PAN, 18.94,N
01/21/2024,07:00,HB_SOUTH, 24.02,N
01/21/2024,07:00,HB_WEST, 26.25,N
01/21/2024,07:00,HELIOS_RN, 33.87,N
01/21/2024,07:00,HHGT_KENDAL, 25.17,N
01/21/2024,07:00,HHOLLW2_WND1, 24.84,N
01/21/2024,07:00,HHOLLW3_WND1, 24.84,N
01/21/2024,07:00,HHOLLW4_WND1, 24.84,N
01/21/2024,07:00,HICK_G1_G2, 26.49,N
01/21/2024,07:00,HI_LONEB_RN1, 26.96,N
01/21/2024,07:00,HI_LONE_ALL, 26.96,N
01/21/2024,07:00,HLSES_UNIT3, 24.42,N
01/21/2024,07:00,HLSES_UNIT4, 24.42,N
01/21/2024,07:00,HLSES_UNIT5, 24.42,N
01/21/2024,07:00,HMNG_ESS_RN, 24.26,N
01/21/2024,07:00,HOLCOMB_RN1, 25.89,N
01/21/2024,07:00,HOLSTEIN_ALL, 24.8,N
01/21/2024,07:00,HOL_ALL, 24.82,N
01/21/2024,07:00,HOPKNSLR_ALL, 24.4,N
01/21/2024,07:00,HORSCR_RN, 31.05,N
01/21/2024,07:00,HORSECRK_RN, 23.81,N
01/21/2024,07:00,HOUSEMTN_RN, 40.69,N
01/21/2024,07:00,HOVEY_GEN, 30.12,N
01/21/2024,07:00,HRBESS_BESS, 31.12,N
01/21/2024,07:00,HRFDWIND_ALL, 17.98,N
01/21/2024,07:00,HRZN_SLR_UN1, 25.66,N
01/21/2024,07:00,HWF_HWFG1, 24.47,N
01/21/2024,07:00,HYDR_ESS_RN, 29.86,N
01/21/2024,07:00,H_HOLLO_WND1, 24.84,N
01/21/2024,07:00,IMP_RN1, 24.39,N
01/21/2024,07:00,INDNENR_1_RN, 31.78,N
01/21/2024,07:00,INDNENR_2_RN, 31.42,N
01/21/2024,07:00,INDNNWP_RN, 31.57,N
01/21/2024,07:00,IND_INADALE1, 24.26,N
01/21/2024,07:00,INGLCOSW_CC1, 25.07,N
01/21/2024,07:00,INGLCOSW_STG, 25.07,N
01/21/2024,07:00,INGLCOS_CTG1, 25.07,N
01/21/2024,07:00,INGLCOS_CTG2, 25.07,N
01/21/2024,07:00,INGLCO_PUN1, 25.07,N
01/21/2024,07:00,INGLCO_PUN2, 25.07,N
01/21/2024,07:00,INGLCO_PUN3, 25.07,N
01/21/2024,07:00,INKS_INKS_G1, 44.82,N
01/21/2024,07:00,INRT_W_ALL, 23.92,N
01/21/2024,07:00,JACKCNTY_CC1, 24.34,N
01/21/2024,07:00,JACKCNTY_CT1, 24.34,N
01/21/2024,07:00,JACKCNTY_CT2, 24.34,N
01/21/2024,07:00,JACKCNTY_STG, 24.34,N
01/21/2024,07:00,JADE_SLR_ALL, 24.18,N
01/21/2024,07:00,JAY_RN_1, 24.82,N
01/21/2024,07:00,JCKCNTY2_CC1, 24.27,N
01/21/2024,07:00,JCKCNTY2_CT3, 24.27,N
01/21/2024,07:00,JCKCNTY2_CT4, 24.27,N
01/21/2024,07:00,JCKCNTY2_ST2, 24.27,N
01/21/2024,07:00,JC_BAT_RN, 25.11,N
01/21/2024,07:00,JDKNS_RN, 29.91,N
01/21/2024,07:00,JUNCTION_RN, 29.15,N
01/21/2024,07:00,JUNO_ALL, 27.43,N
01/21/2024,07:00,KARAKAW1_1, 25.08,N
01/21/2024,07:00,KARAKAW2_1, 25.08,N
01/21/2024,07:00,KEECHI_U1, 24.34,N
01/21/2024,07:00,KELAMSL_U1, 24.49,N
01/21/2024,07:00,KEO_KEO_SM1, 31.04,N
01/21/2024,07:00,KINGE_ALL, 31.05,N
01/21/2024,07:00,KINGW_ALL, 30.93,N
01/21/2024,07:00,KMCHI_CC1, 24.38,N
01/21/2024,07:00,KMCHI_CC2, 24.38,N
01/21/2024,07:00,LACY_CRK_ALL, 28.03,N
01/21/2024,07:00,LAMESASLR_G, 23.37,N
01/21/2024,07:00,LAPETUS_U1, 30.75,N
01/21/2024,07:00,LARDVFTN_G4, 25.29,N
01/21/2024,07:00,LARDVFTN_G5, 25.29,N
01/21/2024,07:00,LASSO_GEN, 40.69,N
01/21/2024,07:00,LBRA_BES1, 25.1,N
01/21/2024,07:00,LEG_LEG_G1, 24.64,N
01/21/2024,07:00,LEG_LEG_G2, 24.64,N
01/21/2024,07:00,LEONLCPCT1_2, 27.78,N
01/21/2024,07:00,LEONLCPCT3_4, 27.78,N
01/21/2024,07:00,LFSTH_RN, 24.5,N
01/21/2024,07:00,LGDRAW_S_ALL, 27.43,N
01/21/2024,07:00,LGD_LANGFORD, 28.08,N
01/21/2024,07:00,LGE_CC1, 25.07,N
01/21/2024,07:00,LGE_LGE_GT1, 25.07,N
01/21/2024,07:00,LGE_LGE_GT2, 25.07,N
01/21/2024,07:00,LGE_LGE_STG, 25.07,N
01/21/2024,07:00,LGE_PUN1, 25.07,N
01/21/2024,07:00,LGE_PUN2, 25.07,N
01/21/2024,07:00,LGW_UNIT_ALL, 24.74,N
01/21/2024,07:00,LHM_CVC_G4, 24.82,N
01/21/2024,07:00,LHM_PUN1, 24.82,N
01/21/2024,07:00,LHM_PUN2, 24.82,N
01/21/2024,07:00,LHORN_N_U1_2, 18.47,N
01/21/2024,07:00,LHSES_UNIT1, 24.43,N
01/21/2024,07:00,LHSES_UNIT2, 24.43,N
01/21/2024,07:00,LIG_RN, 24.82,N
01/21/2024,07:00,LILY_RN, 24.45,N
01/21/2024,07:00,LMAJADAS_ALL, 15.15,N
01/21/2024,07:00,LMO_ESR_RN, 24.73,N
01/21/2024,07:00,LNCRK_ALL, 24.52,N
01/21/2024,07:00,LONESTAR_RN, 30.06,N
01/21/2024,07:00,LONEWOLF_ALL, 25.54,N
01/21/2024,07:00,LON_RN1, 24.96,N
01/21/2024,07:00,LOSTPI_CC1, 24.97,N
01/21/2024,07:00,LOS_LOSTPGT1, 24.97,N
01/21/2024,07:00,LOS_LOSTPGT2, 24.97,N
01/21/2024,07:00,LOS_LOSTPST1, 24.97,N
01/21/2024,07:00,LPCCS_CC1, 24.39,N
01/21/2024,07:00,LPCCS_CC2, 24.39,N
01/21/2024,07:00,LPCCS_CT11, 24.39,N
01/21/2024,07:00,LPCCS_CT12, 24.39,N
01/21/2024,07:00,LPCCS_CT21, 24.39,N
01/21/2024,07:00,LPCCS_CT22, 24.39,N
01/21/2024,07:00,LPCCS_UNIT1, 24.39,N
01/21/2024,07:00,LPCCS_UNIT2, 24.39,N
01/21/2024,07:00,LV1A_LV1B, 15.15,N
01/21/2024,07:00,LV3_RN, 25.18,N
01/21/2024,07:00,LV3_UNIT1, 25.18,N
01/21/2024,07:00,LV4_UNIT_1, 25.18,N
01/21/2024,07:00,LV5_UNIT1, 15.21,N
01/21/2024,07:00,LZ_AEN, 24.96,N
01/21/2024,07:00,LZ_CPS, 26.5,N
01/21/2024,07:00,LZ_HOUSTON, 24.84,N
01/21/2024,07:00,LZ_LCRA, 25.19,N
01/21/2024,07:00,LZ_NORTH, 24.47,N
01/21/2024,07:00,LZ_RAYBN, 24.42,N
01/21/2024,07:00,LZ_SOUTH, 23.95,N
01/21/2024,07:00,LZ_WEST, 29.16,N
01/21/2024,07:00,L_FRE_ESR_RN, 15.15,N
01/21/2024,07:00,MADERO_RN, 15.17,N
01/21/2024,07:00,MAINLAND_RN, 24.83,N
01/21/2024,07:00,MARBFA, 25.09,N
01/21/2024,07:00,MARIAH_ALL, 17.98,N
01/21/2024,07:00,MAR_MARSFOG1, 24.95,N
01/21/2024,07:00,MAR_MARSFOG2, 24.95,N
01/21/2024,07:00,MAR_MARSFOG3, 24.95,N
01/21/2024,07:00,MASSENGL_CC1, 14.2,N
01/21/2024,07:00,MASSENGL_G6, 20.78,N
01/21/2024,07:00,MASSENGL_G7, 20.78,N
01/21/2024,07:00,MASSENGL_G8, 7.96,N
01/21/2024,07:00,MAVCRK_W_ALL, 25.31,N
01/21/2024,07:00,MCDLD_FCSBW1, 28.18,N
01/21/2024,07:00,MCLNSLR_RN, 30.64,N
01/21/2024,07:00,MCSES_UNIT6, 24.44,N
01/21/2024,07:00,MCSES_UNIT7, 24.44,N
01/21/2024,07:00,MCSES_UNIT8, 24.44,N
01/21/2024,07:00,MDANP_CT1_2, 24.46,N
01/21/2024,07:00,MDANP_CT3_4, 24.46,N
01/21/2024,07:00,MDANP_CT5_6, 24.46,N
01/21/2024,07:00,MERCURY_ALL, 24.53,N
01/21/2024,07:00,MESQCRK_ALL, 27.43,N
01/21/2024,07:00,MESTENO_RN, 25.18,N
01/21/2024,07:00,MGSES_CT123, 27.99,N
01/21/2024,07:00,MGSES_CT456, 27.99,N
01/21/2024,07:00,MIAM1_G1_G2, 18.85,N
01/21/2024,07:00,MIDWY_RN, 30.03,N
01/21/2024,07:00,MIL_MILG1_2, 24.46,N
01/21/2024,07:00,MIL_MILG345, 24.46,N
01/21/2024,07:00,MIRAGE_G1, 24.83,N
01/21/2024,07:00,MIRASOLE_GEN, 25.17,N
01/21/2024,07:00,MISAE_GEN_RN, 19.64,N
01/21/2024,07:00,MLSES_UNIT1, 24.48,N
01/21/2024,07:00,MLSES_UNIT2, 24.48,N
01/21/2024,07:00,MLSES_UNIT3, 24.48,N
01/21/2024,07:00,MNWL_BESS_RN, 24.41,N
01/21/2024,07:00,MOZART_WIND1, 25.54,N
01/21/2024,07:00,MUSTNGCK_ALL, 25.87,N
01/21/2024,07:00,MV_VALV4_RN, 15.17,N
01/21/2024,07:00,MWEC_G1, 25.37,N
01/21/2024,07:00,MYRY_ESR_RN, 15.18,N
01/21/2024,07:00,MYR_ALL, 24.99,N
01/21/2024,07:00,NACPW_UNIT1, 24.49,N
01/21/2024,07:00,NBOHR_RN, 28.13,N
01/21/2024,07:00,NCARBIDEG8, 24.97,N
01/21/2024,07:00,NCARBIDE_1_7, 24.97,N
01/21/2024,07:00,NCARBID_PUN1, 24.97,N
01/21/2024,07:00,NCARBID_PUN2, 24.97,N
01/21/2024,07:00,NCO_RN, 25.18,N
01/21/2024,07:00,NEBULA_RN, 15.16,N
01/21/2024,07:00,NEDIN_CC1, 15.13,N
01/21/2024,07:00,NED_NEDIN_G1, 15.17,N
01/21/2024,07:00,NED_NEDIN_G2, 15.17,N
01/21/2024,07:00,NED_NEDIN_G3, 15.07,N
01/21/2024,07:00,NF_BRP_RN, 24.94,N
01/21/2024,07:00,NOBLESLR_ALL, 24.26,N
01/21/2024,07:00,NOVA1SLR_ALL, 23.49,N
01/21/2024,07:00,NOVA2S_UNIT1, 23.49,N
01/21/2024,07:00,NUECES_B_CC1, 25.1,N
01/21/2024,07:00,NUE_NUECESG7, 25.1,N
01/21/2024,07:00,NUE_NUECESG8, 25.09,N
01/21/2024,07:00,NUE_NUECESG9, 25.09,N
01/21/2024,07:00,NWF_NWF1, 30.2,N
01/21/2024,07:00,N_AL_BESS_RN, 15.17,N
01/21/2024,07:00,N_MRD_ESR_RN, 15.16,N
01/21/2024,07:00,OBERON_U1, 30,N
01/21/2024,07:00,ODESW_RN, 29.93,N
01/21/2024,07:00,OECCS_1, 29.79,N
01/21/2024,07:00,OECCS_2, 29.79,N
01/21/2024,07:00,OECCS_CC1, 29.79,N
01/21/2024,07:00,OECCS_CC2, 29.79,N
01/21/2024,07:00,OGSES_1, 24.68,N
01/21/2024,07:00,OGSES_2, 24.68,N
01/21/2024,07:00,OLIN_OLING_1, 24.41,N
01/21/2024,07:00,OLIN_OLING_2, 24.41,N
01/21/2024,07:00,OLIN_OLING_3, 24.41,N
01/21/2024,07:00,OLIN_OLING_4, 24.41,N
01/21/2024,07:00,OLNEYTN_RN, 24.21,N
01/21/2024,07:00,OR_BESS_RN, 25.31,N
01/21/2024,07:00,OWF_OWF, 28.33,N
01/21/2024,07:00,OXY_OXY_CCG1, 25.1,N
01/21/2024,07:00,OXY_PUN1, 25.1,N
01/21/2024,07:00,OXY_PUN2, 25.1,N
01/21/2024,07:00,PALE_ESS_EN, 19.48,N
01/21/2024,07:00,PALMWI_UNIT1, 15.15,N
01/21/2024,07:00,PANDA_S_CC1, 24.37,N
01/21/2024,07:00,PANDA_S_CT1, 24.37,N
01/21/2024,07:00,PANDA_S_CT2, 24.37,N
01/21/2024,07:00,PANDA_S_ST1, 24.37,N
01/21/2024,07:00,PANDA_T1_CC1, 24.79,N
01/21/2024,07:00,PANDA_T1_CT1, 24.79,N
01/21/2024,07:00,PANDA_T1_CT2, 24.79,N
01/21/2024,07:00,PANDA_T1_ST1, 24.79,N
01/21/2024,07:00,PANDA_T2_CC1, 24.79,N
01/21/2024,07:00,PANDA_T2_CT1, 24.79,N
01/21/2024,07:00,PANDA_T2_CT2, 24.79,N
01/21/2024,07:00,PANDA_T2_ST1, 24.79,N
01/21/2024,07:00,PAP1_PAP1, 25.08,N
01/21/2024,07:00,PAULN_RN, 24.49,N
01/21/2024,07:00,PAVLOV_BT_RN, 31.51,N
01/21/2024,07:00,PAVO_ESS_ALL, 31.04,N
01/21/2024,07:00,PB2SES_CT1, 30.02,N
01/21/2024,07:00,PB2SES_CT2, 30.02,N
01/21/2024,07:00,PB2SES_CT3, 30.02,N
01/21/2024,07:00,PB2SES_CT4, 30.02,N
01/21/2024,07:00,PB2SES_CT5, 30.02,N
01/21/2024,07:00,PC_NORTH_1, 28.59,N
01/21/2024,07:00,PC_SOUTH_ALL, 28.59,N
01/21/2024,07:00,PEARSA_1_24, 25.66,N
01/21/2024,07:00,PENA_ALL, 25.12,N
01/21/2024,07:00,PES1_RN, 24.89,N
01/21/2024,07:00,PEY_RN, 24.8,N
01/21/2024,07:00,PH1_UNIT1_2, 18.71,N
01/21/2024,07:00,PH2_U1_U2, 18.71,N
01/21/2024,07:00,PHILLWND_ALL, 24.62,N
01/21/2024,07:00,PHOEBE_ALL, 30.04,N
01/21/2024,07:00,PHOENIX_RN, 24.39,N
01/21/2024,07:00,PHO_ALL, 24.83,N
01/21/2024,07:00,PIONR_DJ_RN, 29.6,N
01/21/2024,07:00,PISG_RN_ALL, 24.54,N
01/21/2024,07:00,PITSDD_UNIT1, 24.49,N
01/21/2024,07:00,PLN_ALL, 24.82,N
01/21/2024,07:00,PNPI_GT2_RN, 24.96,N
01/21/2024,07:00,PORTSL_UNIT1, 24.26,N
01/21/2024,07:00,POTSVIL_RN, 26.39,N
01/21/2024,07:00,PRID_RN, 24.97,N
01/21/2024,07:00,PROSPERO_ALL, 30.18,N
01/21/2024,07:00,PRO_RN, 24.89,N
01/21/2024,07:00,PRSPERO2_ALL, 30.18,N
01/21/2024,07:00,PR_PR_ALL, 25.83,N
01/21/2024,07:00,PR_PR_G2, 25.83,N
01/21/2024,07:00,PSA_CC1, 24.82,N
01/21/2024,07:00,PSA_PSA_G1, 24.82,N
01/21/2024,07:00,PSA_PSA_G2, 24.82,N
01/21/2024,07:00,PSA_PSA_G3, 24.82,N
01/21/2024,07:00,PSA_PSA_G4, 24.82,N
01/21/2024,07:00,PSA_PSA_G5, 24.82,N
01/21/2024,07:00,PSA_PSA_G6, 24.82,N
01/21/2024,07:00,PSA_PSA_G7, 24.82,N
01/21/2024,07:00,PSA_PUN1, 24.82,N
01/21/2024,07:00,PSA_PUN2, 24.82,N
01/21/2024,07:00,PSA_PUN3, 24.82,N
01/21/2024,07:00,PSA_PUN4, 24.82,N
01/21/2024,07:00,PSA_PUN5, 24.82,N
01/21/2024,07:00,PSG_CC1, 24.82,N
01/21/2024,07:00,PSG_PSG_GT2, 24.82,N
01/21/2024,07:00,PSG_PSG_GT3, 24.82,N
01/21/2024,07:00,PSG_PSG_ST1, 24.82,N
01/21/2024,07:00,PTLBES_BESS1, 24.99,N
01/21/2024,07:00,PYR_PYRON1, 24.26,N
01/21/2024,07:00,QALSW_ALL, 29.79,N
01/21/2024,07:00,QALSW_CC1, 29.79,N
01/21/2024,07:00,QALSW_CC2, 29.79,N
01/21/2024,07:00,QUEEN_BA_RN, 30.31,N
01/21/2024,07:00,QUEEN_SL_RN, 30.31,N
01/21/2024,07:00,RAB_G1-8, 24.83,N
01/21/2024,07:00,RADN_SLR_ALL, 25.03,N
01/21/2024,07:00,RAMBLER_UNIT, 25.73,N
01/21/2024,07:00,RANCHERO_ALL, 26.65,N
01/21/2024,07:00,RAT_RN_1, 25.99,N
01/21/2024,07:00,RAYBURN_CC1, 25.15,N
01/21/2024,07:00,RAYB_G78910, 25.15,N
01/21/2024,07:00,RBN_BESS1, 25.05,N
01/21/2024,07:00,RDCAN_RDCNY1, 25.73,N
01/21/2024,07:00,REDBARN_RN, 30.11,N
01/21/2024,07:00,REDFISH_ALL, 15.15,N
01/21/2024,07:00,REDGATE_ALL, 15.17,N
01/21/2024,07:00,REDGATE_RN, 15.17,N
01/21/2024,07:00,RELOJ_ALL, 25.22,N
01/21/2024,07:00,REROCK_ALL, 30.12,N
01/21/2024,07:00,RHESS2_ESS1, 24.93,N
01/21/2024,07:00,RIGGIN_UNIT1, 30.89,N
01/21/2024,07:00,RIOG_ESR_RN, 15.22,N
01/21/2024,07:00,RIONOG_CC1, 25.1,N
01/21/2024,07:00,RIONOG_CT1, 25.1,N
01/21/2024,07:00,RIONOG_CT2, 25.1,N
01/21/2024,07:00,RIONOG_CT3, 25.1,N
01/21/2024,07:00,RIONOG_ST1, 25.1,N
01/21/2024,07:00,RIPPEY_ALL, 24.34,N
01/21/2024,07:00,RN_APOGEE, 24.15,N
01/21/2024,07:00,RN_BYU_G8, 24.83,N
01/21/2024,07:00,RN_DEC_AGR_A, 24.33,N
01/21/2024,07:00,RN_DEC_AGR_B, 24.33,N
01/21/2024,07:00,RN_DEC_AGR_C, 24.33,N
01/21/2024,07:00,RN_DEC_AGR_D, 24.33,N
01/21/2024,07:00,RN_ECEC_HOLT, 30.26,N
01/21/2024,07:00,RN_OCI_ALAMO, 27.43,N
01/21/2024,07:00,RN_RTS1, 25.18,N
01/21/2024,07:00,RN_SR_WIND1, 15.15,N
01/21/2024,07:00,RN_TOSBATT, 28.07,N
01/21/2024,07:00,ROSELAND_ALL, 24.63,N
01/21/2024,07:00,ROUTE66_RN, 18.55,N
01/21/2024,07:00,ROW_ALL, 24.83,N
01/21/2024,07:00,RPUBRDS_RN, 24.73,N
01/21/2024,07:00,RRANCHES_ALL, 30.07,N
01/21/2024,07:00,RRC_WIND_ALL, 24.38,N
01/21/2024,07:00,RSK_RN, 28.13,N
01/21/2024,07:00,RTLSNAKE_BT, 30.04,N
01/21/2024,07:00,RUSSEKST_RN, 44.2,N
01/21/2024,07:00,RVRVLYS_ALL, 24.93,N
01/21/2024,07:00,SADLBACK_RN, 30.12,N
01/21/2024,07:00,SALVTION_GEN, 23.81,N
01/21/2024,07:00,SAMSON_ALL, 24.4,N
01/21/2024,07:00,SANDHSYD1_2, 24.97,N
01/21/2024,07:00,SANDHSYD3_4, 24.97,N
01/21/2024,07:00,SANDHSYD6_7, 24.97,N
01/21/2024,07:00,SANDHSYD_5AC, 24.97,N
01/21/2024,07:00,SANDHSYD_CC1, 24.97,N
01/21/2024,07:00,SANTACRU_ALL, 25.1,N
01/21/2024,07:00,SAN_SANMIGG1, 25.19,N
01/21/2024,07:00,SBEAN_BESS, 30.03,N
01/21/2024,07:00,SBE_RN_1, 25.62,N
01/21/2024,07:00,SC2SES_UNIT1, 24.49,N
01/21/2024,07:00,SCES_UNIT1, 24.63,N
01/21/2024,07:00,SCLP_PUN1, 25.17,N
01/21/2024,07:00,SCLP_PUN2, 25.17,N
01/21/2024,07:00,SCLP_PUN3, 25.17,N
01/21/2024,07:00,SCLP_PUN4, 25.17,N
01/21/2024,07:00,SCLP_SCLPC_1, 25.17,N
01/21/2024,07:00,SCLP_SCLPC_2, 25.17,N
01/21/2024,07:00,SCLP_SCLPC_3, 25.17,N
01/21/2024,07:00,SCLP_SCLPC_4, 25.17,N
01/21/2024,07:00,SCSES_UNIT2, 24.49,N
01/21/2024,07:00,SDSES_PUN1, 24.87,N
01/21/2024,07:00,SDSES_PUN3, 24.87,N
01/21/2024,07:00,SENATEWD_1, 24.26,N
01/21/2024,07:00,SGM_SIGNALMT, 30.63,N
01/21/2024,07:00,SGSA_DGR, 30.12,N
01/21/2024,07:00,SG_BES_BESS1, 30.89,N
01/21/2024,07:00,SHAFFER_ALL, 25.1,N
01/21/2024,07:00,SHAMROCK_RN, 26.57,N
01/21/2024,07:00,SHANNONW_RN, 24.08,N
01/21/2024,07:00,SHEEPCRK_1, 24.38,N
01/21/2024,07:00,SILASRAY_CC1, 15.15,N
01/21/2024,07:00,SIL_SILAS_10, 15.15,N
01/21/2024,07:00,SIL_SILAS_6, 15.15,N
01/21/2024,07:00,SIL_SILAS_9, 15.15,N
01/21/2024,07:00,SIRIUS_UNIT1, 31.36,N
01/21/2024,07:00,SJS_SJS_G1, 24.83,N
01/21/2024,07:00,SJS_SJS_G2, 24.83,N
01/21/2024,07:00,SKY1, 25.15,N
01/21/2024,07:00,SLCN_ESS_ALL, 24.95,N
01/21/2024,07:00,SLTFRK_UN1_2, 18.85,N
01/21/2024,07:00,SL_PUN1, 24.82,N
01/21/2024,07:00,SL_PUN2, 24.82,N
01/21/2024,07:00,SNY_BESS_RN, 26.31,N
01/21/2024,07:00,SOLARA_UNIT1, 24.99,N
01/21/2024,07:00,SPARTA_ALL, 25.08,N
01/21/2024,07:00,SPLAIN1_RN, 18.44,N
01/21/2024,07:00,SPLAIN2_RN, 18.44,N
01/21/2024,07:00,SPNC_SPNCE_4, 24.34,N
01/21/2024,07:00,SPNC_SPNCE_5, 24.34,N
01/21/2024,07:00,SPTX12B_RN, 30.91,N
01/21/2024,07:00,SROSA_ESR_RN, 15.15,N
01/21/2024,07:00,SRWE1_UNIT1, 27.43,N
01/21/2024,07:00,SSPURT_WIND1, 18.27,N
01/21/2024,07:00,STAM_SLR_ALL, 24.4,N
01/21/2024,07:00,STEAM_ENG123, 24.41,N
01/21/2024,07:00,STEA_STEAM_1, 24.41,N
01/21/2024,07:00,STEA_STEAM_2, 24.41,N
01/21/2024,07:00,STEA_STEAM_3, 24.41,N
01/21/2024,07:00,STELLA_RN, 25.12,N
01/21/2024,07:00,STP_STP_G1, 24.79,N
01/21/2024,07:00,STP_STP_G2, 24.79,N
01/21/2024,07:00,STRATEGC_RN, 24.49,N
01/21/2024,07:00,STWF_T1, 26.15,N
01/21/2024,07:00,SUNVASLR_ALL, 24.54,N
01/21/2024,07:00,SWEC_G1, 31.47,N
01/21/2024,07:00,SWEETWN2_2_4, 24.75,N
01/21/2024,07:00,SWEETWN3_3, 24.75,N
01/21/2024,07:00,SWEETWND_1, 24.75,N
01/21/2024,07:00,SWOOSE1_U1, 30.04,N
01/21/2024,07:00,SWOOSEII_RN, 30.04,N
01/21/2024,07:00,SWTWN4_WND45, 24.75,N
01/21/2024,07:00,SWT_BESS_RN, 26.46,N
01/21/2024,07:00,S_HILLS_RN, 24.12,N
01/21/2024,07:00,TAHOKA_ALL, 29.87,N
01/21/2024,07:00,TAV_RN, 25.32,N
01/21/2024,07:00,TAYGETE2_ALL, 30.25,N
01/21/2024,07:00,TAYGETE_ALL, 30.25,N
01/21/2024,07:00,TBWF_ES_BES1, 30.93,N
01/21/2024,07:00,TC_PUN1, 24.84,N
01/21/2024,07:00,TC_PUN2, 24.84,N
01/21/2024,07:00,TC_TCHP1, 24.84,N
01/21/2024,07:00,TEN_CC1, 24.46,N
01/21/2024,07:00,TEN_CT1_STG, 24.46,N
01/21/2024,07:00,TGCCS_ALL, 24.48,N
01/21/2024,07:00,TGCCS_CC1, 24.48,N
01/21/2024,07:00,TGF_TGFGT, 26.03,N
01/21/2024,07:00,TGS_GT01, 26.03,N
01/21/2024,07:00,TGW_T1_T2, 25.12,N
01/21/2024,07:00,THW_1_CCU, 24.81,N
01/21/2024,07:00,THW_2_CCU, 24.81,N
01/21/2024,07:00,THW_CC1, 24.81,N
01/21/2024,07:00,THW_CC2, 24.81,N
01/21/2024,07:00,THW_THWGT5X, 24.81,N
01/21/2024,07:00,THW_THWGT_1, 24.81,N
01/21/2024,07:00,TI_SOLAR_ALL, 30.04,N
01/21/2024,07:00,TKWSW_CHAMP, 24.26,N
01/21/2024,07:00,TKWSW_ROSCOE, 24.26,N
01/21/2024,07:00,TNP_TNP_O_1, 24.72,N
01/21/2024,07:00,TNP_TNP_O_2, 24.72,N
01/21/2024,07:00,TNSKA_CC1, 24.39,N
01/21/2024,07:00,TNSKA_CCU, 24.39,N
01/21/2024,07:00,TOPAZ_ALL, 24.83,N
01/21/2024,07:00,TORR_ALL, 25.24,N
01/21/2024,07:00,TORT_ESS_RN, 24.83,N
01/21/2024,07:00,TOYAH_RN, 30.12,N
01/21/2024,07:00,TREB_SOLAR1, 24.79,N
01/21/2024,07:00,TRENT_TRENT, 26.15,N
01/21/2024,07:00,TRINITY_ALL, 24.15,N
01/21/2024,07:00,TRIPBUT1_RN, 35.01,N
01/21/2024,07:00,TRSES_UNIT6, 24.5,N
01/21/2024,07:00,TRUENO_ALL, 15.15,N
01/21/2024,07:00,TRUSGILL_RN, 23.73,N
01/21/2024,07:00,TTRSW_RN, 24.4,N
01/21/2024,07:00,TTWEC_G1, 24.49,N
01/21/2024,07:00,TURQ_BESS1, 24.41,N
01/21/2024,07:00,TV_RN, 24.98,N
01/21/2024,07:00,TXCTY_CC1, 24.83,N
01/21/2024,07:00,TXCTY_CTA, 24.83,N
01/21/2024,07:00,TXCTY_CTB, 24.83,N
01/21/2024,07:00,TXCTY_CTC, 24.83,N
01/21/2024,07:00,TXCTY_ST, 24.83,N
01/21/2024,07:00,TYLRWIND_RN, 24.32,N
01/21/2024,07:00,T_CK_GT2_RN, 37.1,N
01/21/2024,07:00,T_CK_GT3_RN, 37.1,N
01/21/2024,07:00,UCC_COG_PUN2, 24.83,N
01/21/2024,07:00,UCC_UCC_C_2, 24.83,N
01/21/2024,07:00,VANCOURT_RN, 15.16,N
01/21/2024,07:00,VENADO_ALL, 25.28,N
01/21/2024,07:00,VERAWIND_ALL, 23.73,N
01/21/2024,07:00,VERTIGO_UN1, 23.92,N
01/21/2024,07:00,VICTORIA_CC1, 25.09,N
01/21/2024,07:00,VICTPORT_RN, 25.04,N
01/21/2024,07:00,VIC_VICTORG5, 25.09,N
01/21/2024,07:00,VIC_VICTORG6, 25.09,N
01/21/2024,07:00,VISION_RN, 24.51,N
01/21/2024,07:00,VLSES_UNIT3, 24.38,N
01/21/2024,07:00,VORT_ALL_RN, 24.08,N
01/21/2024,07:00,WAKEWE_ALL, 22.64,N
01/21/2024,07:00,WAP_WAPGT_1, 24.96,N
01/21/2024,07:00,WAP_WAP_G1, 24.96,N
01/21/2024,07:00,WAP_WAP_G2, 24.96,N
01/21/2024,07:00,WAP_WAP_G3, 24.98,N
01/21/2024,07:00,WAP_WAP_G4, 24.98,N
01/21/2024,07:00,WAP_WAP_G5, 24.96,N
01/21/2024,07:00,WAP_WAP_G6, 24.83,N
01/21/2024,07:00,WAP_WAP_G7, 24.83,N
01/21/2024,07:00,WAP_WAP_G8, 24.83,N
01/21/2024,07:00,WAYMARK_RN, 30.11,N
01/21/2024,07:00,WCPP_CC1, 24.28,N
01/21/2024,07:00,WCPP_CT1, 24.28,N
01/21/2024,07:00,WCPP_CT2, 24.28,N
01/21/2024,07:00,WCPP_ST1, 24.28,N
01/21/2024,07:00,WEBBER_WS_T1, 24.97,N
01/21/2024,07:00,WEC_WECG1, 24.69,N
01/21/2024,07:00,WES_ALL, 25.16,N
01/21/2024,07:00,WFCOGEN_13, 23.97,N
01/21/2024,07:00,WFCOGEN_24, 23.97,N
01/21/2024,07:00,WFCOGEN_CC1, 23.97,N
01/21/2024,07:00,WFTANK_ESS1, 25.25,N
01/21/2024,07:00,WGU_RN, 25.12,N
01/21/2024,07:00,WHCCS2_4, 24.44,N
01/21/2024,07:00,WHCCS2_5_6, 24.44,N
01/21/2024,07:00,WHCCS2_CC2, 24.44,N
01/21/2024,07:00,WHCCS_CC1, 24.44,N
01/21/2024,07:00,WHCCS_CT1_ST, 24.44,N
01/21/2024,07:00,WHCCS_CT2, 24.44,N
01/21/2024,07:00,WHITE_PT_UN1, 25.08,N
01/21/2024,07:00,WHMESA_U1, 26.49,N
01/21/2024,07:00,WHTTAIL_WR1, 24.31,N
01/21/2024,07:00,WH_WIND_ALL, 24.63,N
01/21/2024,07:00,WILDWIND_ALL, 24.28,N
01/21/2024,07:00,WIPOPA_1_2, 25,N
01/21/2024,07:00,WIPOPA_3_4, 25,N
01/21/2024,07:00,WIR_WIRTZ_G1, 25.08,N
01/21/2024,07:00,WIR_WIRTZ_G2, 25.08,N
01/21/2024,07:00,WLTC_ESR_RN, 25.1,N
01/21/2024,07:00,WL_RANCH_RN, 25.91,N
01/21/2024,07:00,WNDTS2_UNIT1, 24.19,N
01/21/2024,07:00,WND_WHITNEY, 26.47,N
01/21/2024,07:00,WOODWRD1_RN, 31.04,N
01/21/2024,07:00,WOODWRD2_RN, 31.04,N
01/21/2024,07:00,WOV_BESS_RN, 30,N
01/21/2024,07:00,WRSBES_BESS1, 30.07,N
01/21/2024,07:00,W_HRL_ESR_RN, 15.15,N
01/21/2024,07:00,W_PECO_UNIT1, 30.02,N
01/21/2024,07:00,X443ESRN, 28.53,N
01/21/2024,07:00,YNG_WND_ALL, 24.14,N
01/21/2024,07:00,ZIER_SLR_ALL, 32.15,N
01/21/2024,08:00,7RNCHSLR_ALL, 24.94,N
01/21/2024,08:00,AEEC, 19.7,N
01/21/2024,08:00,AGUAYO_UNIT1, 24.81,N
01/21/2024,08:00,AJAXWIND_RN, 23.99,N
01/21/2024,08:00,ALGOD_ALL_RN, 25.03,N
01/21/2024,08:00,ALVIN_RN, 24.81,N
01/21/2024,08:00,AMADEUS_ALL, 24.29,N
01/21/2024,08:00,AMISTAD_ALL, 33.1,N
01/21/2024,08:00,AMOCOOIL_CC1, 24.81,N
01/21/2024,08:00,AMOCOOIL_CC2, 24.81,N
01/21/2024,08:00,AMOCO_PUN1, 24.81,N
01/21/2024,08:00,AMOCO_PUN2, 24.81,N
01/21/2024,08:00,AMO_AMOCO_1, 24.81,N
01/21/2024,08:00,AMO_AMOCO_2, 24.81,N
01/21/2024,08:00,AMO_AMOCO_5, 24.81,N
01/21/2024,08:00,AMO_AMOCO_G1, 24.81,N
01/21/2024,08:00,AMO_AMOCO_G2, 24.81,N
01/21/2024,08:00,AMO_AMOCO_G3, 24.81,N
01/21/2024,08:00,AMO_AMOCO_S1, 24.81,N
01/21/2024,08:00,AMO_AMOCO_S2, 24.81,N
01/21/2024,08:00,ANACACHO_ANA, 31.94,N
01/21/2024,08:00,ANCHOR_ALL, 24.47,N
01/21/2024,08:00,ANDMDSLR_ALL, 24.34,N
01/21/2024,08:00,ANEM_ESS_RN, 25.12,N
01/21/2024,08:00,ANG_ALL, 25.05,N
01/21/2024,08:00,ANSON1_ALL, 24.55,N
01/21/2024,08:00,APPALOSA_ALL, 40.05,N
01/21/2024,08:00,AQUI_ALL, 24.57,N
01/21/2024,08:00,ARAGORN_RN, 29.81,N
01/21/2024,08:00,ASTRA_RN, 14.69,N
01/21/2024,08:00,ATK_ATKINSG7, 24.71,N
01/21/2024,08:00,AURO_SLR_RN, 24.72,N
01/21/2024,08:00,AUSTPL_ALL, 25.9,N
01/21/2024,08:00,AVIAT_ALL, 26.08,N
01/21/2024,08:00,AZURE_RN, 24.21,N
01/21/2024,08:00,AZ_ALL, 24.79,N
01/21/2024,08:00,BAC_RN_ALL, 24.81,N
01/21/2024,08:00,BAFFIN_ALL, 25.07,N
01/21/2024,08:00,BAIRDWND_ALL, 24.43,N
01/21/2024,08:00,BARROW_ALL, 30.05,N
01/21/2024,08:00,BASTEN_CC1, 24.91,N
01/21/2024,08:00,BASTEN_CCU, 24.91,N
01/21/2024,08:00,BATCAVE_RN, 27.57,N
01/21/2024,08:00,BAYC_BESS_RN, 25.88,N
01/21/2024,08:00,BBREEZE_1_2, 25.1,N
01/21/2024,08:00,BCATWD_WD_1, 24.25,N
01/21/2024,08:00,BCH_RN, 24.87,N
01/21/2024,08:00,BCK_RN, 24.82,N
01/21/2024,08:00,BELM_SLR_RN, 24.72,N
01/21/2024,08:00,BIGSTAR_ALL, 24.91,N
01/21/2024,08:00,BLACKJAK_RN, 25.02,N
01/21/2024,08:00,BLSMT1_5_A_6, 23.64,N
01/21/2024,08:00,BLUEJAY_RN, 24.71,N
01/21/2024,08:00,BOARDCRK_ALL, 24.57,N
01/21/2024,08:00,BOOTLEG_UN1, 30.19,N
01/21/2024,08:00,BORDAS_345, 25.18,N
01/21/2024,08:00,BOSQUESW_CC1, 24.55,N
01/21/2024,08:00,BOSQUESW_CC2, 24.59,N
01/21/2024,08:00,BOSQ_BSQSU_5, 24.59,N
01/21/2024,08:00,BOSQ_BSQS_12, 24.59,N
01/21/2024,08:00,BOSQ_BSQS_34, 24.55,N
01/21/2024,08:00,BRANDON_RN, 24.35,N
01/21/2024,08:00,BRAUNIG_CC1, 24.4,N
01/21/2024,08:00,BRAUNIG_VHB1, 26.88,N
01/21/2024,08:00,BRAUNIG_VHB2, 26.88,N
01/21/2024,08:00,BRAUNIG_VHB3, 27.37,N
01/21/2024,08:00,BRAZ_WND_ALL, 25.59,N
01/21/2024,08:00,BRA_AVR1_CT2, 24.4,N
01/21/2024,08:00,BRA_AVR_CST1, 24.4,N
01/21/2024,08:00,BRHEIGHT_RN, 24.81,N
01/21/2024,08:00,BRIGHTSD_RN, 25.25,N
01/21/2024,08:00,BRIGHTSD_U1, 25.26,N
01/21/2024,08:00,BRISCOE_WIND, 15.1,N
01/21/2024,08:00,BRPANGLE_RN, 24.92,N
01/21/2024,08:00,BRPMAGNO_RN, 24.81,N
01/21/2024,08:00,BRP_BRAZ_RN, 24.92,N
01/21/2024,08:00,BRP_DIKN_RN, 24.81,N
01/21/2024,08:00,BRP_LOOP_RN, 25.38,N
01/21/2024,08:00,BRP_LOP1_RN, 25.24,N
01/21/2024,08:00,BRP_PBL1_RN, 49.92,N
01/21/2024,08:00,BRP_PBL2_RN, 49.92,N
01/21/2024,08:00,BRP_RN_UNIT1, 26.11,N
01/21/2024,08:00,BRP_SEMI_RN, 24.81,N
01/21/2024,08:00,BRP_SWNY_RN, 24.92,N
01/21/2024,08:00,BRP_ZPT1_RN, 25.29,N
01/21/2024,08:00,BRP_ZPT2_RN, 25.29,N
01/21/2024,08:00,BRTSW_BCW1, 24.46,N
01/21/2024,08:00,BR_ARROW_ALL, 24.47,N
01/21/2024,08:00,BR_VHB6CT5_6, 26.88,N
01/21/2024,08:00,BR_VHB6CT7_8, 26.88,N
01/21/2024,08:00,BSS_U1, 24.93,N
01/21/2024,08:00,BTE_BTE_G1, 24.79,N
01/21/2024,08:00,BTE_BTE_G2, 24.79,N
01/21/2024,08:00,BTE_BTE_G3, 24.79,N
01/21/2024,08:00,BTE_BTE_G4, 24.79,N
01/21/2024,08:00,BTE_CC1, 24.79,N
01/21/2024,08:00,BTE_PUN1, 24.79,N
01/21/2024,08:00,BTE_PUN2, 24.79,N
01/21/2024,08:00,BTM_ALL, 24.86,N
01/21/2024,08:00,BUCHAN_ALL, 24.01,N
01/21/2024,08:00,BUCKTHRN_RN, 24.58,N
01/21/2024,08:00,BUFF_GAP_ALL, 24.8,N
01/21/2024,08:00,BULLCRK_1_2, 25.86,N
01/21/2024,08:00,BVE_CC1, 24.81,N
01/21/2024,08:00,BVE_UNIT1, 24.81,N
01/21/2024,08:00,BVE_UNIT2, 24.81,N
01/21/2024,08:00,BVE_UNIT3, 24.81,N
01/21/2024,08:00,BYRDR_ES_ALL, 24.92,N
01/21/2024,08:00,BYU_BYU_1, 24.8,N
01/21/2024,08:00,BYU_BYU_12, 24.8,N
01/21/2024,08:00,BYU_BYU_34, 24.8,N
01/21/2024,08:00,BYU_BYU_G8, 24.8,N
01/21/2024,08:00,BYU_CC1, 24.8,N
01/21/2024,08:00,BYU_G4_RN, 24.8,N
01/21/2024,08:00,BYU_PUN1, 24.8,N
01/21/2024,08:00,BYU_PUN2, 24.8,N
01/21/2024,08:00,BYU_PUN3, 24.8,N
01/21/2024,08:00,BYU_PUN4, 24.8,N
01/21/2024,08:00,B_DAVIS_3, 25.05,N
01/21/2024,08:00,B_DAVIS_4, 25.05,N
01/21/2024,08:00,B_DAVIS_CC1, 25.05,N
01/21/2024,08:00,B_D_B_DAVIG1, 25.05,N
01/21/2024,08:00,B_D_B_DAVIG2, 25.05,N
01/21/2024,08:00,CABEZON_ALL, 25.15,N
01/21/2024,08:00,CALAVER_JKS1, 24.7,N
01/21/2024,08:00,CALAVER_JKS2, 24.7,N
01/21/2024,08:00,CALAVER_JTD1, 26.84,N
01/21/2024,08:00,CALAVER_JTD2, 26.84,N
01/21/2024,08:00,CALAVER_OWS1, 27,N
01/21/2024,08:00,CALAVER_OWS2, 27,N
01/21/2024,08:00,CALHOUN_ALL, 24.87,N
01/21/2024,08:00,CALLAHA_WND1, 24.77,N
01/21/2024,08:00,CAL_CALGT1, 24.79,N
01/21/2024,08:00,CAL_CALSTG1, 24.79,N
01/21/2024,08:00,CAL_CC1, 24.79,N
01/21/2024,08:00,CAL_PUN1, 24.79,N
01/21/2024,08:00,CAL_PUN2, 24.79,N
01/21/2024,08:00,CAMWIND_RN, 14.98,N
01/21/2024,08:00,CANYONWD_ALL, 24.85,N
01/21/2024,08:00,CAPRIDG4_CR4, 26.08,N
01/21/2024,08:00,CAPRIDGE_ALL, 26.08,N
01/21/2024,08:00,CARBN_BSP_1, 27.21,N
01/21/2024,08:00,CASL_GAP_UN1, 31.19,N
01/21/2024,08:00,CATARINA_B1, 35.19,N
01/21/2024,08:00,CBECII_89, 24.83,N
01/21/2024,08:00,CBECII_CC3, 24.83,N
01/21/2024,08:00,CBECII_CT7, 24.83,N
01/21/2024,08:00,CBEC_ALL, 25.2,N
01/21/2024,08:00,CBEC_CC1, 25.2,N
01/21/2024,08:00,CBEC_CC2, 25.2,N
01/21/2024,08:00,CBY4_ALL, 24.79,N
01/21/2024,08:00,CBY4_CC1, 24.79,N
01/21/2024,08:00,CBY_CBY_G1, 24.79,N
01/21/2024,08:00,CBY_CBY_G2, 24.79,N
01/21/2024,08:00,CCEC_CC1, 25.04,N
01/21/2024,08:00,CCEC_GT1, 25.04,N
01/21/2024,08:00,CCEC_GT2, 25.04,N
01/21/2024,08:00,CCEC_PUN1, 25.04,N
01/21/2024,08:00,CCEC_PUN2, 25.04,N
01/21/2024,08:00,CCEC_ST1, 25.04,N
01/21/2024,08:00,CEDROHI_CHW1, 25.23,N
01/21/2024,08:00,CEDRVALE_RN, 29.86,N
01/21/2024,08:00,CFLATS_UNIT, 25.58,N
01/21/2024,08:00,CHALUP_ALL, 14.98,N
01/21/2024,08:00,CHAL_SLR_RN, 29.79,N
01/21/2024,08:00,CHAMON_UN1, 24.78,N
01/21/2024,08:00,CHAMON_UN2, 24.78,N
01/21/2024,08:00,CHEDPW_GT2, 24.78,N
01/21/2024,08:00,CHE_CC1, 24.78,N
01/21/2024,08:00,CHE_LYD, 24.78,N
01/21/2024,08:00,CHE_LYD2, 24.78,N
01/21/2024,08:00,CHE_PUN1, 24.78,N
01/21/2024,08:00,CHE_PUN2, 24.78,N
01/21/2024,08:00,CHISMGRD_RN, 24.43,N
01/21/2024,08:00,CISC_RN, 24.7,N
01/21/2024,08:00,CITYVICT_ALL, 24.95,N
01/21/2024,08:00,CN_BRKS_UNT1, 14.82,N
01/21/2024,08:00,COL_COLETOG1, 25.01,N
01/21/2024,08:00,CONIGLIO_RN, 24.46,N
01/21/2024,08:00,CONTINEN_RN, 15.06,N
01/21/2024,08:00,CORALSLR_ALL, 24.64,N
01/21/2024,08:00,CORAZON_RN, 25.2,N
01/21/2024,08:00,COTPLNS_RN, 15.08,N
01/21/2024,08:00,COTTON_PAP2, 25.03,N
01/21/2024,08:00,COYOTSPR_RN, 29.9,N
01/21/2024,08:00,CPSES_UNIT1, 24.49,N
01/21/2024,08:00,CPSES_UNIT2, 24.49,N
01/21/2024,08:00,CRANELL_ALL, 25.02,N
01/21/2024,08:00,CROSSETT_ALL, 31.24,N
01/21/2024,08:00,CRWN_SLR_UN1, 24.68,N
01/21/2024,08:00,CSC_CSECG1_2, 25.44,N
01/21/2024,08:00,CVC_CC1, 24.78,N
01/21/2024,08:00,CVC_CVCG1_5, 24.78,N
01/21/2024,08:00,CVC_CVC_G2, 24.78,N
01/21/2024,08:00,CVC_CVC_G3, 24.78,N
01/21/2024,08:00,DAG_ALL, 24.99,N
01/21/2024,08:00,DANSBY_ALL, 24.71,N
01/21/2024,08:00,DAN_ALL, 24.83,N
01/21/2024,08:00,DA_BESS, 24.91,N
01/21/2024,08:00,DC2SES_ALL, 24.52,N
01/21/2024,08:00,DC_E, 24.46,N
01/21/2024,08:00,DC_L, 25.25,N
01/21/2024,08:00,DC_N, 23.85,N
01/21/2024,08:00,DC_R, 15.01,N
01/21/2024,08:00,DDPEC_CC1, 24.79,N
01/21/2024,08:00,DDPEC_GT1, 24.79,N
01/21/2024,08:00,DDPEC_GT2, 24.79,N
01/21/2024,08:00,DDPEC_GT3, 24.79,N
01/21/2024,08:00,DDPEC_GT4, 24.79,N
01/21/2024,08:00,DDPEC_GT6, 24.79,N
01/21/2024,08:00,DDPEC_ST1, 24.79,N
01/21/2024,08:00,DECKER_DPG2, 24.88,N
01/21/2024,08:00,DECKER_GT, 24.88,N
01/21/2024,08:00,DENISON_G1_2, 24.45,N
01/21/2024,08:00,DERMOTT_ALL, 24.41,N
01/21/2024,08:00,DIBOL_RN, 25.53,N
01/21/2024,08:00,DIB_CC1, 24.79,N
01/21/2024,08:00,DIB_DIB_G1, 24.79,N
01/21/2024,08:00,DIB_DIB_G2, 24.79,N
01/21/2024,08:00,DIB_DIB_G3, 24.79,N
01/21/2024,08:00,DIB_DIB_G4, 24.79,N
01/21/2024,08:00,DIB_PUN1, 24.79,N
01/21/2024,08:00,DIB_PUN2, 24.79,N
01/21/2024,08:00,DILEOS_UNIT1, 26.37,N
01/21/2024,08:00,DKNS_ESS_RN, 23.05,N
01/21/2024,08:00,DOWGEN_PUN1, 24.85,N
01/21/2024,08:00,DOWGEN_PUN2, 24.85,N
01/21/2024,08:00,DOWGEN_PUN3, 24.85,N
01/21/2024,08:00,DOW_61_2_63, 24.85,N
01/21/2024,08:00,DOW_64, 24.85,N
01/21/2024,08:00,DOW_81_2_84, 24.85,N
01/21/2024,08:00,DOW_G37_G35, 24.85,N
01/21/2024,08:00,DOW_G66_ST65, 24.85,N
01/21/2024,08:00,DOW_G67, 24.85,N
01/21/2024,08:00,DOW_G96_ST95, 24.85,N
01/21/2024,08:00,DUKE_CC1, 15.01,N
01/21/2024,08:00,DUKE_GST1CCU, 15.01,N
01/21/2024,08:00,DUKE_GT2_CCU, 15.01,N
01/21/2024,08:00,DUP_PUN1, 24.94,N
01/21/2024,08:00,DUP_PUN2, 24.94,N
01/21/2024,08:00,DUP_PUN3, 24.94,N
01/21/2024,08:00,DUP_PUN4, 24.94,N
01/21/2024,08:00,EBELLS_UNIT1, 24.72,N
01/21/2024,08:00,EBNY_ESS_RN, 25.69,N
01/21/2024,08:00,ECLIPSE_UN1, 32.06,N
01/21/2024,08:00,EIFSLR_UNIT1, 24.46,N
01/21/2024,08:00,ELB_ELBCREEK, 27.85,N
01/21/2024,08:00,ELECTRAW_1_2, 23.86,N
01/21/2024,08:00,ELSAUZ_ALL, 25.1,N
01/21/2024,08:00,ELSA_ESR_RN, 15,N
01/21/2024,08:00,ELS_RN_1, 24.51,N
01/21/2024,08:00,EL_RAYO_ALL, 14.98,N
01/21/2024,08:00,ENDPARK_ESS1, 24.7,N
01/21/2024,08:00,ERSL_RN, 26.57,N
01/21/2024,08:00,ESTONIAN_ALL, 24.46,N
01/21/2024,08:00,ETCCS_CC1, 24.52,N
01/21/2024,08:00,ETCCS_CCU, 24.52,N
01/21/2024,08:00,EUNICE_ALL, 29.75,N
01/21/2024,08:00,EXGNSND_RN, 25.29,N
01/21/2024,08:00,EXGNWTL_1, 25.23,N
01/21/2024,08:00,EXN_14, 24.79,N
01/21/2024,08:00,EXN_1_3, 24.79,N
01/21/2024,08:00,EXN_4, 24.79,N
01/21/2024,08:00,EXN_8, 24.79,N
01/21/2024,08:00,EXN_9_13, 24.79,N
01/21/2024,08:00,EXN_PUN1, 24.79,N
01/21/2024,08:00,EXN_PUN2, 24.79,N
01/21/2024,08:00,EXN_PUN3, 24.79,N
01/21/2024,08:00,E_BLACK_RN, 24.86,N
01/21/2024,08:00,FALFUR_RN, 25.15,N
01/21/2024,08:00,FAL_FALCONG1, 25.21,N
01/21/2024,08:00,FAL_FALCONG2, 25.21,N
01/21/2024,08:00,FAL_FALCONG3, 25.21,N
01/21/2024,08:00,FAULKNER_RN, 29.9,N
01/21/2024,08:00,FEGC_RN, 24.82,N
01/21/2024,08:00,FENCESLR_ALL, 24.54,N
01/21/2024,08:00,FERGCC_CC1, 24.97,N
01/21/2024,08:00,FERGCC_GT1_1, 24.97,N
01/21/2024,08:00,FERGCC_GT2_3, 24.97,N
01/21/2024,08:00,FERGCC_ST1_5, 24.97,N
01/21/2024,08:00,FERMI_ALL, 33.1,N
01/21/2024,08:00,FILESSLR_PV1, 24.54,N
01/21/2024,08:00,FIVEWSLR_ALL, 24.75,N
01/21/2024,08:00,FLCNS_CC1, 29.21,N
01/21/2024,08:00,FLCNS_UNIT1, 29.21,N
01/21/2024,08:00,FLCNS_UNIT2, 29.21,N
01/21/2024,08:00,FLCNS_UNIT3, 29.21,N
01/21/2024,08:00,FLOWERII_RN, 30.12,N
01/21/2024,08:00,FLTBES1, 30.12,N
01/21/2024,08:00,FLTCK_SSI, 24.64,N
01/21/2024,08:00,FLUVANNA_1_2, 24.7,N
01/21/2024,08:00,FLVABES1_ESR, 30.12,N
01/21/2024,08:00,FOARDCTY_ALL, 23.67,N
01/21/2024,08:00,FORMOSA_CC1, 24.86,N
01/21/2024,08:00,FORMOSA_CC2, 24.86,N
01/21/2024,08:00,FORMOSA_PUN1, 24.86,N
01/21/2024,08:00,FORMOSA_PUN2, 24.86,N
01/21/2024,08:00,FOXTROT_ALL, 25.01,N
01/21/2024,08:00,FO_FORMOSA11, 24.86,N
01/21/2024,08:00,FO_FORMOSA12, 24.86,N
01/21/2024,08:00,FO_FORMOSG1, 24.86,N
01/21/2024,08:00,FO_FORMOSG10, 24.86,N
01/21/2024,08:00,FO_FORMOSG13, 24.86,N
01/21/2024,08:00,FO_FORMOSG14, 24.86,N
01/21/2024,08:00,FO_FORMOSG15, 24.86,N
01/21/2024,08:00,FO_FORMOSG2, 24.86,N
01/21/2024,08:00,FO_FORMOSG3, 24.86,N
01/21/2024,08:00,FO_FORMOSG4, 24.86,N
01/21/2024,08:00,FO_FORMOSG5, 24.86,N
01/21/2024,08:00,FO_FORMOSG6, 24.86,N
01/21/2024,08:00,FO_FORMOSG7, 24.86,N
01/21/2024,08:00,FO_FORMOSG8, 24.86,N
01/21/2024,08:00,FO_FORMOSG9, 24.86,N
01/21/2024,08:00,FPPYD_FPP_G1, 24.9,N
01/21/2024,08:00,FPPYD_FPP_G2, 24.9,N
01/21/2024,08:00,FPPYD_FPP_G3, 24.9,N
01/21/2024,08:00,FREC_1_CCU, 24.56,N
01/21/2024,08:00,FREC_2_CCU, 24.57,N
01/21/2024,08:00,FREC_CC1, 24.56,N
01/21/2024,08:00,FREC_CC2, 24.57,N
01/21/2024,08:00,FRMRSVLW_RN, 24.47,N
01/21/2024,08:00,FRNYPP_1_CCU, 24.49,N
01/21/2024,08:00,FRNYPP_2_CCU, 24.49,N
01/21/2024,08:00,FRNYPP_CC1, 24.49,N
01/21/2024,08:00,FRNYPP_CC2, 24.49,N
01/21/2024,08:00,FRONT_EC_CC1, 15.02,N
01/21/2024,08:00,FRONT_EC_RN1, 15.02,N
01/21/2024,08:00,FRONT_EC_RN2, 15.02,N
01/21/2024,08:00,FRONT_EC_RN3, 15.02,N
01/21/2024,08:00,FRYE_SLR_ALL, 14.93,N
01/21/2024,08:00,FTR_CC1, 24.72,N
01/21/2024,08:00,FTR_FTR_G1_4, 24.72,N
01/21/2024,08:00,FTWIND_UNIT1, 24.68,N
01/21/2024,08:00,FWLR_SLR_1, 31.16,N
01/21/2024,08:00,GALO_RN1, 24.93,N
01/21/2024,08:00,GAMBIT_RN, 24.92,N
01/21/2024,08:00,GARC_BESS_RN, 15.06,N
01/21/2024,08:00,GBY_GT, 24.79,N
01/21/2024,08:00,GID_GIDEONG1, 24.9,N
01/21/2024,08:00,GID_GIDEONG2, 24.9,N
01/21/2024,08:00,GID_GIDEONG3, 24.9,N
01/21/2024,08:00,GIGA_ESS_RN, 24.91,N
01/21/2024,08:00,GOA_GOATWIND, 26.36,N
01/21/2024,08:00,GOLINDA_UN1, 24.68,N
01/21/2024,08:00,GOMZ_RN, 30.45,N
01/21/2024,08:00,GOODNIT1_ALL, 15.15,N
01/21/2024,08:00,GPASTURE_ALL, 24.11,N
01/21/2024,08:00,GRANDVW1_A_B, 15.17,N
01/21/2024,08:00,GRDNE_ESR_RN, 28.16,N
01/21/2024,08:00,GREASWOD_ALL, 30.28,N
01/21/2024,08:00,GRIF_TRL_RN, 23.87,N
01/21/2024,08:00,GRSES_UNIT1, 24.43,N
01/21/2024,08:00,GRSES_UNIT2, 24.41,N
01/21/2024,08:00,GUADG_CC1, 25.03,N
01/21/2024,08:00,GUADG_CC2, 25.03,N
01/21/2024,08:00,GUADG_CCU1, 25.03,N
01/21/2024,08:00,GUADG_CCU2, 25.03,N
01/21/2024,08:00,GUNMTN_NODE, 27.45,N
01/21/2024,08:00,GWEC_G1, 24.62,N
01/21/2024,08:00,HALO_RN1, 24.74,N
01/21/2024,08:00,HAMI_BESS_RN, 32.58,N
01/21/2024,08:00,HAYSEN1_2, 25,N
01/21/2024,08:00,HAYSEN3_4, 25,N
01/21/2024,08:00,HB_BUSAVG, 24.61,N
01/21/2024,08:00,HB_HOUSTON, 24.79,N
01/21/2024,08:00,HB_HUBAVG, 24.83,N
01/21/2024,08:00,HB_NORTH, 24.52,N
01/21/2024,08:00,HB_PAN, 15.9,N
01/21/2024,08:00,HB_SOUTH, 23.94,N
01/21/2024,08:00,HB_WEST, 26.07,N
01/21/2024,08:00,HELIOS_RN, 33.07,N
01/21/2024,08:00,HHGT_KENDAL, 24.93,N
01/21/2024,08:00,HHOLLW2_WND1, 24.8,N
01/21/2024,08:00,HHOLLW3_WND1, 24.8,N
01/21/2024,08:00,HHOLLW4_WND1, 24.8,N
01/21/2024,08:00,HICK_G1_G2, 25.89,N
01/21/2024,08:00,HI_LONEB_RN1, 26.3,N
01/21/2024,08:00,HI_LONE_ALL, 26.3,N
01/21/2024,08:00,HLSES_UNIT3, 24.48,N
01/21/2024,08:00,HLSES_UNIT4, 24.48,N
01/21/2024,08:00,HLSES_UNIT5, 24.48,N
01/21/2024,08:00,HMNG_ESS_RN, 24.36,N
01/21/2024,08:00,HOLCOMB_RN1, 25.85,N
01/21/2024,08:00,HOLSTEIN_ALL, 24.8,N
01/21/2024,08:00,HOL_ALL, 24.83,N
01/21/2024,08:00,HOPKNSLR_ALL, 24.47,N
01/21/2024,08:00,HORSCR_RN, 31.4,N
01/21/2024,08:00,HORSECRK_RN, 24.02,N
01/21/2024,08:00,HOUSEMTN_RN, 45.43,N
01/21/2024,08:00,HOVEY_GEN, 29.95,N
01/21/2024,08:00,HRBESS_BESS, 30.95,N
01/21/2024,08:00,HRFDWIND_ALL, 14.69,N
01/21/2024,08:00,HRZN_SLR_UN1, 25.79,N
01/21/2024,08:00,HWF_HWFG1, 24.57,N
01/21/2024,08:00,HYDR_ESS_RN, 29.87,N
01/21/2024,08:00,H_HOLLO_WND1, 24.8,N
01/21/2024,08:00,IMP_RN1, 24.46,N
01/21/2024,08:00,INDNENR_1_RN, 32.38,N
01/21/2024,08:00,INDNENR_2_RN, 31.88,N
01/21/2024,08:00,INDNNWP_RN, 32.09,N
01/21/2024,08:00,IND_INADALE1, 24.56,N
01/21/2024,08:00,INGLCOSW_CC1, 25.03,N
01/21/2024,08:00,INGLCOSW_STG, 25.03,N
01/21/2024,08:00,INGLCOS_CTG1, 25.03,N
01/21/2024,08:00,INGLCOS_CTG2, 25.03,N
01/21/2024,08:00,INGLCO_PUN1, 25.03,N
01/21/2024,08:00,INGLCO_PUN2, 25.03,N
01/21/2024,08:00,INGLCO_PUN3, 25.03,N
01/21/2024,08:00,INKS_INKS_G1, 44.9,N
01/21/2024,08:00,INRT_W_ALL, 24.11,N
01/21/2024,08:00,JACKCNTY_CC1, 24.43,N
01/21/2024,08:00,JACKCNTY_CT1, 24.43,N
01/21/2024,08:00,JACKCNTY_CT2, 24.43,N
01/21/2024,08:00,JACKCNTY_STG, 24.43,N
01/21/2024,08:00,JADE_SLR_ALL, 24.35,N
01/21/2024,08:00,JAY_RN_1, 24.81,N
01/21/2024,08:00,JCKCNTY2_CC1, 24.37,N
01/21/2024,08:00,JCKCNTY2_CT3, 24.37,N
01/21/2024,08:00,JCKCNTY2_CT4, 24.37,N
01/21/2024,08:00,JCKCNTY2_ST2, 24.37,N
01/21/2024,08:00,JC_BAT_RN, 24.99,N
01/21/2024,08:00,JDKNS_RN, 29.59,N
01/21/2024,08:00,JUNCTION_RN, 30.87,N
01/21/2024,08:00,JUNO_ALL, 26.85,N
01/21/2024,08:00,KARAKAW1_1, 25.03,N
01/21/2024,08:00,KARAKAW2_1, 25.03,N
01/21/2024,08:00,KEECHI_U1, 24.43,N
01/21/2024,08:00,KELAMSL_U1, 24.54,N
01/21/2024,08:00,KEO_KEO_SM1, 31.4,N
01/21/2024,08:00,KINGE_ALL, 31.39,N
01/21/2024,08:00,KINGW_ALL, 31.21,N
01/21/2024,08:00,KMCHI_CC1, 24.45,N
01/21/2024,08:00,KMCHI_CC2, 24.45,N
01/21/2024,08:00,LACY_CRK_ALL, 27.32,N
01/21/2024,08:00,LAMESASLR_G, 24.02,N
01/21/2024,08:00,LAPETUS_U1, 30.34,N
01/21/2024,08:00,LARDVFTN_G4, 25.25,N
01/21/2024,08:00,LARDVFTN_G5, 25.25,N
01/21/2024,08:00,LASSO_GEN, 45.43,N
01/21/2024,08:00,LBRA_BES1, 25.03,N
01/21/2024,08:00,LEG_LEG_G1, 24.65,N
01/21/2024,08:00,LEG_LEG_G2, 24.65,N
01/21/2024,08:00,LEONLCPCT1_2, 28,N
01/21/2024,08:00,LEONLCPCT3_4, 28,N
01/21/2024,08:00,LFSTH_RN, 24.54,N
01/21/2024,08:00,LGDRAW_S_ALL, 26.85,N
01/21/2024,08:00,LGD_LANGFORD, 28.16,N
01/21/2024,08:00,LGE_CC1, 25.03,N
01/21/2024,08:00,LGE_LGE_GT1, 25.03,N
01/21/2024,08:00,LGE_LGE_GT2, 25.03,N
01/21/2024,08:00,LGE_LGE_STG, 25.03,N
01/21/2024,08:00,LGE_PUN1, 25.03,N
01/21/2024,08:00,LGE_PUN2, 25.03,N
01/21/2024,08:00,LGW_UNIT_ALL, 24.75,N
01/21/2024,08:00,LHM_CVC_G4, 24.79,N
01/21/2024,08:00,LHM_PUN1, 24.79,N
01/21/2024,08:00,LHM_PUN2, 24.79,N
01/21/2024,08:00,LHORN_N_U1_2, 15.1,N
01/21/2024,08:00,LHSES_UNIT1, 24.49,N
01/21/2024,08:00,LHSES_UNIT2, 24.49,N
01/21/2024,08:00,LIG_RN, 24.78,N
01/21/2024,08:00,LILY_RN, 24.5,N
01/21/2024,08:00,LMAJADAS_ALL, 14.98,N
01/21/2024,08:00,LMO_ESR_RN, 24.72,N
01/21/2024,08:00,LNCRK_ALL, 24.62,N
01/21/2024,08:00,LONESTAR_RN, 29.83,N
01/21/2024,08:00,LONEWOLF_ALL, 25.84,N
01/21/2024,08:00,LON_RN1, 24.86,N
01/21/2024,08:00,LOSTPI_CC1, 24.89,N
01/21/2024,08:00,LOS_LOSTPGT1, 24.89,N
01/21/2024,08:00,LOS_LOSTPGT2, 24.89,N
01/21/2024,08:00,LOS_LOSTPST1, 24.89,N
01/21/2024,08:00,LPCCS_CC1, 24.46,N
01/21/2024,08:00,LPCCS_CC2, 24.46,N
01/21/2024,08:00,LPCCS_CT11, 24.46,N
01/21/2024,08:00,LPCCS_CT12, 24.46,N
01/21/2024,08:00,LPCCS_CT21, 24.46,N
01/21/2024,08:00,LPCCS_CT22, 24.46,N
01/21/2024,08:00,LPCCS_UNIT1, 24.46,N
01/21/2024,08:00,LPCCS_UNIT2, 24.46,N
01/21/2024,08:00,LV1A_LV1B, 14.98,N
01/21/2024,08:00,LV3_RN, 25.13,N
01/21/2024,08:00,LV3_UNIT1, 25.14,N
01/21/2024,08:00,LV4_UNIT_1, 25.14,N
01/21/2024,08:00,LV5_UNIT1, 15.04,N
01/21/2024,08:00,LZ_AEN, 24.88,N
01/21/2024,08:00,LZ_CPS, 26.55,N
01/21/2024,08:00,LZ_HOUSTON, 24.8,N
01/21/2024,08:00,LZ_LCRA, 25.1,N
01/21/2024,08:00,LZ_NORTH, 24.52,N
01/21/2024,08:00,LZ_RAYBN, 24.48,N
01/21/2024,08:00,LZ_SOUTH, 23.83,N
01/21/2024,08:00,LZ_WEST, 29.03,N
01/21/2024,08:00,L_FRE_ESR_RN, 14.99,N
01/21/2024,08:00,MADERO_RN, 15.01,N
01/21/2024,08:00,MAINLAND_RN, 24.81,N
01/21/2024,08:00,MARBFA, 24.97,N
01/21/2024,08:00,MARIAH_ALL, 14.69,N
01/21/2024,08:00,MAR_MARSFOG1, 24.84,N
01/21/2024,08:00,MAR_MARSFOG2, 24.84,N
01/21/2024,08:00,MAR_MARSFOG3, 24.84,N
01/21/2024,08:00,MASSENGL_CC1, 16.03,N
01/21/2024,08:00,MASSENGL_G6, 21.46,N
01/21/2024,08:00,MASSENGL_G7, 21.46,N
01/21/2024,08:00,MASSENGL_G8, 10.89,N
01/21/2024,08:00,MAVCRK_W_ALL, 24.93,N
01/21/2024,08:00,MCDLD_FCSBW1, 27.51,N
01/21/2024,08:00,MCLNSLR_RN, 30.53,N
01/21/2024,08:00,MCSES_UNIT6, 24.49,N
01/21/2024,08:00,MCSES_UNIT7, 24.49,N
01/21/2024,08:00,MCSES_UNIT8, 24.49,N
01/21/2024,08:00,MDANP_CT1_2, 24.51,N
01/21/2024,08:00,MDANP_CT3_4, 24.51,N
01/21/2024,08:00,MDANP_CT5_6, 24.51,N
01/21/2024,08:00,MERCURY_ALL, 24.57,N
01/21/2024,08:00,MESQCRK_ALL, 26.85,N
01/21/2024,08:00,MESTENO_RN, 25.14,N
01/21/2024,08:00,MGSES_CT123, 27.17,N
01/21/2024,08:00,MGSES_CT456, 27.17,N
01/21/2024,08:00,MIAM1_G1_G2, 15.42,N
01/21/2024,08:00,MIDWY_RN, 29.72,N
01/21/2024,08:00,MIL_MILG1_2, 24.52,N
01/21/2024,08:00,MIL_MILG345, 24.52,N
01/21/2024,08:00,MIRAGE_G1, 24.8,N
01/21/2024,08:00,MIRASOLE_GEN, 25.12,N
01/21/2024,08:00,MISAE_GEN_RN, 16.07,N
01/21/2024,08:00,MLSES_UNIT1, 24.53,N
01/21/2024,08:00,MLSES_UNIT2, 24.53,N
01/21/2024,08:00,MLSES_UNIT3, 24.53,N
01/21/2024,08:00,MNWL_BESS_RN, 24.49,N
01/21/2024,08:00,MOZART_WIND1, 25.36,N
01/21/2024,08:00,MUSTNGCK_ALL, 25.27,N
01/21/2024,08:00,MV_VALV4_RN, 15,N
01/21/2024,08:00,MWEC_G1, 25.24,N
01/21/2024,08:00,MYRY_ESR_RN, 15.01,N
01/21/2024,08:00,MYR_ALL, 24.87,N
01/21/2024,08:00,NACPW_UNIT1, 24.54,N
01/21/2024,08:00,NBOHR_RN, 27.42,N
01/21/2024,08:00,NCARBIDEG8, 24.94,N
01/21/2024,08:00,NCARBIDE_1_7, 24.94,N
01/21/2024,08:00,NCARBID_PUN1, 24.94,N
01/21/2024,08:00,NCARBID_PUN2, 24.94,N
01/21/2024,08:00,NCO_RN, 24.93,N
01/21/2024,08:00,NEBULA_RN, 14.99,N
01/21/2024,08:00,NEDIN_CC1, 14.97,N
01/21/2024,08:00,NED_NEDIN_G1, 15.01,N
01/21/2024,08:00,NED_NEDIN_G2, 15.01,N
01/21/2024,08:00,NED_NEDIN_G3, 14.9,N
01/21/2024,08:00,NF_BRP_RN, 24.84,N
01/21/2024,08:00,NOBLESLR_ALL, 24.36,N
01/21/2024,08:00,NOVA1SLR_ALL, 23.77,N
01/21/2024,08:00,NOVA2S_UNIT1, 23.77,N
01/21/2024,08:00,NUECES_B_CC1, 25.04,N
01/21/2024,08:00,NUE_NUECESG7, 25.04,N
01/21/2024,08:00,NUE_NUECESG8, 25.04,N
01/21/2024,08:00,NUE_NUECESG9, 25.04,N
01/21/2024,08:00,NWF_NWF1, 29.85,N
01/21/2024,08:00,N_AL_BESS_RN, 15,N
01/21/2024,08:00,N_MRD_ESR_RN, 15,N
01/21/2024,08:00,OBERON_U1, 29.68,N
01/21/2024,08:00,ODESW_RN, 29.58,N
01/21/2024,08:00,OECCS_1, 29.43,N
01/21/2024,08:00,OECCS_2, 29.43,N
01/21/2024,08:00,OECCS_CC1, 29.43,N
01/21/2024,08:00,OECCS_CC2, 29.43,N
01/21/2024,08:00,OGSES_1, 24.68,N
01/21/2024,08:00,OGSES_2, 24.68,N
01/21/2024,08:00,OLIN_OLING_1, 24.48,N
01/21/2024,08:00,OLIN_OLING_2, 24.48,N
01/21/2024,08:00,OLIN_OLING_3, 24.48,N
01/21/2024,08:00,OLIN_OLING_4, 24.48,N
01/21/2024,08:00,OLNEYTN_RN, 24.34,N
01/21/2024,08:00,OR_BESS_RN, 24.96,N
01/21/2024,08:00,OWF_OWF, 27.67,N
01/21/2024,08:00,OXY_OXY_CCG1, 25.05,N
01/21/2024,08:00,OXY_PUN1, 25.05,N
01/21/2024,08:00,OXY_PUN2, 25.05,N
01/21/2024,08:00,PALE_ESS_EN, 20.4,N
01/21/2024,08:00,PALMWI_UNIT1, 14.98,N
01/21/2024,08:00,PANDA_S_CC1, 24.45,N
01/21/2024,08:00,PANDA_S_CT1, 24.45,N
01/21/2024,08:00,PANDA_S_CT2, 24.45,N
01/21/2024,08:00,PANDA_S_ST1, 24.45,N
01/21/2024,08:00,PANDA_T1_CC1, 24.75,N
01/21/2024,08:00,PANDA_T1_CT1, 24.75,N
01/21/2024,08:00,PANDA_T1_CT2, 24.75,N
01/21/2024,08:00,PANDA_T1_ST1, 24.75,N
01/21/2024,08:00,PANDA_T2_CC1, 24.75,N
01/21/2024,08:00,PANDA_T2_CT1, 24.75,N
01/21/2024,08:00,PANDA_T2_CT2, 24.75,N
01/21/2024,08:00,PANDA_T2_ST1, 24.75,N
01/21/2024,08:00,PAP1_PAP1, 25.03,N
01/21/2024,08:00,PAULN_RN, 24.53,N
01/21/2024,08:00,PAVLOV_BT_RN, 26.83,N
01/21/2024,08:00,PAVO_ESS_ALL, 31.4,N
01/21/2024,08:00,PB2SES_CT1, 29.74,N
01/21/2024,08:00,PB2SES_CT2, 29.74,N
01/21/2024,08:00,PB2SES_CT3, 29.74,N
01/21/2024,08:00,PB2SES_CT4, 29.74,N
01/21/2024,08:00,PB2SES_CT5, 29.74,N
01/21/2024,08:00,PC_NORTH_1, 27.85,N
01/21/2024,08:00,PC_SOUTH_ALL, 27.85,N
01/21/2024,08:00,PEARSA_1_24, 25.79,N
01/21/2024,08:00,PENA_ALL, 25.07,N
01/21/2024,08:00,PES1_RN, 24.82,N
01/21/2024,08:00,PEY_RN, 24.82,N
01/21/2024,08:00,PH1_UNIT1_2, 15.29,N
01/21/2024,08:00,PH2_U1_U2, 15.29,N
01/21/2024,08:00,PHILLWND_ALL, 24.63,N
01/21/2024,08:00,PHOEBE_ALL, 29.73,N
01/21/2024,08:00,PHOENIX_RN, 24.46,N
01/21/2024,08:00,PHO_ALL, 24.83,N
01/21/2024,08:00,PIONR_DJ_RN, 29.25,N
01/21/2024,08:00,PISG_RN_ALL, 24.57,N
01/21/2024,08:00,PITSDD_UNIT1, 24.54,N
01/21/2024,08:00,PLN_ALL, 24.83,N
01/21/2024,08:00,PNPI_GT2_RN, 24.85,N
01/21/2024,08:00,PORTSL_UNIT1, 24.36,N
01/21/2024,08:00,POTSVIL_RN, 26.2,N
01/21/2024,08:00,PRID_RN, 24.81,N
01/21/2024,08:00,PROSPERO_ALL, 29.8,N
01/21/2024,08:00,PRO_RN, 24.82,N
01/21/2024,08:00,PRSPERO2_ALL, 29.8,N
01/21/2024,08:00,PR_PR_ALL, 25.79,N
01/21/2024,08:00,PR_PR_G2, 25.79,N
01/21/2024,08:00,PSA_CC1, 24.79,N
01/21/2024,08:00,PSA_PSA_G1, 24.79,N
01/21/2024,08:00,PSA_PSA_G2, 24.79,N
01/21/2024,08:00,PSA_PSA_G3, 24.79,N
01/21/2024,08:00,PSA_PSA_G4, 24.79,N
01/21/2024,08:00,PSA_PSA_G5, 24.79,N
01/21/2024,08:00,PSA_PSA_G6, 24.79,N
01/21/2024,08:00,PSA_PSA_G7, 24.79,N
01/21/2024,08:00,PSA_PUN1, 24.79,N
01/21/2024,08:00,PSA_PUN2, 24.79,N
01/21/2024,08:00,PSA_PUN3, 24.79,N
01/21/2024,08:00,PSA_PUN4, 24.79,N
01/21/2024,08:00,PSA_PUN5, 24.79,N
01/21/2024,08:00,PSG_CC1, 24.79,N
01/21/2024,08:00,PSG_PSG_GT2, 24.79,N
01/21/2024,08:00,PSG_PSG_GT3, 24.79,N
01/21/2024,08:00,PSG_PSG_ST1, 24.79,N
01/21/2024,08:00,PTLBES_BESS1, 24.97,N
01/21/2024,08:00,PYR_PYRON1, 24.56,N
01/21/2024,08:00,QALSW_ALL, 29.42,N
01/21/2024,08:00,QALSW_CC1, 29.42,N
01/21/2024,08:00,QALSW_CC2, 29.42,N
01/21/2024,08:00,QUEEN_BA_RN, 30.33,N
01/21/2024,08:00,QUEEN_SL_RN, 30.33,N
01/21/2024,08:00,RAB_G1-8, 24.81,N
01/21/2024,08:00,RADN_SLR_ALL, 24.83,N
01/21/2024,08:00,RAMBLER_UNIT, 25.05,N
01/21/2024,08:00,RANCHERO_ALL, 26.02,N
01/21/2024,08:00,RAT_RN_1, 25.58,N
01/21/2024,08:00,RAYBURN_CC1, 25.3,N
01/21/2024,08:00,RAYB_G78910, 25.3,N
01/21/2024,08:00,RBN_BESS1, 24.87,N
01/21/2024,08:00,RDCAN_RDCNY1, 25.52,N
01/21/2024,08:00,REDBARN_RN, 30.19,N
01/21/2024,08:00,REDFISH_ALL, 14.98,N
01/21/2024,08:00,REDGATE_ALL, 15.01,N
01/21/2024,08:00,REDGATE_RN, 15.01,N
01/21/2024,08:00,RELOJ_ALL, 25.17,N
01/21/2024,08:00,REROCK_ALL, 29.95,N
01/21/2024,08:00,RHESS2_ESS1, 24.85,N
01/21/2024,08:00,RIGGIN_UNIT1, 31.51,N
01/21/2024,08:00,RIOG_ESR_RN, 15.06,N
01/21/2024,08:00,RIONOG_CC1, 25.02,N
01/21/2024,08:00,RIONOG_CT1, 25.02,N
01/21/2024,08:00,RIONOG_CT2, 25.02,N
01/21/2024,08:00,RIONOG_CT3, 25.02,N
01/21/2024,08:00,RIONOG_ST1, 25.02,N
01/21/2024,08:00,RIPPEY_ALL, 24.42,N
01/21/2024,08:00,RN_APOGEE, 24.29,N
01/21/2024,08:00,RN_BYU_G8, 24.8,N
01/21/2024,08:00,RN_DEC_AGR_A, 24.41,N
01/21/2024,08:00,RN_DEC_AGR_B, 24.41,N
01/21/2024,08:00,RN_DEC_AGR_C, 24.41,N
01/21/2024,08:00,RN_DEC_AGR_D, 24.41,N
01/21/2024,08:00,RN_ECEC_HOLT, 29.89,N
01/21/2024,08:00,RN_OCI_ALAMO, 27.6,N
01/21/2024,08:00,RN_RTS1, 24.88,N
01/21/2024,08:00,RN_SR_WIND1, 14.99,N
01/21/2024,08:00,RN_TOSBATT, 27.34,N
01/21/2024,08:00,ROSELAND_ALL, 24.64,N
01/21/2024,08:00,ROUTE66_RN, 15.17,N
01/21/2024,08:00,ROW_ALL, 24.81,N
01/21/2024,08:00,RPUBRDS_RN, 24.72,N
01/21/2024,08:00,RRANCHES_ALL, 29.86,N
01/21/2024,08:00,RRC_WIND_ALL, 24.48,N
01/21/2024,08:00,RSK_RN, 27.42,N
01/21/2024,08:00,RTLSNAKE_BT, 29.81,N
01/21/2024,08:00,RUSSEKST_RN, 49.1,N
01/21/2024,08:00,RVRVLYS_ALL, 24.85,N
01/21/2024,08:00,SADLBACK_RN, 29.97,N
01/21/2024,08:00,SALVTION_GEN, 24.02,N
01/21/2024,08:00,SAMSON_ALL, 24.47,N
01/21/2024,08:00,SANDHSYD1_2, 24.89,N
01/21/2024,08:00,SANDHSYD3_4, 24.89,N
01/21/2024,08:00,SANDHSYD6_7, 24.89,N
01/21/2024,08:00,SANDHSYD_5AC, 24.89,N
01/21/2024,08:00,SANDHSYD_CC1, 24.89,N
01/21/2024,08:00,SANTACRU_ALL, 25.05,N
01/21/2024,08:00,SAN_SANMIGG1, 25.13,N
01/21/2024,08:00,SBEAN_BESS, 29.79,N
01/21/2024,08:00,SBE_RN_1, 25.06,N
01/21/2024,08:00,SC2SES_UNIT1, 24.54,N
01/21/2024,08:00,SCES_UNIT1, 24.64,N
01/21/2024,08:00,SCLP_PUN1, 24.93,N
01/21/2024,08:00,SCLP_PUN2, 24.93,N
01/21/2024,08:00,SCLP_PUN3, 24.93,N
01/21/2024,08:00,SCLP_PUN4, 24.93,N
01/21/2024,08:00,SCLP_SCLPC_1, 24.93,N
01/21/2024,08:00,SCLP_SCLPC_2, 24.93,N
01/21/2024,08:00,SCLP_SCLPC_3, 24.93,N
01/21/2024,08:00,SCLP_SCLPC_4, 24.93,N
01/21/2024,08:00,SCSES_UNIT2, 24.54,N
01/21/2024,08:00,SDSES_PUN1, 24.82,N
01/21/2024,08:00,SDSES_PUN3, 24.82,N
01/21/2024,08:00,SENATEWD_1, 24.38,N
01/21/2024,08:00,SGM_SIGNALMT, 28.2,N
01/21/2024,08:00,SGSA_DGR, 29.95,N
01/21/2024,08:00,SG_BES_BESS1, 31.5,N
01/21/2024,08:00,SHAFFER_ALL, 25.05,N
01/21/2024,08:00,SHAMROCK_RN, 25.95,N
01/21/2024,08:00,SHANNONW_RN, 24.22,N
01/21/2024,08:00,SHEEPCRK_1, 24.48,N
01/21/2024,08:00,SILASRAY_CC1, 14.99,N
01/21/2024,08:00,SIL_SILAS_10, 14.99,N
01/21/2024,08:00,SIL_SILAS_6, 14.99,N
01/21/2024,08:00,SIL_SILAS_9, 14.99,N
01/21/2024,08:00,SIRIUS_UNIT1, 31.82,N
01/21/2024,08:00,SJS_SJS_G1, 24.8,N
01/21/2024,08:00,SJS_SJS_G2, 24.8,N
01/21/2024,08:00,SKY1, 24.96,N
01/21/2024,08:00,SLCN_ESS_ALL, 24.87,N
01/21/2024,08:00,SLTFRK_UN1_2, 15.42,N
01/21/2024,08:00,SL_PUN1, 24.79,N
01/21/2024,08:00,SL_PUN2, 24.79,N
01/21/2024,08:00,SNY_BESS_RN, 25.96,N
01/21/2024,08:00,SOLARA_UNIT1, 24.96,N
01/21/2024,08:00,SPARTA_ALL, 25.01,N
01/21/2024,08:00,SPLAIN1_RN, 15.08,N
01/21/2024,08:00,SPLAIN2_RN, 15.08,N
01/21/2024,08:00,SPNC_SPNCE_4, 24.42,N
01/21/2024,08:00,SPNC_SPNCE_5, 24.42,N
01/21/2024,08:00,SPTX12B_RN, 31.19,N
01/21/2024,08:00,SROSA_ESR_RN, 14.99,N
01/21/2024,08:00,SRWE1_UNIT1, 26.85,N
01/21/2024,08:00,SSPURT_WIND1, 14.93,N
01/21/2024,08:00,STAM_SLR_ALL, 24.47,N
01/21/2024,08:00,STEAM_ENG123, 24.48,N
01/21/2024,08:00,STEA_STEAM_1, 24.48,N
01/21/2024,08:00,STEA_STEAM_2, 24.48,N
01/21/2024,08:00,STEA_STEAM_3, 24.48,N
01/21/2024,08:00,STELLA_RN, 25.07,N
01/21/2024,08:00,STP_STP_G1, 24.83,N
01/21/2024,08:00,STP_STP_G2, 24.83,N
01/21/2024,08:00,STRATEGC_RN, 24.54,N
01/21/2024,08:00,STWF_T1, 25.81,N
01/21/2024,08:00,SUNVASLR_ALL, 24.58,N
01/21/2024,08:00,SWEC_G1, 32.03,N
01/21/2024,08:00,SWEETWN2_2_4, 24.89,N
01/21/2024,08:00,SWEETWN3_3, 24.89,N
01/21/2024,08:00,SWEETWND_1, 24.89,N
01/21/2024,08:00,SWOOSE1_U1, 29.8,N
01/21/2024,08:00,SWOOSEII_RN, 29.8,N
01/21/2024,08:00,SWTWN4_WND45, 24.89,N
01/21/2024,08:00,SWT_BESS_RN, 26.03,N
01/21/2024,08:00,S_HILLS_RN, 24.27,N
01/21/2024,08:00,TAHOKA_ALL, 28.89,N
01/21/2024,08:00,TAV_RN, 24.96,N
01/21/2024,08:00,TAYGETE2_ALL, 30.22,N
01/21/2024,08:00,TAYGETE_ALL, 30.22,N
01/21/2024,08:00,TBWF_ES_BES1, 31.21,N
01/21/2024,08:00,TC_PUN1, 24.8,N
01/21/2024,08:00,TC_PUN2, 24.8,N
01/21/2024,08:00,TC_TCHP1, 24.8,N
01/21/2024,08:00,TEN_CC1, 24.58,N
01/21/2024,08:00,TEN_CT1_STG, 24.58,N
01/21/2024,08:00,TGCCS_ALL, 24.53,N
01/21/2024,08:00,TGCCS_CC1, 24.53,N
01/21/2024,08:00,TGF_TGFGT, 25.19,N
01/21/2024,08:00,TGS_GT01, 25.19,N
01/21/2024,08:00,TGW_T1_T2, 25.07,N
01/21/2024,08:00,THW_1_CCU, 24.78,N
01/21/2024,08:00,THW_2_CCU, 24.78,N
01/21/2024,08:00,THW_CC1, 24.78,N
01/21/2024,08:00,THW_CC2, 24.78,N
01/21/2024,08:00,THW_THWGT5X, 24.78,N
01/21/2024,08:00,THW_THWGT_1, 24.78,N
01/21/2024,08:00,TI_SOLAR_ALL, 29.81,N
01/21/2024,08:00,TKWSW_CHAMP, 24.56,N
01/21/2024,08:00,TKWSW_ROSCOE, 24.56,N
01/21/2024,08:00,TNP_TNP_O_1, 24.7,N
01/21/2024,08:00,TNP_TNP_O_2, 24.7,N
01/21/2024,08:00,TNSKA_CC1, 24.46,N
01/21/2024,08:00,TNSKA_CCU, 24.46,N
01/21/2024,08:00,TOPAZ_ALL, 24.81,N
01/21/2024,08:00,TORR_ALL, 25.2,N
01/21/2024,08:00,TORT_ESS_RN, 24.81,N
01/21/2024,08:00,TOYAH_RN, 29.95,N
01/21/2024,08:00,TREB_SOLAR1, 24.87,N
01/21/2024,08:00,TRENT_TRENT, 25.81,N
01/21/2024,08:00,TRINITY_ALL, 24.29,N
01/21/2024,08:00,TRIPBUT1_RN, 37.6,N
01/21/2024,08:00,TRSES_UNIT6, 24.54,N
01/21/2024,08:00,TRUENO_ALL, 14.98,N
01/21/2024,08:00,TRUSGILL_RN, 23.95,N
01/21/2024,08:00,TTRSW_RN, 24.47,N
01/21/2024,08:00,TTWEC_G1, 24.63,N
01/21/2024,08:00,TURQ_BESS1, 24.48,N
01/21/2024,08:00,TV_RN, 24.85,N
01/21/2024,08:00,TXCTY_CC1, 24.81,N
01/21/2024,08:00,TXCTY_CTA, 24.81,N
01/21/2024,08:00,TXCTY_CTB, 24.81,N
01/21/2024,08:00,TXCTY_CTC, 24.81,N
01/21/2024,08:00,TXCTY_ST, 24.81,N
01/21/2024,08:00,TYLRWIND_RN, 24.41,N
01/21/2024,08:00,T_CK_GT2_RN, 34.9,N
01/21/2024,08:00,T_CK_GT3_RN, 34.9,N
01/21/2024,08:00,UCC_COG_PUN2, 24.81,N
01/21/2024,08:00,UCC_UCC_C_2, 24.81,N
01/21/2024,08:00,VANCOURT_RN, 14.99,N
01/21/2024,08:00,VENADO_ALL, 25.23,N
01/21/2024,08:00,VERAWIND_ALL, 23.95,N
01/21/2024,08:00,VERTIGO_UN1, 24.11,N
01/21/2024,08:00,VICTORIA_CC1, 24.95,N
01/21/2024,08:00,VICTPORT_RN, 24.94,N
01/21/2024,08:00,VIC_VICTORG5, 24.95,N
01/21/2024,08:00,VIC_VICTORG6, 24.95,N
01/21/2024,08:00,VISION_RN, 24.55,N
01/21/2024,08:00,VLSES_UNIT3, 24.45,N
01/21/2024,08:00,VORT_ALL_RN, 24.24,N
01/21/2024,08:00,WAKEWE_ALL, 23.05,N
01/21/2024,08:00,WAP_WAPGT_1, 24.85,N
01/21/2024,08:00,WAP_WAP_G1, 24.85,N
01/21/2024,08:00,WAP_WAP_G2, 24.85,N
01/21/2024,08:00,WAP_WAP_G3, 24.85,N
01/21/2024,08:00,WAP_WAP_G4, 24.85,N
01/21/2024,08:00,WAP_WAP_G5, 24.85,N
01/21/2024,08:00,WAP_WAP_G6, 24.81,N
01/21/2024,08:00,WAP_WAP_G7, 24.81,N
01/21/2024,08:00,WAP_WAP_G8, 24.81,N
01/21/2024,08:00,WAYMARK_RN, 30.19,N
01/21/2024,08:00,WCPP_CC1, 24.38,N
01/21/2024,08:00,WCPP_CT1, 24.38,N
01/21/2024,08:00,WCPP_CT2, 24.38,N
01/21/2024,08:00,WCPP_ST1, 24.38,N
01/21/2024,08:00,WEBBER_WS_T1, 24.89,N
01/21/2024,08:00,WEC_WECG1, 24.71,N
01/21/2024,08:00,WES_ALL, 24.92,N
01/21/2024,08:00,WFCOGEN_13, 24.14,N
01/21/2024,08:00,WFCOGEN_24, 24.14,N
01/21/2024,08:00,WFCOGEN_CC1, 24.14,N
01/21/2024,08:00,WFTANK_ESS1, 25.21,N
01/21/2024,08:00,WGU_RN, 24.91,N
01/21/2024,08:00,WHCCS2_4, 24.49,N
01/21/2024,08:00,WHCCS2_5_6, 24.49,N
01/21/2024,08:00,WHCCS2_CC2, 24.49,N
01/21/2024,08:00,WHCCS_CC1, 24.49,N
01/21/2024,08:00,WHCCS_CT1_ST, 24.49,N
01/21/2024,08:00,WHCCS_CT2, 24.49,N
01/21/2024,08:00,WHITE_PT_UN1, 25.03,N
01/21/2024,08:00,WHMESA_U1, 25.89,N
01/21/2024,08:00,WHTTAIL_WR1, 24.4,N
01/21/2024,08:00,WH_WIND_ALL, 24.75,N
01/21/2024,08:00,WILDWIND_ALL, 24.37,N
01/21/2024,08:00,WIPOPA_1_2, 24.91,N
01/21/2024,08:00,WIPOPA_3_4, 24.91,N
01/21/2024,08:00,WIR_WIRTZ_G1, 24.96,N
01/21/2024,08:00,WIR_WIRTZ_G2, 24.96,N
01/21/2024,08:00,WLTC_ESR_RN, 25.05,N
01/21/2024,08:00,WL_RANCH_RN, 25.38,N
01/21/2024,08:00,WNDTS2_UNIT1, 24.32,N
01/21/2024,08:00,WND_WHITNEY, 25.36,N
01/21/2024,08:00,WOODWRD1_RN, 31.4,N
01/21/2024,08:00,WOODWRD2_RN, 31.4,N
01/21/2024,08:00,WOV_BESS_RN, 29.66,N
01/21/2024,08:00,WRSBES_BESS1, 29.86,N
01/21/2024,08:00,W_HRL_ESR_RN, 14.99,N
01/21/2024,08:00,W_PECO_UNIT1, 29.78,N
01/21/2024,08:00,X443ESRN, 28.8,N
01/21/2024,08:00,YNG_WND_ALL, 24.28,N
01/21/2024,08:00,ZIER_SLR_ALL, 32.25,N
01/21/2024,09:00,7RNCHSLR_ALL, 26.54,N
01/21/2024,09:00,AEEC, 24.65,N
01/21/2024,09:00,AGUAYO_UNIT1, 26.19,N
01/21/2024,09:00,AJAXWIND_RN, 26.1,N
01/21/2024,09:00,ALGOD_ALL_RN, 26.45,N
01/21/2024,09:00,ALVIN_RN, 26.41,N
01/21/2024,09:00,AMADEUS_ALL, 26.25,N
01/21/2024,09:00,AMISTAD_ALL, 30.8,N
01/21/2024,09:00,AMOCOOIL_CC1, 26.41,N
01/21/2024,09:00,AMOCOOIL_CC2, 26.41,N
01/21/2024,09:00,AMOCO_PUN1, 26.41,N
01/21/2024,09:00,AMOCO_PUN2, 26.41,N
01/21/2024,09:00,AMO_AMOCO_1, 26.41,N
01/21/2024,09:00,AMO_AMOCO_2, 26.41,N
01/21/2024,09:00,AMO_AMOCO_5, 26.41,N
01/21/2024,09:00,AMO_AMOCO_G1, 26.41,N
01/21/2024,09:00,AMO_AMOCO_G2, 26.41,N
01/21/2024,09:00,AMO_AMOCO_G3, 26.41,N
01/21/2024,09:00,AMO_AMOCO_S1, 26.41,N
01/21/2024,09:00,AMO_AMOCO_S2, 26.41,N
01/21/2024,09:00,ANACACHO_ANA, 30.62,N
01/21/2024,09:00,ANCHOR_ALL, 26.29,N
01/21/2024,09:00,ANDMDSLR_ALL, 26.27,N
01/21/2024,09:00,ANEM_ESS_RN, 26.59,N
01/21/2024,09:00,ANG_ALL, 25.57,N
01/21/2024,09:00,ANSON1_ALL, 26.36,N
01/21/2024,09:00,APPALOSA_ALL, 35.23,N
01/21/2024,09:00,AQUI_ALL, 26.29,N
01/21/2024,09:00,ARAGORN_RN, 27.84,N
01/21/2024,09:00,ASTRA_RN, 21.93,N
01/21/2024,09:00,ATK_ATKINSG7, 26.36,N
01/21/2024,09:00,AURO_SLR_RN, 26.36,N
01/21/2024,09:00,AUSTPL_ALL, 27.31,N
01/21/2024,09:00,AVIAT_ALL, 26.01,N
01/21/2024,09:00,AZURE_RN, 26.21,N
01/21/2024,09:00,AZ_ALL, 26.4,N
01/21/2024,09:00,BAC_RN_ALL, 26.41,N
01/21/2024,09:00,BAFFIN_ALL, 26.53,N
01/21/2024,09:00,BAIRDWND_ALL, 26.29,N
01/21/2024,09:00,BARROW_ALL, 27.51,N
01/21/2024,09:00,BASTEN_CC1, 26.48,N
01/21/2024,09:00,BASTEN_CCU, 26.48,N
01/21/2024,09:00,BATCAVE_RN, 26.09,N
01/21/2024,09:00,BAYC_BESS_RN, 27.54,N
01/21/2024,09:00,BBREEZE_1_2, 26.56,N
01/21/2024,09:00,BCATWD_WD_1, 26.18,N
01/21/2024,09:00,BCH_RN, 26.47,N
01/21/2024,09:00,BCK_RN, 26.41,N
01/21/2024,09:00,BELM_SLR_RN, 26.35,N
01/21/2024,09:00,BIGSTAR_ALL, 26.48,N
01/21/2024,09:00,BLACKJAK_RN, 26.49,N
01/21/2024,09:00,BLSMT1_5_A_6, 25.99,N
01/21/2024,09:00,BLUEJAY_RN, 26.36,N
01/21/2024,09:00,BOARDCRK_ALL, 26.3,N
01/21/2024,09:00,BOOTLEG_UN1, 28.33,N
01/21/2024,09:00,BORDAS_345, 26.64,N
01/21/2024,09:00,BOSQUESW_CC1, 26.26,N
01/21/2024,09:00,BOSQUESW_CC2, 26.28,N
01/21/2024,09:00,BOSQ_BSQSU_5, 26.28,N
01/21/2024,09:00,BOSQ_BSQS_12, 26.28,N
01/21/2024,09:00,BOSQ_BSQS_34, 26.26,N
01/21/2024,09:00,BRANDON_RN, 25.65,N
01/21/2024,09:00,BRAUNIG_CC1, 24.55,N
01/21/2024,09:00,BRAUNIG_VHB1, 31.6,N
01/21/2024,09:00,BRAUNIG_VHB2, 31.6,N
01/21/2024,09:00,BRAUNIG_VHB3, 32.92,N
01/21/2024,09:00,BRAZ_WND_ALL, 26.45,N
01/21/2024,09:00,BRA_AVR1_CT2, 24.55,N
01/21/2024,09:00,BRA_AVR_CST1, 24.55,N
01/21/2024,09:00,BRHEIGHT_RN, 26.41,N
01/21/2024,09:00,BRIGHTSD_RN, 26.87,N
01/21/2024,09:00,BRIGHTSD_U1, 26.91,N
01/21/2024,09:00,BRISCOE_WIND, 22.07,N
01/21/2024,09:00,BRPANGLE_RN, 26.54,N
01/21/2024,09:00,BRPMAGNO_RN, 26.41,N
01/21/2024,09:00,BRP_BRAZ_RN, 26.54,N
01/21/2024,09:00,BRP_DIKN_RN, 26.41,N
01/21/2024,09:00,BRP_LOOP_RN, 26.58,N
01/21/2024,09:00,BRP_LOP1_RN, 27,N
01/21/2024,09:00,BRP_PBL1_RN, 49.7,N
01/21/2024,09:00,BRP_PBL2_RN, 49.7,N
01/21/2024,09:00,BRP_RN_UNIT1, 29.16,N
01/21/2024,09:00,BRP_SEMI_RN, 26.41,N
01/21/2024,09:00,BRP_SWNY_RN, 26.55,N
01/21/2024,09:00,BRP_ZPT1_RN, 27.06,N
01/21/2024,09:00,BRP_ZPT2_RN, 27.06,N
01/21/2024,09:00,BRTSW_BCW1, 26.26,N
01/21/2024,09:00,BR_ARROW_ALL, 26.26,N
01/21/2024,09:00,BR_VHB6CT5_6, 31.6,N
01/21/2024,09:00,BR_VHB6CT7_8, 31.6,N
01/21/2024,09:00,BSS_U1, 26.55,N
01/21/2024,09:00,BTE_BTE_G1, 26.4,N
01/21/2024,09:00,BTE_BTE_G2, 26.4,N
01/21/2024,09:00,BTE_BTE_G3, 26.4,N
01/21/2024,09:00,BTE_BTE_G4, 26.4,N
01/21/2024,09:00,BTE_CC1, 26.4,N
01/21/2024,09:00,BTE_PUN1, 26.4,N
01/21/2024,09:00,BTE_PUN2, 26.4,N
01/21/2024,09:00,BTM_ALL, 26.46,N
01/21/2024,09:00,BUCHAN_ALL, 26.28,N
01/21/2024,09:00,BUCKTHRN_RN, 26.29,N
01/21/2024,09:00,BUFF_GAP_ALL, 26.19,N
01/21/2024,09:00,BULLCRK_1_2, 26.88,N
01/21/2024,09:00,BVE_CC1, 26.41,N
01/21/2024,09:00,BVE_UNIT1, 26.41,N
01/21/2024,09:00,BVE_UNIT2, 26.41,N
01/21/2024,09:00,BVE_UNIT3, 26.41,N
01/21/2024,09:00,BYRDR_ES_ALL, 26.55,N
01/21/2024,09:00,BYU_BYU_1, 26.41,N
01/21/2024,09:00,BYU_BYU_12, 26.41,N
01/21/2024,09:00,BYU_BYU_34, 26.41,N
01/21/2024,09:00,BYU_BYU_G8, 26.41,N
01/21/2024,09:00,BYU_CC1, 26.41,N
01/21/2024,09:00,BYU_G4_RN, 26.41,N
01/21/2024,09:00,BYU_PUN1, 26.41,N
01/21/2024,09:00,BYU_PUN2, 26.41,N
01/21/2024,09:00,BYU_PUN3, 26.41,N
01/21/2024,09:00,BYU_PUN4, 26.41,N
01/21/2024,09:00,B_DAVIS_3, 26.52,N
01/21/2024,09:00,B_DAVIS_4, 26.52,N
01/21/2024,09:00,B_DAVIS_CC1, 26.52,N
01/21/2024,09:00,B_D_B_DAVIG1, 26.52,N
01/21/2024,09:00,B_D_B_DAVIG2, 26.52,N
01/21/2024,09:00,CABEZON_ALL, 26.61,N
01/21/2024,09:00,CALAVER_JKS1, 25.44,N
01/21/2024,09:00,CALAVER_JKS2, 25.44,N
01/21/2024,09:00,CALAVER_JTD1, 31.44,N
01/21/2024,09:00,CALAVER_JTD2, 31.44,N
01/21/2024,09:00,CALAVER_OWS1, 31.92,N
01/21/2024,09:00,CALAVER_OWS2, 31.92,N
01/21/2024,09:00,CALHOUN_ALL, 26.47,N
01/21/2024,09:00,CALLAHA_WND1, 26.19,N
01/21/2024,09:00,CAL_CALGT1, 26.4,N
01/21/2024,09:00,CAL_CALSTG1, 26.4,N
01/21/2024,09:00,CAL_CC1, 26.4,N
01/21/2024,09:00,CAL_PUN1, 26.4,N
01/21/2024,09:00,CAL_PUN2, 26.4,N
01/21/2024,09:00,CAMWIND_RN, 19.79,N
01/21/2024,09:00,CANYONWD_ALL, 26.52,N
01/21/2024,09:00,CAPRIDG4_CR4, 26.01,N
01/21/2024,09:00,CAPRIDGE_ALL, 26.01,N
01/21/2024,09:00,CARBN_BSP_1, 26.68,N
01/21/2024,09:00,CASL_GAP_UN1, 28.95,N
01/21/2024,09:00,CATARINA_B1, 31.57,N
01/21/2024,09:00,CBECII_89, 26.42,N
01/21/2024,09:00,CBECII_CC3, 26.42,N
01/21/2024,09:00,CBECII_CT7, 26.42,N
01/21/2024,09:00,CBEC_ALL, 26.44,N
01/21/2024,09:00,CBEC_CC1, 26.44,N
01/21/2024,09:00,CBEC_CC2, 26.44,N
01/21/2024,09:00,CBY4_ALL, 26.4,N
01/21/2024,09:00,CBY4_CC1, 26.4,N
01/21/2024,09:00,CBY_CBY_G1, 26.4,N
01/21/2024,09:00,CBY_CBY_G2, 26.4,N
01/21/2024,09:00,CCEC_CC1, 26.52,N
01/21/2024,09:00,CCEC_GT1, 26.52,N
01/21/2024,09:00,CCEC_GT2, 26.52,N
01/21/2024,09:00,CCEC_PUN1, 26.52,N
01/21/2024,09:00,CCEC_PUN2, 26.52,N
01/21/2024,09:00,CCEC_ST1, 26.52,N
01/21/2024,09:00,CEDROHI_CHW1, 26.69,N
01/21/2024,09:00,CEDRVALE_RN, 27.89,N
01/21/2024,09:00,CFLATS_UNIT, 26.09,N
01/21/2024,09:00,CHALUP_ALL, 19.79,N
01/21/2024,09:00,CHAL_SLR_RN, 27.82,N
01/21/2024,09:00,CHAMON_UN1, 26.4,N
01/21/2024,09:00,CHAMON_UN2, 26.4,N
01/21/2024,09:00,CHEDPW_GT2, 26.4,N
01/21/2024,09:00,CHE_CC1, 26.4,N
01/21/2024,09:00,CHE_LYD, 26.4,N
01/21/2024,09:00,CHE_LYD2, 26.4,N
01/21/2024,09:00,CHE_PUN1, 26.4,N
01/21/2024,09:00,CHE_PUN2, 26.4,N
01/21/2024,09:00,CHISMGRD_RN, 26.27,N
01/21/2024,09:00,CISC_RN, 26.26,N
01/21/2024,09:00,CITYVICT_ALL, 26.57,N
01/21/2024,09:00,CN_BRKS_UNT1, 21.97,N
01/21/2024,09:00,COL_COLETOG1, 26.58,N
01/21/2024,09:00,CONIGLIO_RN, 26.26,N
01/21/2024,09:00,CONTINEN_RN, 19.88,N
01/21/2024,09:00,CORALSLR_ALL, 26.32,N
01/21/2024,09:00,CORAZON_RN, 26.66,N
01/21/2024,09:00,COTPLNS_RN, 22.06,N
01/21/2024,09:00,COTTON_PAP2, 26.52,N
01/21/2024,09:00,COYOTSPR_RN, 27.91,N
01/21/2024,09:00,CPSES_UNIT1, 26.23,N
01/21/2024,09:00,CPSES_UNIT2, 26.23,N
01/21/2024,09:00,CRANELL_ALL, 26.49,N
01/21/2024,09:00,CROSSETT_ALL, 28.97,N
01/21/2024,09:00,CRWN_SLR_UN1, 26.33,N
01/21/2024,09:00,CSC_CSECG1_2, 26.43,N
01/21/2024,09:00,CVC_CC1, 26.4,N
01/21/2024,09:00,CVC_CVCG1_5, 26.4,N
01/21/2024,09:00,CVC_CVC_G2, 26.4,N
01/21/2024,09:00,CVC_CVC_G3, 26.4,N
01/21/2024,09:00,DAG_ALL, 26.65,N
01/21/2024,09:00,DANSBY_ALL, 26.36,N
01/21/2024,09:00,DAN_ALL, 26.42,N
01/21/2024,09:00,DA_BESS, 26.52,N
01/21/2024,09:00,DC2SES_ALL, 26.27,N
01/21/2024,09:00,DC_E, 26.26,N
01/21/2024,09:00,DC_L, 26.7,N
01/21/2024,09:00,DC_N, 26.06,N
01/21/2024,09:00,DC_R, 19.83,N
01/21/2024,09:00,DDPEC_CC1, 26.4,N
01/21/2024,09:00,DDPEC_GT1, 26.4,N
01/21/2024,09:00,DDPEC_GT2, 26.4,N
01/21/2024,09:00,DDPEC_GT3, 26.4,N
01/21/2024,09:00,DDPEC_GT4, 26.4,N
01/21/2024,09:00,DDPEC_GT6, 26.4,N
01/21/2024,09:00,DDPEC_ST1, 26.4,N
01/21/2024,09:00,DECKER_DPG2, 26.48,N
01/21/2024,09:00,DECKER_GT, 26.48,N
01/21/2024,09:00,DENISON_G1_2, 26.26,N
01/21/2024,09:00,DERMOTT_ALL, 26.3,N
01/21/2024,09:00,DIBOL_RN, 26.29,N
01/21/2024,09:00,DIB_CC1, 26.4,N
01/21/2024,09:00,DIB_DIB_G1, 26.4,N
01/21/2024,09:00,DIB_DIB_G2, 26.4,N
01/21/2024,09:00,DIB_DIB_G3, 26.4,N
01/21/2024,09:00,DIB_DIB_G4, 26.4,N
01/21/2024,09:00,DIB_PUN1, 26.4,N
01/21/2024,09:00,DIB_PUN2, 26.4,N
01/21/2024,09:00,DILEOS_UNIT1, 27.26,N
01/21/2024,09:00,DKNS_ESS_RN, 25.81,N
01/21/2024,09:00,DOWGEN_PUN1, 26.42,N
01/21/2024,09:00,DOWGEN_PUN2, 26.42,N
01/21/2024,09:00,DOWGEN_PUN3, 26.42,N
01/21/2024,09:00,DOW_61_2_63, 26.42,N
01/21/2024,09:00,DOW_64, 26.42,N
01/21/2024,09:00,DOW_81_2_84, 26.42,N
01/21/2024,09:00,DOW_G37_G35, 26.42,N
01/21/2024,09:00,DOW_G66_ST65, 26.42,N
01/21/2024,09:00,DOW_G67, 26.42,N
01/21/2024,09:00,DOW_G96_ST95, 26.42,N
01/21/2024,09:00,DUKE_CC1, 19.82,N
01/21/2024,09:00,DUKE_GST1CCU, 19.82,N
01/21/2024,09:00,DUKE_GT2_CCU, 19.82,N
01/21/2024,09:00,DUP_PUN1, 26.55,N
01/21/2024,09:00,DUP_PUN2, 26.55,N
01/21/2024,09:00,DUP_PUN3, 26.55,N
01/21/2024,09:00,DUP_PUN4, 26.55,N
01/21/2024,09:00,EBELLS_UNIT1, 26.36,N
01/21/2024,09:00,EBNY_ESS_RN, 28.25,N
01/21/2024,09:00,ECLIPSE_UN1, 30.62,N
01/21/2024,09:00,EIFSLR_UNIT1, 26.26,N
01/21/2024,09:00,ELB_ELBCREEK, 26.82,N
01/21/2024,09:00,ELECTRAW_1_2, 26.06,N
01/21/2024,09:00,ELSAUZ_ALL, 26.56,N
01/21/2024,09:00,ELSA_ESR_RN, 19.81,N
01/21/2024,09:00,ELS_RN_1, 26.27,N
01/21/2024,09:00,EL_RAYO_ALL, 19.79,N
01/21/2024,09:00,ENDPARK_ESS1, 26.35,N
01/21/2024,09:00,ERSL_RN, 28.67,N
01/21/2024,09:00,ESTONIAN_ALL, 26.26,N
01/21/2024,09:00,ETCCS_CC1, 26.28,N
01/21/2024,09:00,ETCCS_CCU, 26.28,N
01/21/2024,09:00,EUNICE_ALL, 27.46,N
01/21/2024,09:00,EXGNSND_RN, 27.06,N
01/21/2024,09:00,EXGNWTL_1, 26.69,N
01/21/2024,09:00,EXN_14, 26.4,N
01/21/2024,09:00,EXN_1_3, 26.4,N
01/21/2024,09:00,EXN_4, 26.4,N
01/21/2024,09:00,EXN_8, 26.4,N
01/21/2024,09:00,EXN_9_13, 26.4,N
01/21/2024,09:00,EXN_PUN1, 26.4,N
01/21/2024,09:00,EXN_PUN2, 26.4,N
01/21/2024,09:00,EXN_PUN3, 26.4,N
01/21/2024,09:00,E_BLACK_RN, 26.44,N
01/21/2024,09:00,FALFUR_RN, 26.62,N
01/21/2024,09:00,FAL_FALCONG1, 26.97,N
01/21/2024,09:00,FAL_FALCONG2, 26.97,N
01/21/2024,09:00,FAL_FALCONG3, 26.97,N
01/21/2024,09:00,FAULKNER_RN, 27.91,N
01/21/2024,09:00,FEGC_RN, 26.42,N
01/21/2024,09:00,FENCESLR_ALL, 26.29,N
01/21/2024,09:00,FERGCC_CC1, 26.2,N
01/21/2024,09:00,FERGCC_GT1_1, 26.2,N
01/21/2024,09:00,FERGCC_GT2_3, 26.2,N
01/21/2024,09:00,FERGCC_ST1_5, 26.2,N
01/21/2024,09:00,FERMI_ALL, 31.08,N
01/21/2024,09:00,FILESSLR_PV1, 26.28,N
01/21/2024,09:00,FIVEWSLR_ALL, 26.37,N
01/21/2024,09:00,FLCNS_CC1, 29,N
01/21/2024,09:00,FLCNS_UNIT1, 29,N
01/21/2024,09:00,FLCNS_UNIT2, 29,N
01/21/2024,09:00,FLCNS_UNIT3, 29,N
01/21/2024,09:00,FLOWERII_RN, 28.08,N
01/21/2024,09:00,FLTBES1, 28.08,N
01/21/2024,09:00,FLTCK_SSI, 26.27,N
01/21/2024,09:00,FLUVANNA_1_2, 26.35,N
01/21/2024,09:00,FLVABES1_ESR, 28.08,N
01/21/2024,09:00,FOARDCTY_ALL, 26.01,N
01/21/2024,09:00,FORMOSA_CC1, 26.46,N
01/21/2024,09:00,FORMOSA_CC2, 26.46,N
01/21/2024,09:00,FORMOSA_PUN1, 26.46,N
01/21/2024,09:00,FORMOSA_PUN2, 26.46,N
01/21/2024,09:00,FOXTROT_ALL, 26.33,N
01/21/2024,09:00,FO_FORMOSA11, 26.46,N
01/21/2024,09:00,FO_FORMOSA12, 26.46,N
01/21/2024,09:00,FO_FORMOSG1, 26.46,N
01/21/2024,09:00,FO_FORMOSG10, 26.46,N
01/21/2024,09:00,FO_FORMOSG13, 26.46,N
01/21/2024,09:00,FO_FORMOSG14, 26.46,N
01/21/2024,09:00,FO_FORMOSG15, 26.46,N
01/21/2024,09:00,FO_FORMOSG2, 26.46,N
01/21/2024,09:00,FO_FORMOSG3, 26.46,N
01/21/2024,09:00,FO_FORMOSG4, 26.46,N
01/21/2024,09:00,FO_FORMOSG5, 26.46,N
01/21/2024,09:00,FO_FORMOSG6, 26.46,N
01/21/2024,09:00,FO_FORMOSG7, 26.46,N
01/21/2024,09:00,FO_FORMOSG8, 26.46,N
01/21/2024,09:00,FO_FORMOSG9, 26.46,N
01/21/2024,09:00,FPPYD_FPP_G1, 26.47,N
01/21/2024,09:00,FPPYD_FPP_G2, 26.47,N
01/21/2024,09:00,FPPYD_FPP_G3, 26.47,N
01/21/2024,09:00,FREC_1_CCU, 26.3,N
01/21/2024,09:00,FREC_2_CCU, 26.3,N
01/21/2024,09:00,FREC_CC1, 26.3,N
01/21/2024,09:00,FREC_CC2, 26.3,N
01/21/2024,09:00,FRMRSVLW_RN, 26.26,N
01/21/2024,09:00,FRNYPP_1_CCU, 26.27,N
01/21/2024,09:00,FRNYPP_2_CCU, 26.27,N
01/21/2024,09:00,FRNYPP_CC1, 26.27,N
01/21/2024,09:00,FRNYPP_CC2, 26.27,N
01/21/2024,09:00,FRONT_EC_CC1, 19.83,N
01/21/2024,09:00,FRONT_EC_RN1, 19.83,N
01/21/2024,09:00,FRONT_EC_RN2, 19.83,N
01/21/2024,09:00,FRONT_EC_RN3, 19.83,N
01/21/2024,09:00,FRYE_SLR_ALL, 22.01,N
01/21/2024,09:00,FTR_CC1, 26.37,N
01/21/2024,09:00,FTR_FTR_G1_4, 26.37,N
01/21/2024,09:00,FTWIND_UNIT1, 26.15,N
01/21/2024,09:00,FWLR_SLR_1, 28.92,N
01/21/2024,09:00,GALO_RN1, 25.87,N
01/21/2024,09:00,GAMBIT_RN, 26.54,N
01/21/2024,09:00,GARC_BESS_RN, 19.89,N
01/21/2024,09:00,GBY_GT, 26.4,N
01/21/2024,09:00,GID_GIDEONG1, 26.49,N
01/21/2024,09:00,GID_GIDEONG2, 26.49,N
01/21/2024,09:00,GID_GIDEONG3, 26.49,N
01/21/2024,09:00,GIGA_ESS_RN, 26.46,N
01/21/2024,09:00,GOA_GOATWIND, 26.1,N
01/21/2024,09:00,GOLINDA_UN1, 26.33,N
01/21/2024,09:00,GOMZ_RN, 28.44,N
01/21/2024,09:00,GOODNIT1_ALL, 22.08,N
01/21/2024,09:00,GPASTURE_ALL, 26.12,N
01/21/2024,09:00,GRANDVW1_A_B, 22.09,N
01/21/2024,09:00,GRDNE_ESR_RN, 27.1,N
01/21/2024,09:00,GREASWOD_ALL, 28.38,N
01/21/2024,09:00,GRIF_TRL_RN, 26.08,N
01/21/2024,09:00,GRSES_UNIT1, 26.22,N
01/21/2024,09:00,GRSES_UNIT2, 26.23,N
01/21/2024,09:00,GUADG_CC1, 26.52,N
01/21/2024,09:00,GUADG_CC2, 26.52,N
01/21/2024,09:00,GUADG_CCU1, 26.52,N
01/21/2024,09:00,GUADG_CCU2, 26.52,N
01/21/2024,09:00,GUNMTN_NODE, 26.9,N
01/21/2024,09:00,GWEC_G1, 26.26,N
01/21/2024,09:00,HALO_RN1, 26.36,N
01/21/2024,09:00,HAMI_BESS_RN, 30.8,N
01/21/2024,09:00,HAYSEN1_2, 25.76,N
01/21/2024,09:00,HAYSEN3_4, 26.41,N
01/21/2024,09:00,HB_BUSAVG, 26.16,N
01/21/2024,09:00,HB_HOUSTON, 26.4,N
01/21/2024,09:00,HB_HUBAVG, 26.19,N
01/21/2024,09:00,HB_NORTH, 26.27,N
01/21/2024,09:00,HB_PAN, 22.43,N
01/21/2024,09:00,HB_SOUTH, 25.56,N
01/21/2024,09:00,HB_WEST, 26.51,N
01/21/2024,09:00,HELIOS_RN, 31.18,N
01/21/2024,09:00,HHGT_KENDAL, 25.15,N
01/21/2024,09:00,HHOLLW2_WND1, 26.19,N
01/21/2024,09:00,HHOLLW3_WND1, 26.19,N
01/21/2024,09:00,HHOLLW4_WND1, 26.19,N
01/21/2024,09:00,HICK_G1_G2, 25.69,N
01/21/2024,09:00,HI_LONEB_RN1, 25.84,N
01/21/2024,09:00,HI_LONE_ALL, 25.84,N
01/21/2024,09:00,HLSES_UNIT3, 26.27,N
01/21/2024,09:00,HLSES_UNIT4, 26.27,N
01/21/2024,09:00,HLSES_UNIT5, 26.27,N
01/21/2024,09:00,HMNG_ESS_RN, 26.23,N
01/21/2024,09:00,HOLCOMB_RN1, 27.57,N
01/21/2024,09:00,HOLSTEIN_ALL, 26.24,N
01/21/2024,09:00,HOL_ALL, 26.42,N
01/21/2024,09:00,HOPKNSLR_ALL, 26.26,N
01/21/2024,09:00,HORSCR_RN, 29.08,N
01/21/2024,09:00,HORSECRK_RN, 26.14,N
01/21/2024,09:00,HOUSEMTN_RN, 41.78,N
01/21/2024,09:00,HOVEY_GEN, 28.1,N
01/21/2024,09:00,HRBESS_BESS, 29.1,N
01/21/2024,09:00,HRFDWIND_ALL, 21.93,N
01/21/2024,09:00,HRZN_SLR_UN1, 28.6,N
01/21/2024,09:00,HWF_HWFG1, 26.27,N
01/21/2024,09:00,HYDR_ESS_RN, 28.12,N
01/21/2024,09:00,H_HOLLO_WND1, 26.19,N
01/21/2024,09:00,IMP_RN1, 26.26,N
01/21/2024,09:00,INDNENR_1_RN, 29.85,N
01/21/2024,09:00,INDNENR_2_RN, 29.48,N
01/21/2024,09:00,INDNNWP_RN, 29.63,N
01/21/2024,09:00,IND_INADALE1, 26.48,N
01/21/2024,09:00,INGLCOSW_CC1, 26.52,N
01/21/2024,09:00,INGLCOSW_STG, 26.52,N
01/21/2024,09:00,INGLCOS_CTG1, 26.52,N
01/21/2024,09:00,INGLCOS_CTG2, 26.52,N
01/21/2024,09:00,INGLCO_PUN1, 26.52,N
01/21/2024,09:00,INGLCO_PUN2, 26.52,N
01/21/2024,09:00,INGLCO_PUN3, 26.52,N
01/21/2024,09:00,INKS_INKS_G1, 37.11,N
01/21/2024,09:00,INRT_W_ALL, 26.17,N
01/21/2024,09:00,JACKCNTY_CC1, 26.28,N
01/21/2024,09:00,JACKCNTY_CT1, 26.28,N
01/21/2024,09:00,JACKCNTY_CT2, 26.28,N
01/21/2024,09:00,JACKCNTY_STG, 26.28,N
01/21/2024,09:00,JADE_SLR_ALL, 26.28,N
01/21/2024,09:00,JAY_RN_1, 26.41,N
01/21/2024,09:00,JCKCNTY2_CC1, 26.21,N
01/21/2024,09:00,JCKCNTY2_CT3, 26.21,N
01/21/2024,09:00,JCKCNTY2_CT4, 26.21,N
01/21/2024,09:00,JCKCNTY2_ST2, 26.21,N
01/21/2024,09:00,JC_BAT_RN, 26.22,N
01/21/2024,09:00,JDKNS_RN, 27.64,N
01/21/2024,09:00,JUNCTION_RN, 34.68,N
01/21/2024,09:00,JUNO_ALL, 27.12,N
01/21/2024,09:00,KARAKAW1_1, 26.43,N
01/21/2024,09:00,KARAKAW2_1, 26.43,N
01/21/2024,09:00,KEECHI_U1, 26.28,N
01/21/2024,09:00,KELAMSL_U1, 26.29,N
01/21/2024,09:00,KEO_KEO_SM1, 29.08,N
01/21/2024,09:00,KINGE_ALL, 29.1,N
01/21/2024,09:00,KINGW_ALL, 28.97,N
01/21/2024,09:00,KMCHI_CC1, 26.26,N
01/21/2024,09:00,KMCHI_CC2, 26.26,N
01/21/2024,09:00,LACY_CRK_ALL, 26.65,N
01/21/2024,09:00,LAMESASLR_G, 27.07,N
01/21/2024,09:00,LAPETUS_U1, 27.5,N
01/21/2024,09:00,LARDVFTN_G4, 26.7,N
01/21/2024,09:00,LARDVFTN_G5, 26.7,N
01/21/2024,09:00,LASSO_GEN, 41.78,N
01/21/2024,09:00,LBRA_BES1, 26.5,N
01/21/2024,09:00,LEG_LEG_G1, 26.33,N
01/21/2024,09:00,LEG_LEG_G2, 26.33,N
01/21/2024,09:00,LEONLCPCT1_2, 34.72,N
01/21/2024,09:00,LEONLCPCT3_4, 34.72,N
01/21/2024,09:00,LFSTH_RN, 26.29,N
01/21/2024,09:00,LGDRAW_S_ALL, 27.12,N
01/21/2024,09:00,LGD_LANGFORD, 27.43,N
01/21/2024,09:00,LGE_CC1, 26.52,N
01/21/2024,09:00,LGE_LGE_GT1, 26.52,N
01/21/2024,09:00,LGE_LGE_GT2, 26.52,N
01/21/2024,09:00,LGE_LGE_STG, 26.52,N
01/21/2024,09:00,LGE_PUN1, 26.52,N
01/21/2024,09:00,LGE_PUN2, 26.52,N
01/21/2024,09:00,LGW_UNIT_ALL, 26.22,N
01/21/2024,09:00,LHM_CVC_G4, 26.4,N
01/21/2024,09:00,LHM_PUN1, 26.4,N
01/21/2024,09:00,LHM_PUN2, 26.4,N
01/21/2024,09:00,LHORN_N_U1_2, 22.07,N
01/21/2024,09:00,LHSES_UNIT1, 26.27,N
01/21/2024,09:00,LHSES_UNIT2, 26.27,N
01/21/2024,09:00,LIG_RN, 26.4,N
01/21/2024,09:00,LILY_RN, 26.27,N
01/21/2024,09:00,LMAJADAS_ALL, 19.79,N
01/21/2024,09:00,LMO_ESR_RN, 26.36,N
01/21/2024,09:00,LNCRK_ALL, 26.28,N
01/21/2024,09:00,LONESTAR_RN, 27.81,N
01/21/2024,09:00,LONEWOLF_ALL, 26.51,N
01/21/2024,09:00,LON_RN1, 26.46,N
01/21/2024,09:00,LOSTPI_CC1, 26.47,N
01/21/2024,09:00,LOS_LOSTPGT1, 26.47,N
01/21/2024,09:00,LOS_LOSTPGT2, 26.47,N
01/21/2024,09:00,LOS_LOSTPST1, 26.47,N
01/21/2024,09:00,LPCCS_CC1, 26.26,N
01/21/2024,09:00,LPCCS_CC2, 26.26,N
01/21/2024,09:00,LPCCS_CT11, 26.26,N
01/21/2024,09:00,LPCCS_CT12, 26.26,N
01/21/2024,09:00,LPCCS_CT21, 26.26,N
01/21/2024,09:00,LPCCS_CT22, 26.26,N
01/21/2024,09:00,LPCCS_UNIT1, 26.26,N
01/21/2024,09:00,LPCCS_UNIT2, 26.26,N
01/21/2024,09:00,LV1A_LV1B, 19.79,N
01/21/2024,09:00,LV3_RN, 26.59,N
01/21/2024,09:00,LV3_UNIT1, 26.6,N
01/21/2024,09:00,LV4_UNIT_1, 26.6,N
01/21/2024,09:00,LV5_UNIT1, 19.87,N
01/21/2024,09:00,LZ_AEN, 26.48,N
01/21/2024,09:00,LZ_CPS, 30.62,N
01/21/2024,09:00,LZ_HOUSTON, 26.41,N
01/21/2024,09:00,LZ_LCRA, 26.66,N
01/21/2024,09:00,LZ_NORTH, 26.28,N
01/21/2024,09:00,LZ_RAYBN, 26.27,N
01/21/2024,09:00,LZ_SOUTH, 25.79,N
01/21/2024,09:00,LZ_WEST, 27.63,N
01/21/2024,09:00,L_FRE_ESR_RN, 19.8,N
01/21/2024,09:00,MADERO_RN, 19.83,N
01/21/2024,09:00,MAINLAND_RN, 26.41,N
01/21/2024,09:00,MARBFA, 26.2,N
01/21/2024,09:00,MARIAH_ALL, 21.93,N
01/21/2024,09:00,MAR_MARSFOG1, 26.48,N
01/21/2024,09:00,MAR_MARSFOG2, 26.48,N
01/21/2024,09:00,MAR_MARSFOG3, 26.48,N
01/21/2024,09:00,MASSENGL_CC1, 23.39,N
01/21/2024,09:00,MASSENGL_G6, 25.26,N
01/21/2024,09:00,MASSENGL_G7, 25.26,N
01/21/2024,09:00,MASSENGL_G8, 21.62,N
01/21/2024,09:00,MAVCRK_W_ALL, 25.87,N
01/21/2024,09:00,MCDLD_FCSBW1, 26.79,N
01/21/2024,09:00,MCLNSLR_RN, 29.52,N
01/21/2024,09:00,MCSES_UNIT6, 26.27,N
01/21/2024,09:00,MCSES_UNIT7, 26.27,N
01/21/2024,09:00,MCSES_UNIT8, 26.27,N
01/21/2024,09:00,MDANP_CT1_2, 26.27,N
01/21/2024,09:00,MDANP_CT3_4, 26.26,N
01/21/2024,09:00,MDANP_CT5_6, 26.27,N
01/21/2024,09:00,MERCURY_ALL, 26.29,N
01/21/2024,09:00,MESQCRK_ALL, 27.12,N
01/21/2024,09:00,MESTENO_RN, 26.6,N
01/21/2024,09:00,MGSES_CT123, 26.58,N
01/21/2024,09:00,MGSES_CT456, 26.58,N
01/21/2024,09:00,MIAM1_G1_G2, 22.17,N
01/21/2024,09:00,MIDWY_RN, 27.65,N
01/21/2024,09:00,MIL_MILG1_2, 26.29,N
01/21/2024,09:00,MIL_MILG345, 26.29,N
01/21/2024,09:00,MIRAGE_G1, 26.41,N
01/21/2024,09:00,MIRASOLE_GEN, 26.59,N
01/21/2024,09:00,MISAE_GEN_RN, 22.39,N
01/21/2024,09:00,MLSES_UNIT1, 26.28,N
01/21/2024,09:00,MLSES_UNIT2, 26.28,N
01/21/2024,09:00,MLSES_UNIT3, 26.28,N
01/21/2024,09:00,MNWL_BESS_RN, 26.28,N
01/21/2024,09:00,MOZART_WIND1, 26.53,N
01/21/2024,09:00,MUSTNGCK_ALL, 26.81,N
01/21/2024,09:00,MV_VALV4_RN, 19.82,N
01/21/2024,09:00,MWEC_G1, 26.36,N
01/21/2024,09:00,MYRY_ESR_RN, 19.83,N
01/21/2024,09:00,MYR_ALL, 26.47,N
01/21/2024,09:00,NACPW_UNIT1, 26.29,N
01/21/2024,09:00,NBOHR_RN, 26.68,N
01/21/2024,09:00,NCARBIDEG8, 26.53,N
01/21/2024,09:00,NCARBIDE_1_7, 26.53,N
01/21/2024,09:00,NCARBID_PUN1, 26.53,N
01/21/2024,09:00,NCARBID_PUN2, 26.53,N
01/21/2024,09:00,NCO_RN, 26.55,N
01/21/2024,09:00,NEBULA_RN, 19.8,N
01/21/2024,09:00,NEDIN_CC1, 17.99,N
01/21/2024,09:00,NED_NEDIN_G1, 19.82,N
01/21/2024,09:00,NED_NEDIN_G2, 19.82,N
01/21/2024,09:00,NED_NEDIN_G3, 14.47,N
01/21/2024,09:00,NF_BRP_RN, 26.39,N
01/21/2024,09:00,NOBLESLR_ALL, 26.23,N
01/21/2024,09:00,NOVA1SLR_ALL, 26.07,N
01/21/2024,09:00,NOVA2S_UNIT1, 26.07,N
01/21/2024,09:00,NUECES_B_CC1, 26.52,N
01/21/2024,09:00,NUE_NUECESG7, 26.52,N
01/21/2024,09:00,NUE_NUECESG8, 26.52,N
01/21/2024,09:00,NUE_NUECESG9, 26.52,N
01/21/2024,09:00,NWF_NWF1, 27.56,N
01/21/2024,09:00,N_AL_BESS_RN, 19.82,N
01/21/2024,09:00,N_MRD_ESR_RN, 19.81,N
01/21/2024,09:00,OBERON_U1, 27.63,N
01/21/2024,09:00,ODESW_RN, 27.58,N
01/21/2024,09:00,OECCS_1, 27.56,N
01/21/2024,09:00,OECCS_2, 27.56,N
01/21/2024,09:00,OECCS_CC1, 27.56,N
01/21/2024,09:00,OECCS_CC2, 27.56,N
01/21/2024,09:00,OGSES_1, 26.35,N
01/21/2024,09:00,OGSES_2, 26.35,N
01/21/2024,09:00,OLIN_OLING_1, 26.26,N
01/21/2024,09:00,OLIN_OLING_2, 26.26,N
01/21/2024,09:00,OLIN_OLING_3, 26.26,N
01/21/2024,09:00,OLIN_OLING_4, 26.26,N
01/21/2024,09:00,OLNEYTN_RN, 26.2,N
01/21/2024,09:00,OR_BESS_RN, 26.44,N
01/21/2024,09:00,OWF_OWF, 26.58,N
01/21/2024,09:00,OXY_OXY_CCG1, 26.52,N
01/21/2024,09:00,OXY_PUN1, 26.52,N
01/21/2024,09:00,OXY_PUN2, 26.52,N
01/21/2024,09:00,PALE_ESS_EN, 24.89,N
01/21/2024,09:00,PALMWI_UNIT1, 19.79,N
01/21/2024,09:00,PANDA_S_CC1, 26.26,N
01/21/2024,09:00,PANDA_S_CT1, 26.26,N
01/21/2024,09:00,PANDA_S_CT2, 26.26,N
01/21/2024,09:00,PANDA_S_ST1, 26.26,N
01/21/2024,09:00,PANDA_T1_CC1, 26.36,N
01/21/2024,09:00,PANDA_T1_CT1, 26.36,N
01/21/2024,09:00,PANDA_T1_CT2, 26.36,N
01/21/2024,09:00,PANDA_T1_ST1, 26.36,N
01/21/2024,09:00,PANDA_T2_CC1, 26.36,N
01/21/2024,09:00,PANDA_T2_CT1, 26.36,N
01/21/2024,09:00,PANDA_T2_CT2, 26.36,N
01/21/2024,09:00,PANDA_T2_ST1, 26.36,N
01/21/2024,09:00,PAP1_PAP1, 26.52,N
01/21/2024,09:00,PAULN_RN, 26.29,N
01/21/2024,09:00,PAVLOV_BT_RN, 28.41,N
01/21/2024,09:00,PAVO_ESS_ALL, 29.08,N
01/21/2024,09:00,PB2SES_CT1, 27.73,N
01/21/2024,09:00,PB2SES_CT2, 27.73,N
01/21/2024,09:00,PB2SES_CT3, 27.73,N
01/21/2024,09:00,PB2SES_CT4, 27.73,N
01/21/2024,09:00,PB2SES_CT5, 27.73,N
01/21/2024,09:00,PC_NORTH_1, 26.82,N
01/21/2024,09:00,PC_SOUTH_ALL, 26.82,N
01/21/2024,09:00,PEARSA_1_24, 28.6,N
01/21/2024,09:00,PENA_ALL, 26.53,N
01/21/2024,09:00,PES1_RN, 26.42,N
01/21/2024,09:00,PEY_RN, 26.41,N
01/21/2024,09:00,PH1_UNIT1_2, 22.13,N
01/21/2024,09:00,PH2_U1_U2, 22.13,N
01/21/2024,09:00,PHILLWND_ALL, 26.32,N
01/21/2024,09:00,PHOEBE_ALL, 27.67,N
01/21/2024,09:00,PHOENIX_RN, 26.26,N
01/21/2024,09:00,PHO_ALL, 26.42,N
01/21/2024,09:00,PIONR_DJ_RN, 27.58,N
01/21/2024,09:00,PISG_RN_ALL, 26.3,N
01/21/2024,09:00,PITSDD_UNIT1, 26.27,N
01/21/2024,09:00,PLN_ALL, 26.42,N
01/21/2024,09:00,PNPI_GT2_RN, 26.44,N
01/21/2024,09:00,PORTSL_UNIT1, 26.23,N
01/21/2024,09:00,POTSVIL_RN, 27.97,N
01/21/2024,09:00,PRID_RN, 26.17,N
01/21/2024,09:00,PROSPERO_ALL, 27.48,N
01/21/2024,09:00,PRO_RN, 26.42,N
01/21/2024,09:00,PRSPERO2_ALL, 27.48,N
01/21/2024,09:00,PR_PR_ALL, 26.4,N
01/21/2024,09:00,PR_PR_G2, 26.4,N
01/21/2024,09:00,PSA_CC1, 26.4,N
01/21/2024,09:00,PSA_PSA_G1, 26.4,N
01/21/2024,09:00,PSA_PSA_G2, 26.4,N
01/21/2024,09:00,PSA_PSA_G3, 26.4,N
01/21/2024,09:00,PSA_PSA_G4, 26.4,N
01/21/2024,09:00,PSA_PSA_G5, 26.4,N
01/21/2024,09:00,PSA_PSA_G6, 26.4,N
01/21/2024,09:00,PSA_PSA_G7, 26.4,N
01/21/2024,09:00,PSA_PUN1, 26.4,N
01/21/2024,09:00,PSA_PUN2, 26.4,N
01/21/2024,09:00,PSA_PUN3, 26.4,N
01/21/2024,09:00,PSA_PUN4, 26.4,N
01/21/2024,09:00,PSA_PUN5, 26.4,N
01/21/2024,09:00,PSG_CC1, 26.4,N
01/21/2024,09:00,PSG_PSG_GT2, 26.4,N
01/21/2024,09:00,PSG_PSG_GT3, 26.4,N
01/21/2024,09:00,PSG_PSG_ST1, 26.4,N
01/21/2024,09:00,PTLBES_BESS1, 26.53,N
01/21/2024,09:00,PYR_PYRON1, 26.48,N
01/21/2024,09:00,QALSW_ALL, 27.55,N
01/21/2024,09:00,QALSW_CC1, 27.55,N
01/21/2024,09:00,QALSW_CC2, 27.55,N
01/21/2024,09:00,QUEEN_BA_RN, 28.34,N
01/21/2024,09:00,QUEEN_SL_RN, 28.34,N
01/21/2024,09:00,RAB_G1-8, 26.41,N
01/21/2024,09:00,RADN_SLR_ALL, 26.08,N
01/21/2024,09:00,RAMBLER_UNIT, 25.57,N
01/21/2024,09:00,RANCHERO_ALL, 25.74,N
01/21/2024,09:00,RAT_RN_1, 26.09,N
01/21/2024,09:00,RAYBURN_CC1, 26.59,N
01/21/2024,09:00,RAYB_G78910, 26.59,N
01/21/2024,09:00,RBN_BESS1, 26.44,N
01/21/2024,09:00,RDCAN_RDCNY1, 26.44,N
01/21/2024,09:00,REDBARN_RN, 28.33,N
01/21/2024,09:00,REDFISH_ALL, 19.79,N
01/21/2024,09:00,REDGATE_ALL, 19.82,N
01/21/2024,09:00,REDGATE_RN, 19.82,N
01/21/2024,09:00,RELOJ_ALL, 26.64,N
01/21/2024,09:00,REROCK_ALL, 28.1,N
01/21/2024,09:00,RHESS2_ESS1, 26.42,N
01/21/2024,09:00,RIGGIN_UNIT1, 28.86,N
01/21/2024,09:00,RIOG_ESR_RN, 19.88,N
01/21/2024,09:00,RIONOG_CC1, 26.55,N
01/21/2024,09:00,RIONOG_CT1, 26.55,N
01/21/2024,09:00,RIONOG_CT2, 26.55,N
01/21/2024,09:00,RIONOG_CT3, 26.55,N
01/21/2024,09:00,RIONOG_ST1, 26.55,N
01/21/2024,09:00,RIPPEY_ALL, 26.25,N
01/21/2024,09:00,RN_APOGEE, 26.17,N
01/21/2024,09:00,RN_BYU_G8, 26.41,N
01/21/2024,09:00,RN_DEC_AGR_A, 26.25,N
01/21/2024,09:00,RN_DEC_AGR_B, 26.25,N
01/21/2024,09:00,RN_DEC_AGR_C, 26.25,N
01/21/2024,09:00,RN_DEC_AGR_D, 26.25,N
01/21/2024,09:00,RN_ECEC_HOLT, 27.56,N
01/21/2024,09:00,RN_OCI_ALAMO, 33.57,N
01/21/2024,09:00,RN_RTS1, 25.97,N
01/21/2024,09:00,RN_SR_WIND1, 19.8,N
01/21/2024,09:00,RN_TOSBATT, 26.62,N
01/21/2024,09:00,ROSELAND_ALL, 26.32,N
01/21/2024,09:00,ROUTE66_RN, 22.09,N
01/21/2024,09:00,ROW_ALL, 26.41,N
01/21/2024,09:00,RPUBRDS_RN, 26.37,N
01/21/2024,09:00,RRANCHES_ALL, 27.87,N
01/21/2024,09:00,RRC_WIND_ALL, 26.29,N
01/21/2024,09:00,RSK_RN, 26.68,N
01/21/2024,09:00,RTLSNAKE_BT, 27.83,N
01/21/2024,09:00,RUSSEKST_RN, 41.63,N
01/21/2024,09:00,RVRVLYS_ALL, 26.43,N
01/21/2024,09:00,SADLBACK_RN, 27.96,N
01/21/2024,09:00,SALVTION_GEN, 26.14,N
01/21/2024,09:00,SAMSON_ALL, 26.26,N
01/21/2024,09:00,SANDHSYD1_2, 26.49,N
01/21/2024,09:00,SANDHSYD3_4, 26.49,N
01/21/2024,09:00,SANDHSYD6_7, 26.49,N
01/21/2024,09:00,SANDHSYD_5AC, 26.49,N
01/21/2024,09:00,SANDHSYD_CC1, 26.49,N
01/21/2024,09:00,SANTACRU_ALL, 26.51,N
01/21/2024,09:00,SAN_SANMIGG1, 26.59,N
01/21/2024,09:00,SBEAN_BESS, 27.82,N
01/21/2024,09:00,SBE_RN_1, 26.45,N
01/21/2024,09:00,SC2SES_UNIT1, 26.29,N
01/21/2024,09:00,SCES_UNIT1, 26.32,N
01/21/2024,09:00,SCLP_PUN1, 26.55,N
01/21/2024,09:00,SCLP_PUN2, 26.55,N
01/21/2024,09:00,SCLP_PUN3, 26.55,N
01/21/2024,09:00,SCLP_PUN4, 26.55,N
01/21/2024,09:00,SCLP_SCLPC_1, 26.55,N
01/21/2024,09:00,SCLP_SCLPC_2, 26.55,N
01/21/2024,09:00,SCLP_SCLPC_3, 26.55,N
01/21/2024,09:00,SCLP_SCLPC_4, 26.55,N
01/21/2024,09:00,SCSES_UNIT2, 26.29,N
01/21/2024,09:00,SDSES_PUN1, 26.41,N
01/21/2024,09:00,SDSES_PUN3, 26.41,N
01/21/2024,09:00,SENATEWD_1, 26.22,N
01/21/2024,09:00,SGM_SIGNALMT, 26.64,N
01/21/2024,09:00,SGSA_DGR, 28.1,N
01/21/2024,09:00,SG_BES_BESS1, 28.86,N
01/21/2024,09:00,SHAFFER_ALL, 26.51,N
01/21/2024,09:00,SHAMROCK_RN, 25.72,N
01/21/2024,09:00,SHANNONW_RN, 26.17,N
01/21/2024,09:00,SHEEPCRK_1, 26.29,N
01/21/2024,09:00,SILASRAY_CC1, 19.8,N
01/21/2024,09:00,SIL_SILAS_10, 19.8,N
01/21/2024,09:00,SIL_SILAS_6, 19.8,N
01/21/2024,09:00,SIL_SILAS_9, 19.8,N
01/21/2024,09:00,SIRIUS_UNIT1, 29.42,N
01/21/2024,09:00,SJS_SJS_G1, 26.4,N
01/21/2024,09:00,SJS_SJS_G2, 26.4,N
01/21/2024,09:00,SKY1, 26.55,N
01/21/2024,09:00,SLCN_ESS_ALL, 26.44,N
01/21/2024,09:00,SLTFRK_UN1_2, 22.17,N
01/21/2024,09:00,SL_PUN1, 26.4,N
01/21/2024,09:00,SL_PUN2, 26.4,N
01/21/2024,09:00,SNY_BESS_RN, 26.52,N
01/21/2024,09:00,SOLARA_UNIT1, 26.27,N
01/21/2024,09:00,SPARTA_ALL, 26.33,N
01/21/2024,09:00,SPLAIN1_RN, 22.06,N
01/21/2024,09:00,SPLAIN2_RN, 22.06,N
01/21/2024,09:00,SPNC_SPNCE_4, 26.25,N
01/21/2024,09:00,SPNC_SPNCE_5, 26.25,N
01/21/2024,09:00,SPTX12B_RN, 28.95,N
01/21/2024,09:00,SROSA_ESR_RN, 19.8,N
01/21/2024,09:00,SRWE1_UNIT1, 27.12,N
01/21/2024,09:00,SSPURT_WIND1, 22.01,N
01/21/2024,09:00,STAM_SLR_ALL, 26.26,N
01/21/2024,09:00,STEAM_ENG123, 26.26,N
01/21/2024,09:00,STEA_STEAM_1, 26.26,N
01/21/2024,09:00,STEA_STEAM_2, 26.26,N
01/21/2024,09:00,STEA_STEAM_3, 26.26,N
01/21/2024,09:00,STELLA_RN, 26.53,N
01/21/2024,09:00,STP_STP_G1, 26.41,N
01/21/2024,09:00,STP_STP_G2, 26.41,N
01/21/2024,09:00,STRATEGC_RN, 26.29,N
01/21/2024,09:00,STWF_T1, 26.4,N
01/21/2024,09:00,SUNVASLR_ALL, 26.3,N
01/21/2024,09:00,SWEC_G1, 27.42,N
01/21/2024,09:00,SWEETWN2_2_4, 26.42,N
01/21/2024,09:00,SWEETWN3_3, 26.42,N
01/21/2024,09:00,SWEETWND_1, 26.42,N
01/21/2024,09:00,SWOOSE1_U1, 27.79,N
01/21/2024,09:00,SWOOSEII_RN, 27.79,N
01/21/2024,09:00,SWTWN4_WND45, 26.42,N
01/21/2024,09:00,SWT_BESS_RN, 26.46,N
01/21/2024,09:00,S_HILLS_RN, 26.18,N
01/21/2024,09:00,TAHOKA_ALL, 27.82,N
01/21/2024,09:00,TAV_RN, 26.44,N
01/21/2024,09:00,TAYGETE2_ALL, 28.16,N
01/21/2024,09:00,TAYGETE_ALL, 28.16,N
01/21/2024,09:00,TBWF_ES_BES1, 28.97,N
01/21/2024,09:00,TC_PUN1, 26.41,N
01/21/2024,09:00,TC_PUN2, 26.41,N
01/21/2024,09:00,TC_TCHP1, 26.41,N
01/21/2024,09:00,TEN_CC1, 26.39,N
01/21/2024,09:00,TEN_CT1_STG, 26.39,N
01/21/2024,09:00,TGCCS_ALL, 26.28,N
01/21/2024,09:00,TGCCS_CC1, 26.28,N
01/21/2024,09:00,TGF_TGFGT, 26.95,N
01/21/2024,09:00,TGS_GT01, 26.95,N
01/21/2024,09:00,TGW_T1_T2, 26.53,N
01/21/2024,09:00,THW_1_CCU, 26.4,N
01/21/2024,09:00,THW_2_CCU, 26.4,N
01/21/2024,09:00,THW_CC1, 26.4,N
01/21/2024,09:00,THW_CC2, 26.4,N
01/21/2024,09:00,THW_THWGT5X, 26.39,N
01/21/2024,09:00,THW_THWGT_1, 26.4,N
01/21/2024,09:00,TI_SOLAR_ALL, 27.84,N
01/21/2024,09:00,TKWSW_CHAMP, 26.48,N
01/21/2024,09:00,TKWSW_ROSCOE, 26.48,N
01/21/2024,09:00,TNP_TNP_O_1, 26.35,N
01/21/2024,09:00,TNP_TNP_O_2, 26.35,N
01/21/2024,09:00,TNSKA_CC1, 26.26,N
01/21/2024,09:00,TNSKA_CCU, 26.26,N
01/21/2024,09:00,TOPAZ_ALL, 26.41,N
01/21/2024,09:00,TORR_ALL, 26.66,N
01/21/2024,09:00,TORT_ESS_RN, 26.41,N
01/21/2024,09:00,TOYAH_RN, 28.1,N
01/21/2024,09:00,TREB_SOLAR1, 26.47,N
01/21/2024,09:00,TRENT_TRENT, 26.4,N
01/21/2024,09:00,TRINITY_ALL, 26.19,N
01/21/2024,09:00,TRIPBUT1_RN, 39.16,N
01/21/2024,09:00,TRSES_UNIT6, 26.29,N
01/21/2024,09:00,TRUENO_ALL, 19.79,N
01/21/2024,09:00,TRUSGILL_RN, 26.11,N
01/21/2024,09:00,TTRSW_RN, 26.26,N
01/21/2024,09:00,TTWEC_G1, 26.09,N
01/21/2024,09:00,TURQ_BESS1, 26.26,N
01/21/2024,09:00,TV_RN, 26.44,N
01/21/2024,09:00,TXCTY_CC1, 26.41,N
01/21/2024,09:00,TXCTY_CTA, 26.41,N
01/21/2024,09:00,TXCTY_CTB, 26.41,N
01/21/2024,09:00,TXCTY_CTC, 26.41,N
01/21/2024,09:00,TXCTY_ST, 26.41,N
01/21/2024,09:00,TYLRWIND_RN, 26.25,N
01/21/2024,09:00,T_CK_GT2_RN, 29.88,N
01/21/2024,09:00,T_CK_GT3_RN, 29.88,N
01/21/2024,09:00,UCC_COG_PUN2, 26.41,N
01/21/2024,09:00,UCC_UCC_C_2, 26.41,N
01/21/2024,09:00,VANCOURT_RN, 19.8,N
01/21/2024,09:00,VENADO_ALL, 27,N
01/21/2024,09:00,VERAWIND_ALL, 26.11,N
01/21/2024,09:00,VERTIGO_UN1, 26.12,N
01/21/2024,09:00,VICTORIA_CC1, 26.57,N
01/21/2024,09:00,VICTPORT_RN, 26.55,N
01/21/2024,09:00,VIC_VICTORG5, 26.57,N
01/21/2024,09:00,VIC_VICTORG6, 26.57,N
01/21/2024,09:00,VISION_RN, 26.29,N
01/21/2024,09:00,VLSES_UNIT3, 26.26,N
01/21/2024,09:00,VORT_ALL_RN, 26.21,N
01/21/2024,09:00,WAKEWE_ALL, 25.81,N
01/21/2024,09:00,WAP_WAPGT_1, 26.44,N
01/21/2024,09:00,WAP_WAP_G1, 26.44,N
01/21/2024,09:00,WAP_WAP_G2, 26.44,N
01/21/2024,09:00,WAP_WAP_G3, 26.44,N
01/21/2024,09:00,WAP_WAP_G4, 26.44,N
01/21/2024,09:00,WAP_WAP_G5, 26.44,N
01/21/2024,09:00,WAP_WAP_G6, 26.41,N
01/21/2024,09:00,WAP_WAP_G7, 26.41,N
01/21/2024,09:00,WAP_WAP_G8, 26.41,N
01/21/2024,09:00,WAYMARK_RN, 28.33,N
01/21/2024,09:00,WCPP_CC1, 26.21,N
01/21/2024,09:00,WCPP_CT1, 26.21,N
01/21/2024,09:00,WCPP_CT2, 26.21,N
01/21/2024,09:00,WCPP_ST1, 26.21,N
01/21/2024,09:00,WEBBER_WS_T1, 26.47,N
01/21/2024,09:00,WEC_WECG1, 26.22,N
01/21/2024,09:00,WES_ALL, 26.54,N
01/21/2024,09:00,WFCOGEN_13, 26.14,N
01/21/2024,09:00,WFCOGEN_24, 26.14,N
01/21/2024,09:00,WFCOGEN_CC1, 26.14,N
01/21/2024,09:00,WFTANK_ESS1, 26.67,N
01/21/2024,09:00,WGU_RN, 26.52,N
01/21/2024,09:00,WHCCS2_4, 26.24,N
01/21/2024,09:00,WHCCS2_5_6, 26.24,N
01/21/2024,09:00,WHCCS2_CC2, 26.24,N
01/21/2024,09:00,WHCCS_CC1, 26.24,N
01/21/2024,09:00,WHCCS_CT1_ST, 26.24,N
01/21/2024,09:00,WHCCS_CT2, 26.24,N
01/21/2024,09:00,WHITE_PT_UN1, 26.51,N
01/21/2024,09:00,WHMESA_U1, 25.69,N
01/21/2024,09:00,WHTTAIL_WR1, 26.25,N
01/21/2024,09:00,WH_WIND_ALL, 26.47,N
01/21/2024,09:00,WILDWIND_ALL, 26.23,N
01/21/2024,09:00,WIPOPA_1_2, 26.49,N
01/21/2024,09:00,WIPOPA_3_4, 26.49,N
01/21/2024,09:00,WIR_WIRTZ_G1, 26.21,N
01/21/2024,09:00,WIR_WIRTZ_G2, 26.21,N
01/21/2024,09:00,WLTC_ESR_RN, 26.52,N
01/21/2024,09:00,WL_RANCH_RN, 25.52,N
01/21/2024,09:00,WNDTS2_UNIT1, 26.2,N
01/21/2024,09:00,WND_WHITNEY, 26.26,N
01/21/2024,09:00,WOODWRD1_RN, 29.07,N
01/21/2024,09:00,WOODWRD2_RN, 29.07,N
01/21/2024,09:00,WOV_BESS_RN, 27.57,N
01/21/2024,09:00,WRSBES_BESS1, 27.87,N
01/21/2024,09:00,W_HRL_ESR_RN, 19.8,N
01/21/2024,09:00,W_PECO_UNIT1, 27.81,N
01/21/2024,09:00,X443ESRN, 36.85,N
01/21/2024,09:00,YNG_WND_ALL, 26.21,N
01/21/2024,09:00,ZIER_SLR_ALL, 30.69,N
01/21/2024,10:00,7RNCHSLR_ALL, 22.9,N
01/21/2024,10:00,AEEC, 21.59,N
01/21/2024,10:00,AGUAYO_UNIT1, 21.8,N
01/21/2024,10:00,AJAXWIND_RN, 21.78,N
01/21/2024,10:00,ALGOD_ALL_RN, 22.32,N
01/21/2024,10:00,ALVIN_RN, 22.46,N
01/21/2024,10:00,AMADEUS_ALL, 21.69,N
01/21/2024,10:00,AMISTAD_ALL, 22.47,N
01/21/2024,10:00,AMOCOOIL_CC1, 22.47,N
01/21/2024,10:00,AMOCOOIL_CC2, 22.47,N
01/21/2024,10:00,AMOCO_PUN1, 22.47,N
01/21/2024,10:00,AMOCO_PUN2, 22.47,N
01/21/2024,10:00,AMO_AMOCO_1, 22.47,N
01/21/2024,10:00,AMO_AMOCO_2, 22.47,N
01/21/2024,10:00,AMO_AMOCO_5, 22.47,N
01/21/2024,10:00,AMO_AMOCO_G1, 22.47,N
01/21/2024,10:00,AMO_AMOCO_G2, 22.47,N
01/21/2024,10:00,AMO_AMOCO_G3, 22.47,N
01/21/2024,10:00,AMO_AMOCO_S1, 22.47,N
01/21/2024,10:00,AMO_AMOCO_S2, 22.47,N
01/21/2024,10:00,ANACACHO_ANA, 22.68,N
01/21/2024,10:00,ANCHOR_ALL, 21.92,N
01/21/2024,10:00,ANDMDSLR_ALL, 21.66,N
01/21/2024,10:00,ANEM_ESS_RN, 22.39,N
01/21/2024,10:00,ANG_ALL, 20.95,N
01/21/2024,10:00,ANSON1_ALL, 21.71,N
01/21/2024,10:00,APPALOSA_ALL, 21.08,N
01/21/2024,10:00,AQUI_ALL, 22.14,N
01/21/2024,10:00,ARAGORN_RN, 21.14,N
01/21/2024,10:00,ASTRA_RN, 16.95,N
01/21/2024,10:00,ATK_ATKINSG7, 22.35,N
01/21/2024,10:00,AURO_SLR_RN, 22.36,N
01/21/2024,10:00,AUSTPL_ALL, 22.97,N
01/21/2024,10:00,AVIAT_ALL, 21.12,N
01/21/2024,10:00,AZURE_RN, 21.75,N
01/21/2024,10:00,AZ_ALL, 22.45,N
01/21/2024,10:00,BAC_RN_ALL, 22.47,N
01/21/2024,10:00,BAFFIN_ALL, 22.36,N
01/21/2024,10:00,BAIRDWND_ALL, 21.83,N
01/21/2024,10:00,BARROW_ALL, 21.23,N
01/21/2024,10:00,BASTEN_CC1, 22.83,N
01/21/2024,10:00,BASTEN_CCU, 22.83,N
01/21/2024,10:00,BATCAVE_RN, 25.41,N
01/21/2024,10:00,BAYC_BESS_RN, 27.09,N
01/21/2024,10:00,BBREEZE_1_2, 22.38,N
01/21/2024,10:00,BCATWD_WD_1, 21.83,N
01/21/2024,10:00,BCH_RN, 22.69,N
01/21/2024,10:00,BCK_RN, 22.44,N
01/21/2024,10:00,BELM_SLR_RN, 22.35,N
01/21/2024,10:00,BIGSTAR_ALL, 22.81,N
01/21/2024,10:00,BLACKJAK_RN, 22.35,N
01/21/2024,10:00,BLSMT1_5_A_6, 21.74,N
01/21/2024,10:00,BLUEJAY_RN, 22.34,N
01/21/2024,10:00,BOARDCRK_ALL, 22.15,N
01/21/2024,10:00,BOOTLEG_UN1, 20.95,N
01/21/2024,10:00,BORDAS_345, 22.42,N
01/21/2024,10:00,BOSQUESW_CC1, 22.3,N
01/21/2024,10:00,BOSQUESW_CC2, 22.28,N
01/21/2024,10:00,BOSQ_BSQSU_5, 22.28,N
01/21/2024,10:00,BOSQ_BSQS_12, 22.28,N
01/21/2024,10:00,BOSQ_BSQS_34, 22.3,N
01/21/2024,10:00,BRANDON_RN, 21.57,N
01/21/2024,10:00,BRAUNIG_CC1, 21.25,N
01/21/2024,10:00,BRAUNIG_VHB1, 24.55,N
01/21/2024,10:00,BRAUNIG_VHB2, 24.55,N
01/21/2024,10:00,BRAUNIG_VHB3, 24.99,N
01/21/2024,10:00,BRAZ_WND_ALL, 21.51,N
01/21/2024,10:00,BRA_AVR1_CT2, 21.25,N
01/21/2024,10:00,BRA_AVR_CST1, 21.25,N
01/21/2024,10:00,BRHEIGHT_RN, 22.47,N
01/21/2024,10:00,BRIGHTSD_RN, 22.53,N
01/21/2024,10:00,BRIGHTSD_U1, 22.56,N
01/21/2024,10:00,BRISCOE_WIND, 16.96,N
01/21/2024,10:00,BRPANGLE_RN, 22.89,N
01/21/2024,10:00,BRPMAGNO_RN, 22.47,N
01/21/2024,10:00,BRP_BRAZ_RN, 22.91,N
01/21/2024,10:00,BRP_DIKN_RN, 22.47,N
01/21/2024,10:00,BRP_LOOP_RN, 22.46,N
01/21/2024,10:00,BRP_LOP1_RN, 22.43,N
01/21/2024,10:00,BRP_PBL1_RN, 47.6,N
01/21/2024,10:00,BRP_PBL2_RN, 47.6,N
01/21/2024,10:00,BRP_RN_UNIT1, 23.12,N
01/21/2024,10:00,BRP_SEMI_RN, 22.47,N
01/21/2024,10:00,BRP_SWNY_RN, 22.92,N
01/21/2024,10:00,BRP_ZPT1_RN, 22.45,N
01/21/2024,10:00,BRP_ZPT2_RN, 22.45,N
01/21/2024,10:00,BRTSW_BCW1, 22.05,N
01/21/2024,10:00,BR_ARROW_ALL, 22.04,N
01/21/2024,10:00,BR_VHB6CT5_6, 24.55,N
01/21/2024,10:00,BR_VHB6CT7_8, 24.55,N
01/21/2024,10:00,BSS_U1, 22.94,N
01/21/2024,10:00,BTE_BTE_G1, 22.45,N
01/21/2024,10:00,BTE_BTE_G2, 22.45,N
01/21/2024,10:00,BTE_BTE_G3, 22.45,N
01/21/2024,10:00,BTE_BTE_G4, 22.45,N
01/21/2024,10:00,BTE_CC1, 22.45,N
01/21/2024,10:00,BTE_PUN1, 22.45,N
01/21/2024,10:00,BTE_PUN2, 22.45,N
01/21/2024,10:00,BTM_ALL, 22.66,N
01/21/2024,10:00,BUCHAN_ALL, 22.4,N
01/21/2024,10:00,BUCKTHRN_RN, 22.62,N
01/21/2024,10:00,BUFF_GAP_ALL, 21.39,N
01/21/2024,10:00,BULLCRK_1_2, 21.47,N
01/21/2024,10:00,BVE_CC1, 22.45,N
01/21/2024,10:00,BVE_UNIT1, 22.45,N
01/21/2024,10:00,BVE_UNIT2, 22.45,N
01/21/2024,10:00,BVE_UNIT3, 22.45,N
01/21/2024,10:00,BYRDR_ES_ALL, 22.92,N
01/21/2024,10:00,BYU_BYU_1, 22.46,N
01/21/2024,10:00,BYU_BYU_12, 22.46,N
01/21/2024,10:00,BYU_BYU_34, 22.46,N
01/21/2024,10:00,BYU_BYU_G8, 22.46,N
01/21/2024,10:00,BYU_CC1, 22.46,N
01/21/2024,10:00,BYU_G4_RN, 22.46,N
01/21/2024,10:00,BYU_PUN1, 22.46,N
01/21/2024,10:00,BYU_PUN2, 22.46,N
01/21/2024,10:00,BYU_PUN3, 22.46,N
01/21/2024,10:00,BYU_PUN4, 22.46,N
01/21/2024,10:00,B_DAVIS_3, 22.35,N
01/21/2024,10:00,B_DAVIS_4, 22.35,N
01/21/2024,10:00,B_DAVIS_CC1, 22.35,N
01/21/2024,10:00,B_D_B_DAVIG1, 22.35,N
01/21/2024,10:00,B_D_B_DAVIG2, 22.35,N
01/21/2024,10:00,CABEZON_ALL, 22.4,N
01/21/2024,10:00,CALAVER_JKS1, 21.75,N
01/21/2024,10:00,CALAVER_JKS2, 21.75,N
01/21/2024,10:00,CALAVER_JTD1, 24.39,N
01/21/2024,10:00,CALAVER_JTD2, 24.39,N
01/21/2024,10:00,CALAVER_OWS1, 24.67,N
01/21/2024,10:00,CALAVER_OWS2, 24.67,N
01/21/2024,10:00,CALHOUN_ALL, 22.09,N
01/21/2024,10:00,CALLAHA_WND1, 21.4,N
01/21/2024,10:00,CAL_CALGT1, 22.46,N
01/21/2024,10:00,CAL_CALSTG1, 22.46,N
01/21/2024,10:00,CAL_CC1, 22.46,N
01/21/2024,10:00,CAL_PUN1, 22.46,N
01/21/2024,10:00,CAL_PUN2, 22.46,N
01/21/2024,10:00,CAMWIND_RN, 19.97,N
01/21/2024,10:00,CANYONWD_ALL, 21.54,N
01/21/2024,10:00,CAPRIDG4_CR4, 21.12,N
01/21/2024,10:00,CAPRIDGE_ALL, 21.12,N
01/21/2024,10:00,CARBN_BSP_1, 21.35,N
01/21/2024,10:00,CASL_GAP_UN1, 21.09,N
01/21/2024,10:00,CATARINA_B1, 24.43,N
01/21/2024,10:00,CBECII_89, 22.43,N
01/21/2024,10:00,CBECII_CC3, 22.43,N
01/21/2024,10:00,CBECII_CT7, 22.43,N
01/21/2024,10:00,CBEC_ALL, 24.16,N
01/21/2024,10:00,CBEC_CC1, 24.16,N
01/21/2024,10:00,CBEC_CC2, 24.16,N
01/21/2024,10:00,CBY4_ALL, 22.45,N
01/21/2024,10:00,CBY4_CC1, 22.45,N
01/21/2024,10:00,CBY_CBY_G1, 22.45,N
01/21/2024,10:00,CBY_CBY_G2, 22.45,N
01/21/2024,10:00,CCEC_CC1, 22.36,N
01/21/2024,10:00,CCEC_GT1, 22.36,N
01/21/2024,10:00,CCEC_GT2, 22.36,N
01/21/2024,10:00,CCEC_PUN1, 22.36,N
01/21/2024,10:00,CCEC_PUN2, 22.36,N
01/21/2024,10:00,CCEC_ST1, 22.36,N
01/21/2024,10:00,CEDROHI_CHW1, 22.43,N
01/21/2024,10:00,CEDRVALE_RN, 21.13,N
01/21/2024,10:00,CFLATS_UNIT, 17.56,N
01/21/2024,10:00,CHALUP_ALL, 20,N
01/21/2024,10:00,CHAL_SLR_RN, 21.15,N
01/21/2024,10:00,CHAMON_UN1, 22.45,N
01/21/2024,10:00,CHAMON_UN2, 22.45,N
01/21/2024,10:00,CHEDPW_GT2, 22.44,N
01/21/2024,10:00,CHE_CC1, 22.44,N
01/21/2024,10:00,CHE_LYD, 22.45,N
01/21/2024,10:00,CHE_LYD2, 22.45,N
01/21/2024,10:00,CHE_PUN1, 22.45,N
01/21/2024,10:00,CHE_PUN2, 22.45,N
01/21/2024,10:00,CHISMGRD_RN, 21.98,N
01/21/2024,10:00,CISC_RN, 22.07,N
01/21/2024,10:00,CITYVICT_ALL, 22.43,N
01/21/2024,10:00,CN_BRKS_UNT1, 16.96,N
01/21/2024,10:00,COL_COLETOG1, 22.42,N
01/21/2024,10:00,CONIGLIO_RN, 22.03,N
01/21/2024,10:00,CONTINEN_RN, 20.02,N
01/21/2024,10:00,CORALSLR_ALL, 22.27,N
01/21/2024,10:00,CORAZON_RN, 22.43,N
01/21/2024,10:00,COTPLNS_RN, 16.95,N
01/21/2024,10:00,COTTON_PAP2, 22.35,N
01/21/2024,10:00,COYOTSPR_RN, 21.13,N
01/21/2024,10:00,CPSES_UNIT1, 21.99,N
01/21/2024,10:00,CPSES_UNIT2, 21.99,N
01/21/2024,10:00,CRANELL_ALL, 22.35,N
01/21/2024,10:00,CROSSETT_ALL, 21.1,N
01/21/2024,10:00,CRWN_SLR_UN1, 22.3,N
01/21/2024,10:00,CSC_CSECG1_2, 21.52,N
01/21/2024,10:00,CVC_CC1, 22.44,N
01/21/2024,10:00,CVC_CVCG1_5, 22.44,N
01/21/2024,10:00,CVC_CVC_G2, 22.44,N
01/21/2024,10:00,CVC_CVC_G3, 22.44,N
01/21/2024,10:00,DAG_ALL, 23.22,N
01/21/2024,10:00,DANSBY_ALL, 22.35,N
01/21/2024,10:00,DAN_ALL, 22.35,N
01/21/2024,10:00,DA_BESS, 22.89,N
01/21/2024,10:00,DC2SES_ALL, 22.06,N
01/21/2024,10:00,DC_E, 22.04,N
01/21/2024,10:00,DC_L, 22.44,N
01/21/2024,10:00,DC_N, 21.76,N
01/21/2024,10:00,DC_R, 20.01,N
01/21/2024,10:00,DDPEC_CC1, 22.45,N
01/21/2024,10:00,DDPEC_GT1, 22.45,N
01/21/2024,10:00,DDPEC_GT2, 22.45,N
01/21/2024,10:00,DDPEC_GT3, 22.45,N
01/21/2024,10:00,DDPEC_GT4, 22.45,N
01/21/2024,10:00,DDPEC_GT6, 22.45,N
01/21/2024,10:00,DDPEC_ST1, 22.45,N
01/21/2024,10:00,DECKER_DPG2, 22.91,N
01/21/2024,10:00,DECKER_GT, 22.91,N
01/21/2024,10:00,DENISON_G1_2, 22.02,N
01/21/2024,10:00,DERMOTT_ALL, 21.61,N
01/21/2024,10:00,DIBOL_RN, 22.12,N
01/21/2024,10:00,DIB_CC1, 22.46,N
01/21/2024,10:00,DIB_DIB_G1, 22.46,N
01/21/2024,10:00,DIB_DIB_G2, 22.46,N
01/21/2024,10:00,DIB_DIB_G3, 22.46,N
01/21/2024,10:00,DIB_DIB_G4, 22.46,N
01/21/2024,10:00,DIB_PUN1, 22.46,N
01/21/2024,10:00,DIB_PUN2, 22.46,N
01/21/2024,10:00,DILEOS_UNIT1, 22.43,N
01/21/2024,10:00,DKNS_ESS_RN, 21.66,N
01/21/2024,10:00,DOWGEN_PUN1, 22.5,N
01/21/2024,10:00,DOWGEN_PUN2, 22.5,N
01/21/2024,10:00,DOWGEN_PUN3, 22.5,N
01/21/2024,10:00,DOW_61_2_63, 22.5,N
01/21/2024,10:00,DOW_64, 22.5,N
01/21/2024,10:00,DOW_81_2_84, 22.5,N
01/21/2024,10:00,DOW_G37_G35, 22.5,N
01/21/2024,10:00,DOW_G66_ST65, 22.5,N
01/21/2024,10:00,DOW_G67, 22.5,N
01/21/2024,10:00,DOW_G96_ST95, 22.5,N
01/21/2024,10:00,DUKE_CC1, 20.01,N
01/21/2024,10:00,DUKE_GST1CCU, 20.01,N
01/21/2024,10:00,DUKE_GT2_CCU, 20.01,N
01/21/2024,10:00,DUP_PUN1, 22.43,N
01/21/2024,10:00,DUP_PUN2, 22.43,N
01/21/2024,10:00,DUP_PUN3, 22.43,N
01/21/2024,10:00,DUP_PUN4, 22.43,N
01/21/2024,10:00,EBELLS_UNIT1, 22.36,N
01/21/2024,10:00,EBNY_ESS_RN, 23.17,N
01/21/2024,10:00,ECLIPSE_UN1, 22.6,N
01/21/2024,10:00,EIFSLR_UNIT1, 22.03,N
01/21/2024,10:00,ELB_ELBCREEK, 21.29,N
01/21/2024,10:00,ELECTRAW_1_2, 21.76,N
01/21/2024,10:00,ELSAUZ_ALL, 22.38,N
01/21/2024,10:00,ELSA_ESR_RN, 20,N
01/21/2024,10:00,ELS_RN_1, 22.07,N
01/21/2024,10:00,EL_RAYO_ALL, 20,N
01/21/2024,10:00,ENDPARK_ESS1, 21.58,N
01/21/2024,10:00,ERSL_RN, 23.01,N
01/21/2024,10:00,ESTONIAN_ALL, 22.03,N
01/21/2024,10:00,ETCCS_CC1, 22.09,N
01/21/2024,10:00,ETCCS_CCU, 22.09,N
01/21/2024,10:00,EUNICE_ALL, 21.24,N
01/21/2024,10:00,EXGNSND_RN, 22.45,N
01/21/2024,10:00,EXGNWTL_1, 22.43,N
01/21/2024,10:00,EXN_14, 22.45,N
01/21/2024,10:00,EXN_1_3, 22.45,N
01/21/2024,10:00,EXN_4, 22.45,N
01/21/2024,10:00,EXN_8, 22.45,N
01/21/2024,10:00,EXN_9_13, 22.45,N
01/21/2024,10:00,EXN_PUN1, 22.45,N
01/21/2024,10:00,EXN_PUN2, 22.45,N
01/21/2024,10:00,EXN_PUN3, 22.45,N
01/21/2024,10:00,E_BLACK_RN, 22.68,N
01/21/2024,10:00,FALFUR_RN, 22.4,N
01/21/2024,10:00,FAL_FALCONG1, 22.42,N
01/21/2024,10:00,FAL_FALCONG2, 22.42,N
01/21/2024,10:00,FAL_FALCONG3, 22.42,N
01/21/2024,10:00,FAULKNER_RN, 21.13,N
01/21/2024,10:00,FEGC_RN, 22.55,N
01/21/2024,10:00,FENCESLR_ALL, 22.13,N
01/21/2024,10:00,FERGCC_CC1, 22.91,N
01/21/2024,10:00,FERGCC_GT1_1, 22.91,N
01/21/2024,10:00,FERGCC_GT2_3, 22.91,N
01/21/2024,10:00,FERGCC_ST1_5, 22.91,N
01/21/2024,10:00,FERMI_ALL, 21.3,N
01/21/2024,10:00,FILESSLR_PV1, 22.11,N
01/21/2024,10:00,FIVEWSLR_ALL, 22.4,N
01/21/2024,10:00,FLCNS_CC1, 21.32,N
01/21/2024,10:00,FLCNS_UNIT1, 21.32,N
01/21/2024,10:00,FLCNS_UNIT2, 21.32,N
01/21/2024,10:00,FLCNS_UNIT3, 21.32,N
01/21/2024,10:00,FLOWERII_RN, 21.11,N
01/21/2024,10:00,FLTBES1, 21.11,N
01/21/2024,10:00,FLTCK_SSI, 22.58,N
01/21/2024,10:00,FLUVANNA_1_2, 21.58,N
01/21/2024,10:00,FLVABES1_ESR, 21.11,N
01/21/2024,10:00,FOARDCTY_ALL, 21.73,N
01/21/2024,10:00,FORMOSA_CC1, 22.04,N
01/21/2024,10:00,FORMOSA_CC2, 22.04,N
01/21/2024,10:00,FORMOSA_PUN1, 22.04,N
01/21/2024,10:00,FORMOSA_PUN2, 22.04,N
01/21/2024,10:00,FOXTROT_ALL, 22.27,N
01/21/2024,10:00,FO_FORMOSA11, 22.04,N
01/21/2024,10:00,FO_FORMOSA12, 22.04,N
01/21/2024,10:00,FO_FORMOSG1, 22.04,N
01/21/2024,10:00,FO_FORMOSG10, 22.04,N
01/21/2024,10:00,FO_FORMOSG13, 22.04,N
01/21/2024,10:00,FO_FORMOSG14, 22.04,N
01/21/2024,10:00,FO_FORMOSG15, 22.04,N
01/21/2024,10:00,FO_FORMOSG2, 22.04,N
01/21/2024,10:00,FO_FORMOSG3, 22.04,N
01/21/2024,10:00,FO_FORMOSG4, 22.04,N
01/21/2024,10:00,FO_FORMOSG5, 22.04,N
01/21/2024,10:00,FO_FORMOSG6, 22.04,N
01/21/2024,10:00,FO_FORMOSG7, 22.04,N
01/21/2024,10:00,FO_FORMOSG8, 22.04,N
01/21/2024,10:00,FO_FORMOSG9, 22.04,N
01/21/2024,10:00,FPPYD_FPP_G1, 22.78,N
01/21/2024,10:00,FPPYD_FPP_G2, 22.78,N
01/21/2024,10:00,FPPYD_FPP_G3, 22.78,N
01/21/2024,10:00,FREC_1_CCU, 22.15,N
01/21/2024,10:00,FREC_2_CCU, 22.16,N
01/21/2024,10:00,FREC_CC1, 22.15,N
01/21/2024,10:00,FREC_CC2, 22.16,N
01/21/2024,10:00,FRMRSVLW_RN, 22.04,N
01/21/2024,10:00,FRNYPP_1_CCU, 22.06,N
01/21/2024,10:00,FRNYPP_2_CCU, 22.06,N
01/21/2024,10:00,FRNYPP_CC1, 22.06,N
01/21/2024,10:00,FRNYPP_CC2, 22.06,N
01/21/2024,10:00,FRONT_EC_CC1, 20.01,N
01/21/2024,10:00,FRONT_EC_RN1, 20.01,N
01/21/2024,10:00,FRONT_EC_RN2, 20.01,N
01/21/2024,10:00,FRONT_EC_RN3, 20.01,N
01/21/2024,10:00,FRYE_SLR_ALL, 16.96,N
01/21/2024,10:00,FTR_CC1, 22.36,N
01/21/2024,10:00,FTR_FTR_G1_4, 22.36,N
01/21/2024,10:00,FTWIND_UNIT1, 21.24,N
01/21/2024,10:00,FWLR_SLR_1, 21.1,N
01/21/2024,10:00,GALO_RN1, 21.2,N
01/21/2024,10:00,GAMBIT_RN, 22.89,N
01/21/2024,10:00,GARC_BESS_RN, 20.03,N
01/21/2024,10:00,GBY_GT, 22.45,N
01/21/2024,10:00,GID_GIDEONG1, 22.86,N
01/21/2024,10:00,GID_GIDEONG2, 22.86,N
01/21/2024,10:00,GID_GIDEONG3, 22.86,N
01/21/2024,10:00,GIGA_ESS_RN, 22.68,N
01/21/2024,10:00,GOA_GOATWIND, 21.16,N
01/21/2024,10:00,GOLINDA_UN1, 22.3,N
01/21/2024,10:00,GOMZ_RN, 21.07,N
01/21/2024,10:00,GOODNIT1_ALL, 16.97,N
01/21/2024,10:00,GPASTURE_ALL, 21.68,N
01/21/2024,10:00,GRANDVW1_A_B, 16.97,N
01/21/2024,10:00,GRDNE_ESR_RN, 21.29,N
01/21/2024,10:00,GREASWOD_ALL, 20.97,N
01/21/2024,10:00,GRIF_TRL_RN, 21.74,N
01/21/2024,10:00,GRSES_UNIT1, 21.85,N
01/21/2024,10:00,GRSES_UNIT2, 21.79,N
01/21/2024,10:00,GUADG_CC1, 22.65,N
01/21/2024,10:00,GUADG_CC2, 22.65,N
01/21/2024,10:00,GUADG_CCU1, 22.65,N
01/21/2024,10:00,GUADG_CCU2, 22.65,N
01/21/2024,10:00,GUNMTN_NODE, 21.39,N
01/21/2024,10:00,GWEC_G1, 21.87,N
01/21/2024,10:00,HALO_RN1, 22.39,N
01/21/2024,10:00,HAMI_BESS_RN, 22.47,N
01/21/2024,10:00,HAYSEN1_2, 15.38,N
01/21/2024,10:00,HAYSEN3_4, 22.17,N
01/21/2024,10:00,HB_BUSAVG, 22,N
01/21/2024,10:00,HB_HOUSTON, 22.44,N
01/21/2024,10:00,HB_HUBAVG, 21.96,N
01/21/2024,10:00,HB_NORTH, 22.07,N
01/21/2024,10:00,HB_PAN, 17.39,N
01/21/2024,10:00,HB_SOUTH, 21.85,N
01/21/2024,10:00,HB_WEST, 21.46,N
01/21/2024,10:00,HELIOS_RN, 24.7,N
01/21/2024,10:00,HHGT_KENDAL, 19.06,N
01/21/2024,10:00,HHOLLW2_WND1, 21.39,N
01/21/2024,10:00,HHOLLW3_WND1, 21.39,N
01/21/2024,10:00,HHOLLW4_WND1, 21.39,N
01/21/2024,10:00,HICK_G1_G2, 15.7,N
01/21/2024,10:00,HI_LONEB_RN1, 15.89,N
01/21/2024,10:00,HI_LONE_ALL, 15.89,N
01/21/2024,10:00,HLSES_UNIT3, 22.02,N
01/21/2024,10:00,HLSES_UNIT4, 22.02,N
01/21/2024,10:00,HLSES_UNIT5, 22.02,N
01/21/2024,10:00,HMNG_ESS_RN, 21.96,N
01/21/2024,10:00,HOLCOMB_RN1, 22.64,N
01/21/2024,10:00,HOLSTEIN_ALL, 21.41,N
01/21/2024,10:00,HOL_ALL, 22.39,N
01/21/2024,10:00,HOPKNSLR_ALL, 22.04,N
01/21/2024,10:00,HORSCR_RN, 21.09,N
01/21/2024,10:00,HORSECRK_RN, 21.74,N
01/21/2024,10:00,HOUSEMTN_RN, 22.94,N
01/21/2024,10:00,HOVEY_GEN, 21.06,N
01/21/2024,10:00,HRBESS_BESS, 21.29,N
01/21/2024,10:00,HRFDWIND_ALL, 16.95,N
01/21/2024,10:00,HRZN_SLR_UN1, 23.13,N
01/21/2024,10:00,HWF_HWFG1, 21.63,N
01/21/2024,10:00,HYDR_ESS_RN, 20.94,N
01/21/2024,10:00,H_HOLLO_WND1, 21.39,N
01/21/2024,10:00,IMP_RN1, 22.03,N
01/21/2024,10:00,INDNENR_1_RN, 21.16,N
01/21/2024,10:00,INDNENR_2_RN, 21.11,N
01/21/2024,10:00,INDNNWP_RN, 21.14,N
01/21/2024,10:00,IND_INADALE1, 21.49,N
01/21/2024,10:00,INGLCOSW_CC1, 22.35,N
01/21/2024,10:00,INGLCOSW_STG, 22.35,N
01/21/2024,10:00,INGLCOS_CTG1, 22.35,N
01/21/2024,10:00,INGLCOS_CTG2, 22.35,N
01/21/2024,10:00,INGLCO_PUN1, 22.35,N
01/21/2024,10:00,INGLCO_PUN2, 22.35,N
01/21/2024,10:00,INGLCO_PUN3, 22.35,N
01/21/2024,10:00,INKS_INKS_G1, 27.91,N
01/21/2024,10:00,INRT_W_ALL, 21.75,N
01/21/2024,10:00,JACKCNTY_CC1, 22.05,N
01/21/2024,10:00,JACKCNTY_CT1, 22.05,N
01/21/2024,10:00,JACKCNTY_CT2, 22.05,N
01/21/2024,10:00,JACKCNTY_STG, 22.05,N
01/21/2024,10:00,JADE_SLR_ALL, 21.61,N
01/21/2024,10:00,JAY_RN_1, 22.42,N
01/21/2024,10:00,JCKCNTY2_CC1, 21.9,N
01/21/2024,10:00,JCKCNTY2_CT3, 21.9,N
01/21/2024,10:00,JCKCNTY2_CT4, 21.9,N
01/21/2024,10:00,JCKCNTY2_ST2, 21.9,N
01/21/2024,10:00,JC_BAT_RN, 22.96,N
01/21/2024,10:00,JDKNS_RN, 21.21,N
01/21/2024,10:00,JUNCTION_RN, 38.56,N
01/21/2024,10:00,JUNO_ALL, 21.46,N
01/21/2024,10:00,KARAKAW1_1, 22.31,N
01/21/2024,10:00,KARAKAW2_1, 22.31,N
01/21/2024,10:00,KEECHI_U1, 22.05,N
01/21/2024,10:00,KELAMSL_U1, 22.12,N
01/21/2024,10:00,KEO_KEO_SM1, 21.09,N
01/21/2024,10:00,KINGE_ALL, 21.07,N
01/21/2024,10:00,KINGW_ALL, 21.09,N
01/21/2024,10:00,KMCHI_CC1, 22.03,N
01/21/2024,10:00,KMCHI_CC2, 22.03,N
01/21/2024,10:00,LACY_CRK_ALL, 21.27,N
01/21/2024,10:00,LAMESASLR_G, 21.38,N
01/21/2024,10:00,LAPETUS_U1, 21.24,N
01/21/2024,10:00,LARDVFTN_G4, 22.44,N
01/21/2024,10:00,LARDVFTN_G5, 22.44,N
01/21/2024,10:00,LASSO_GEN, 22.94,N
01/21/2024,10:00,LBRA_BES1, 22.51,N
01/21/2024,10:00,LEG_LEG_G1, 22.26,N
01/21/2024,10:00,LEG_LEG_G2, 22.26,N
01/21/2024,10:00,LEONLCPCT1_2, 25.74,N
01/21/2024,10:00,LEONLCPCT3_4, 25.74,N
01/21/2024,10:00,LFSTH_RN, 22.12,N
01/21/2024,10:00,LGDRAW_S_ALL, 21.46,N
01/21/2024,10:00,LGD_LANGFORD, 20.25,N
01/21/2024,10:00,LGE_CC1, 22.35,N
01/21/2024,10:00,LGE_LGE_GT1, 22.35,N
01/21/2024,10:00,LGE_LGE_GT2, 22.35,N
01/21/2024,10:00,LGE_LGE_STG, 22.35,N
01/21/2024,10:00,LGE_PUN1, 22.35,N
01/21/2024,10:00,LGE_PUN2, 22.35,N
01/21/2024,10:00,LGW_UNIT_ALL, 21.13,N
01/21/2024,10:00,LHM_CVC_G4, 22.45,N
01/21/2024,10:00,LHM_PUN1, 22.45,N
01/21/2024,10:00,LHM_PUN2, 22.45,N
01/21/2024,10:00,LHORN_N_U1_2, 16.96,N
01/21/2024,10:00,LHSES_UNIT1, 22.06,N
01/21/2024,10:00,LHSES_UNIT2, 22.06,N
01/21/2024,10:00,LIG_RN, 22.45,N
01/21/2024,10:00,LILY_RN, 22.08,N
01/21/2024,10:00,LMAJADAS_ALL, 19.99,N
01/21/2024,10:00,LMO_ESR_RN, 22.36,N
01/21/2024,10:00,LNCRK_ALL, 21.58,N
01/21/2024,10:00,LONESTAR_RN, 21.15,N
01/21/2024,10:00,LONEWOLF_ALL, 21.39,N
01/21/2024,10:00,LON_RN1, 22.64,N
01/21/2024,10:00,LOSTPI_CC1, 22.79,N
01/21/2024,10:00,LOS_LOSTPGT1, 22.79,N
01/21/2024,10:00,LOS_LOSTPGT2, 22.79,N
01/21/2024,10:00,LOS_LOSTPST1, 22.79,N
01/21/2024,10:00,LPCCS_CC1, 22.03,N
01/21/2024,10:00,LPCCS_CC2, 22.03,N
01/21/2024,10:00,LPCCS_CT11, 22.03,N
01/21/2024,10:00,LPCCS_CT12, 22.03,N
01/21/2024,10:00,LPCCS_CT21, 22.03,N
01/21/2024,10:00,LPCCS_CT22, 22.03,N
01/21/2024,10:00,LPCCS_UNIT1, 22.03,N
01/21/2024,10:00,LPCCS_UNIT2, 22.03,N
01/21/2024,10:00,LV1A_LV1B, 20,N
01/21/2024,10:00,LV3_RN, 22.39,N
01/21/2024,10:00,LV3_UNIT1, 22.39,N
01/21/2024,10:00,LV4_UNIT_1, 22.39,N
01/21/2024,10:00,LV5_UNIT1, 20.02,N
01/21/2024,10:00,LZ_AEN, 22.96,N
01/21/2024,10:00,LZ_CPS, 24.13,N
01/21/2024,10:00,LZ_HOUSTON, 22.49,N
01/21/2024,10:00,LZ_LCRA, 23.87,N
01/21/2024,10:00,LZ_NORTH, 22.09,N
01/21/2024,10:00,LZ_RAYBN, 22.06,N
01/21/2024,10:00,LZ_SOUTH, 22.43,N
01/21/2024,10:00,LZ_WEST, 21.28,N
01/21/2024,10:00,L_FRE_ESR_RN, 20,N
01/21/2024,10:00,MADERO_RN, 20.01,N
01/21/2024,10:00,MAINLAND_RN, 22.47,N
01/21/2024,10:00,MARBFA, 22.91,N
01/21/2024,10:00,MARIAH_ALL, 16.95,N
01/21/2024,10:00,MAR_MARSFOG1, 23,N
01/21/2024,10:00,MAR_MARSFOG2, 23,N
01/21/2024,10:00,MAR_MARSFOG3, 23,N
01/21/2024,10:00,MASSENGL_CC1, 21.54,N
01/21/2024,10:00,MASSENGL_G6, 21.57,N
01/21/2024,10:00,MASSENGL_G7, 21.57,N
01/21/2024,10:00,MASSENGL_G8, 21.51,N
01/21/2024,10:00,MAVCRK_W_ALL, 21.2,N
01/21/2024,10:00,MCDLD_FCSBW1, 21.32,N
01/21/2024,10:00,MCLNSLR_RN, 22.86,N
01/21/2024,10:00,MCSES_UNIT6, 22.06,N
01/21/2024,10:00,MCSES_UNIT7, 22.06,N
01/21/2024,10:00,MCSES_UNIT8, 22.06,N
01/21/2024,10:00,MDANP_CT1_2, 22.07,N
01/21/2024,10:00,MDANP_CT3_4, 22.06,N
01/21/2024,10:00,MDANP_CT5_6, 22.07,N
01/21/2024,10:00,MERCURY_ALL, 22.14,N
01/21/2024,10:00,MESQCRK_ALL, 21.46,N
01/21/2024,10:00,MESTENO_RN, 22.39,N
01/21/2024,10:00,MGSES_CT123, 21.38,N
01/21/2024,10:00,MGSES_CT456, 21.38,N
01/21/2024,10:00,MIAM1_G1_G2, 16.98,N
01/21/2024,10:00,MIDWY_RN, 21.2,N
01/21/2024,10:00,MIL_MILG1_2, 22.3,N
01/21/2024,10:00,MIL_MILG345, 22.3,N
01/21/2024,10:00,MIRAGE_G1, 22.46,N
01/21/2024,10:00,MIRASOLE_GEN, 22.39,N
01/21/2024,10:00,MISAE_GEN_RN, 17.01,N
01/21/2024,10:00,MLSES_UNIT1, 22.1,N
01/21/2024,10:00,MLSES_UNIT2, 22.1,N
01/21/2024,10:00,MLSES_UNIT3, 22.1,N
01/21/2024,10:00,MNWL_BESS_RN, 22.17,N
01/21/2024,10:00,MOZART_WIND1, 21.52,N
01/21/2024,10:00,MUSTNGCK_ALL, 23.65,N
01/21/2024,10:00,MV_VALV4_RN, 20,N
01/21/2024,10:00,MWEC_G1, 21.54,N
01/21/2024,10:00,MYRY_ESR_RN, 20.01,N
01/21/2024,10:00,MYR_ALL, 22.69,N
01/21/2024,10:00,NACPW_UNIT1, 22.12,N
01/21/2024,10:00,NBOHR_RN, 21.27,N
01/21/2024,10:00,NCARBIDEG8, 22.35,N
01/21/2024,10:00,NCARBIDE_1_7, 22.35,N
01/21/2024,10:00,NCARBID_PUN1, 22.35,N
01/21/2024,10:00,NCARBID_PUN2, 22.35,N
01/21/2024,10:00,NCO_RN, 22.94,N
01/21/2024,10:00,NEBULA_RN, 20,N
01/21/2024,10:00,NEDIN_CC1, 17.26,N
01/21/2024,10:00,NED_NEDIN_G1, 20.01,N
01/21/2024,10:00,NED_NEDIN_G2, 20.01,N
01/21/2024,10:00,NED_NEDIN_G3, 12,N
01/21/2024,10:00,NF_BRP_RN, 22.73,N
01/21/2024,10:00,NOBLESLR_ALL, 21.96,N
01/21/2024,10:00,NOVA1SLR_ALL, 21.63,N
01/21/2024,10:00,NOVA2S_UNIT1, 21.63,N
01/21/2024,10:00,NUECES_B_CC1, 22.36,N
01/21/2024,10:00,NUE_NUECESG7, 22.36,N
01/21/2024,10:00,NUE_NUECESG8, 22.36,N
01/21/2024,10:00,NUE_NUECESG9, 22.36,N
01/21/2024,10:00,NWF_NWF1, 21.22,N
01/21/2024,10:00,N_AL_BESS_RN, 20,N
01/21/2024,10:00,N_MRD_ESR_RN, 20,N
01/21/2024,10:00,OBERON_U1, 21.21,N
01/21/2024,10:00,ODESW_RN, 21.22,N
01/21/2024,10:00,OECCS_1, 21.23,N
01/21/2024,10:00,OECCS_2, 21.23,N
01/21/2024,10:00,OECCS_CC1, 21.23,N
01/21/2024,10:00,OECCS_CC2, 21.23,N
01/21/2024,10:00,OGSES_1, 22.31,N
01/21/2024,10:00,OGSES_2, 22.31,N
01/21/2024,10:00,OLIN_OLING_1, 22.05,N
01/21/2024,10:00,OLIN_OLING_2, 22.05,N
01/21/2024,10:00,OLIN_OLING_3, 22.05,N
01/21/2024,10:00,OLIN_OLING_4, 22.05,N
01/21/2024,10:00,OLNEYTN_RN, 21.87,N
01/21/2024,10:00,OR_BESS_RN, 23.12,N
01/21/2024,10:00,OWF_OWF, 21.31,N
01/21/2024,10:00,OXY_OXY_CCG1, 22.36,N
01/21/2024,10:00,OXY_PUN1, 22.36,N
01/21/2024,10:00,OXY_PUN2, 22.36,N
01/21/2024,10:00,PALE_ESS_EN, 21.59,N
01/21/2024,10:00,PALMWI_UNIT1, 19.97,N
01/21/2024,10:00,PANDA_S_CC1, 22.02,N
01/21/2024,10:00,PANDA_S_CT1, 22.02,N
01/21/2024,10:00,PANDA_S_CT2, 22.02,N
01/21/2024,10:00,PANDA_S_ST1, 22.02,N
01/21/2024,10:00,PANDA_T1_CC1, 22.37,N
01/21/2024,10:00,PANDA_T1_CT1, 22.37,N
01/21/2024,10:00,PANDA_T1_CT2, 22.37,N
01/21/2024,10:00,PANDA_T1_ST1, 22.37,N
01/21/2024,10:00,PANDA_T2_CC1, 22.37,N
01/21/2024,10:00,PANDA_T2_CT1, 22.37,N
01/21/2024,10:00,PANDA_T2_CT2, 22.37,N
01/21/2024,10:00,PANDA_T2_ST1, 22.37,N
01/21/2024,10:00,PAP1_PAP1, 22.35,N
01/21/2024,10:00,PAULN_RN, 22.11,N
01/21/2024,10:00,PAVLOV_BT_RN, 31.61,N
01/21/2024,10:00,PAVO_ESS_ALL, 21.09,N
01/21/2024,10:00,PB2SES_CT1, 21.18,N
01/21/2024,10:00,PB2SES_CT2, 21.18,N
01/21/2024,10:00,PB2SES_CT3, 21.18,N
01/21/2024,10:00,PB2SES_CT4, 21.18,N
01/21/2024,10:00,PB2SES_CT5, 21.18,N
01/21/2024,10:00,PC_NORTH_1, 21.29,N
01/21/2024,10:00,PC_SOUTH_ALL, 21.29,N
01/21/2024,10:00,PEARSA_1_24, 23.13,N
01/21/2024,10:00,PENA_ALL, 22.36,N
01/21/2024,10:00,PES1_RN, 22.55,N
01/21/2024,10:00,PEY_RN, 22.24,N
01/21/2024,10:00,PH1_UNIT1_2, 16.97,N
01/21/2024,10:00,PH2_U1_U2, 16.97,N
01/21/2024,10:00,PHILLWND_ALL, 22.25,N
01/21/2024,10:00,PHOEBE_ALL, 21.19,N
01/21/2024,10:00,PHOENIX_RN, 22.03,N
01/21/2024,10:00,PHO_ALL, 22.43,N
01/21/2024,10:00,PIONR_DJ_RN, 21.24,N
01/21/2024,10:00,PISG_RN_ALL, 22.15,N
01/21/2024,10:00,PITSDD_UNIT1, 22.18,N
01/21/2024,10:00,PLN_ALL, 22.35,N
01/21/2024,10:00,PNPI_GT2_RN, 22.64,N
01/21/2024,10:00,PORTSL_UNIT1, 21.95,N
01/21/2024,10:00,POTSVIL_RN, 23.78,N
01/21/2024,10:00,PRID_RN, 21.73,N
01/21/2024,10:00,PROSPERO_ALL, 21.24,N
01/21/2024,10:00,PRO_RN, 22.55,N
01/21/2024,10:00,PRSPERO2_ALL, 21.24,N
01/21/2024,10:00,PR_PR_ALL, 22.46,N
01/21/2024,10:00,PR_PR_G2, 22.46,N
01/21/2024,10:00,PSA_CC1, 22.45,N
01/21/2024,10:00,PSA_PSA_G1, 22.45,N
01/21/2024,10:00,PSA_PSA_G2, 22.45,N
01/21/2024,10:00,PSA_PSA_G3, 22.45,N
01/21/2024,10:00,PSA_PSA_G4, 22.45,N
01/21/2024,10:00,PSA_PSA_G5, 22.45,N
01/21/2024,10:00,PSA_PSA_G6, 22.45,N
01/21/2024,10:00,PSA_PSA_G7, 22.45,N
01/21/2024,10:00,PSA_PUN1, 22.45,N
01/21/2024,10:00,PSA_PUN2, 22.45,N
01/21/2024,10:00,PSA_PUN3, 22.45,N
01/21/2024,10:00,PSA_PUN4, 22.45,N
01/21/2024,10:00,PSA_PUN5, 22.45,N
01/21/2024,10:00,PSG_CC1, 22.46,N
01/21/2024,10:00,PSG_PSG_GT2, 22.46,N
01/21/2024,10:00,PSG_PSG_GT3, 22.46,N
01/21/2024,10:00,PSG_PSG_ST1, 22.46,N
01/21/2024,10:00,PTLBES_BESS1, 22.38,N
01/21/2024,10:00,PYR_PYRON1, 21.49,N
01/21/2024,10:00,QALSW_ALL, 21.23,N
01/21/2024,10:00,QALSW_CC1, 21.23,N
01/21/2024,10:00,QALSW_CC2, 21.23,N
01/21/2024,10:00,QUEEN_BA_RN, 21.07,N
01/21/2024,10:00,QUEEN_SL_RN, 21.07,N
01/21/2024,10:00,RAB_G1-8, 22.45,N
01/21/2024,10:00,RADN_SLR_ALL, 21.41,N
01/21/2024,10:00,RAMBLER_UNIT, 20.95,N
01/21/2024,10:00,RANCHERO_ALL, 15.76,N
01/21/2024,10:00,RAT_RN_1, 20.33,N
01/21/2024,10:00,RAYBURN_CC1, 22.49,N
01/21/2024,10:00,RAYB_G78910, 22.49,N
01/21/2024,10:00,RBN_BESS1, 22.77,N
01/21/2024,10:00,RDCAN_RDCNY1, 21.51,N
01/21/2024,10:00,REDBARN_RN, 20.95,N
01/21/2024,10:00,REDFISH_ALL, 20,N
01/21/2024,10:00,REDGATE_ALL, 20.01,N
01/21/2024,10:00,REDGATE_RN, 20.01,N
01/21/2024,10:00,RELOJ_ALL, 22.41,N
01/21/2024,10:00,REROCK_ALL, 21.06,N
01/21/2024,10:00,RHESS2_ESS1, 22.65,N
01/21/2024,10:00,RIGGIN_UNIT1, 21.09,N
01/21/2024,10:00,RIOG_ESR_RN, 20.02,N
01/21/2024,10:00,RIONOG_CC1, 22.8,N
01/21/2024,10:00,RIONOG_CT1, 22.8,N
01/21/2024,10:00,RIONOG_CT2, 22.8,N
01/21/2024,10:00,RIONOG_CT3, 22.8,N
01/21/2024,10:00,RIONOG_ST1, 22.8,N
01/21/2024,10:00,RIPPEY_ALL, 22.01,N
01/21/2024,10:00,RN_APOGEE, 21.63,N
01/21/2024,10:00,RN_BYU_G8, 22.46,N
01/21/2024,10:00,RN_DEC_AGR_A, 22,N
01/21/2024,10:00,RN_DEC_AGR_B, 22,N
01/21/2024,10:00,RN_DEC_AGR_C, 22,N
01/21/2024,10:00,RN_DEC_AGR_D, 22,N
01/21/2024,10:00,RN_ECEC_HOLT, 21.22,N
01/21/2024,10:00,RN_OCI_ALAMO, 25.25,N
01/21/2024,10:00,RN_RTS1, 21.3,N
01/21/2024,10:00,RN_SR_WIND1, 20,N
01/21/2024,10:00,RN_TOSBATT, 21.34,N
01/21/2024,10:00,ROSELAND_ALL, 22.26,N
01/21/2024,10:00,ROUTE66_RN, 16.97,N
01/21/2024,10:00,ROW_ALL, 22.44,N
01/21/2024,10:00,RPUBRDS_RN, 22.37,N
01/21/2024,10:00,RRANCHES_ALL, 21.14,N
01/21/2024,10:00,RRC_WIND_ALL, 21.93,N
01/21/2024,10:00,RSK_RN, 21.27,N
01/21/2024,10:00,RTLSNAKE_BT, 21.15,N
01/21/2024,10:00,RUSSEKST_RN, 21.08,N
01/21/2024,10:00,RVRVLYS_ALL, 22.66,N
01/21/2024,10:00,SADLBACK_RN, 21.12,N
01/21/2024,10:00,SALVTION_GEN, 21.74,N
01/21/2024,10:00,SAMSON_ALL, 22.04,N
01/21/2024,10:00,SANDHSYD1_2, 22.95,N
01/21/2024,10:00,SANDHSYD3_4, 22.95,N
01/21/2024,10:00,SANDHSYD6_7, 22.95,N
01/21/2024,10:00,SANDHSYD_5AC, 22.95,N
01/21/2024,10:00,SANDHSYD_CC1, 22.95,N
01/21/2024,10:00,SANTACRU_ALL, 22.35,N
01/21/2024,10:00,SAN_SANMIGG1, 22.43,N
01/21/2024,10:00,SBEAN_BESS, 21.15,N
01/21/2024,10:00,SBE_RN_1, 23.55,N
01/21/2024,10:00,SC2SES_UNIT1, 22.12,N
01/21/2024,10:00,SCES_UNIT1, 22.26,N
01/21/2024,10:00,SCLP_PUN1, 22.93,N
01/21/2024,10:00,SCLP_PUN2, 22.93,N
01/21/2024,10:00,SCLP_PUN3, 22.93,N
01/21/2024,10:00,SCLP_PUN4, 22.93,N
01/21/2024,10:00,SCLP_SCLPC_1, 22.93,N
01/21/2024,10:00,SCLP_SCLPC_2, 22.93,N
01/21/2024,10:00,SCLP_SCLPC_3, 22.93,N
01/21/2024,10:00,SCLP_SCLPC_4, 22.93,N
01/21/2024,10:00,SCSES_UNIT2, 22.12,N
01/21/2024,10:00,SDSES_PUN1, 22.57,N
01/21/2024,10:00,SDSES_PUN3, 22.57,N
01/21/2024,10:00,SENATEWD_1, 21.83,N
01/21/2024,10:00,SGM_SIGNALMT, 21.34,N
01/21/2024,10:00,SGSA_DGR, 21.06,N
01/21/2024,10:00,SG_BES_BESS1, 21.09,N
01/21/2024,10:00,SHAFFER_ALL, 22.35,N
01/21/2024,10:00,SHAMROCK_RN, 15.73,N
01/21/2024,10:00,SHANNONW_RN, 21.84,N
01/21/2024,10:00,SHEEPCRK_1, 21.93,N
01/21/2024,10:00,SILASRAY_CC1, 20,N
01/21/2024,10:00,SIL_SILAS_10, 20,N
01/21/2024,10:00,SIL_SILAS_6, 20,N
01/21/2024,10:00,SIL_SILAS_9, 20,N
01/21/2024,10:00,SIRIUS_UNIT1, 21.12,N
01/21/2024,10:00,SJS_SJS_G1, 22.46,N
01/21/2024,10:00,SJS_SJS_G2, 22.46,N
01/21/2024,10:00,SKY1, 22.98,N
01/21/2024,10:00,SLCN_ESS_ALL, 22.7,N
01/21/2024,10:00,SLTFRK_UN1_2, 16.98,N
01/21/2024,10:00,SL_PUN1, 22.45,N
01/21/2024,10:00,SL_PUN2, 22.45,N
01/21/2024,10:00,SNY_BESS_RN, 21.47,N
01/21/2024,10:00,SOLARA_UNIT1, 21.56,N
01/21/2024,10:00,SPARTA_ALL, 22.27,N
01/21/2024,10:00,SPLAIN1_RN, 16.95,N
01/21/2024,10:00,SPLAIN2_RN, 16.95,N
01/21/2024,10:00,SPNC_SPNCE_4, 22.09,N
01/21/2024,10:00,SPNC_SPNCE_5, 22.09,N
01/21/2024,10:00,SPTX12B_RN, 21.09,N
01/21/2024,10:00,SROSA_ESR_RN, 20,N
01/21/2024,10:00,SRWE1_UNIT1, 21.46,N
01/21/2024,10:00,SSPURT_WIND1, 16.96,N
01/21/2024,10:00,STAM_SLR_ALL, 22.04,N
01/21/2024,10:00,STEAM_ENG123, 22.05,N
01/21/2024,10:00,STEA_STEAM_1, 22.05,N
01/21/2024,10:00,STEA_STEAM_2, 22.05,N
01/21/2024,10:00,STEA_STEAM_3, 22.05,N
01/21/2024,10:00,STELLA_RN, 22.36,N
01/21/2024,10:00,STP_STP_G1, 22.24,N
01/21/2024,10:00,STP_STP_G2, 22.24,N
01/21/2024,10:00,STRATEGC_RN, 22.11,N
01/21/2024,10:00,STWF_T1, 21.45,N
01/21/2024,10:00,SUNVASLR_ALL, 22.16,N
01/21/2024,10:00,SWEC_G1, 21.31,N
01/21/2024,10:00,SWEETWN2_2_4, 21.44,N
01/21/2024,10:00,SWEETWN3_3, 21.44,N
01/21/2024,10:00,SWEETWND_1, 21.44,N
01/21/2024,10:00,SWOOSE1_U1, 21.16,N
01/21/2024,10:00,SWOOSEII_RN, 21.16,N
01/21/2024,10:00,SWTWN4_WND45, 21.44,N
01/21/2024,10:00,SWT_BESS_RN, 21.45,N
01/21/2024,10:00,S_HILLS_RN, 21.85,N
01/21/2024,10:00,TAHOKA_ALL, 21.51,N
01/21/2024,10:00,TAV_RN, 23.14,N
01/21/2024,10:00,TAYGETE2_ALL, 21.1,N
01/21/2024,10:00,TAYGETE_ALL, 21.1,N
01/21/2024,10:00,TBWF_ES_BES1, 21.09,N
01/21/2024,10:00,TC_PUN1, 22.47,N
01/21/2024,10:00,TC_PUN2, 22.47,N
01/21/2024,10:00,TC_TCHP1, 22.47,N
01/21/2024,10:00,TEN_CC1, 22.09,N
01/21/2024,10:00,TEN_CT1_STG, 22.09,N
01/21/2024,10:00,TGCCS_ALL, 22.11,N
01/21/2024,10:00,TGCCS_CC1, 22.11,N
01/21/2024,10:00,TGF_TGFGT, 24.1,N
01/21/2024,10:00,TGS_GT01, 24.1,N
01/21/2024,10:00,TGW_T1_T2, 22.36,N
01/21/2024,10:00,THW_1_CCU, 22.44,N
01/21/2024,10:00,THW_2_CCU, 22.44,N
01/21/2024,10:00,THW_CC1, 22.44,N
01/21/2024,10:00,THW_CC2, 22.44,N
01/21/2024,10:00,THW_THWGT5X, 22.44,N
01/21/2024,10:00,THW_THWGT_1, 22.44,N
01/21/2024,10:00,TI_SOLAR_ALL, 21.14,N
01/21/2024,10:00,TKWSW_CHAMP, 21.49,N
01/21/2024,10:00,TKWSW_ROSCOE, 21.49,N
01/21/2024,10:00,TNP_TNP_O_1, 22.34,N
01/21/2024,10:00,TNP_TNP_O_2, 22.34,N
01/21/2024,10:00,TNSKA_CC1, 22.03,N
01/21/2024,10:00,TNSKA_CCU, 22.03,N
01/21/2024,10:00,TOPAZ_ALL, 22.47,N
01/21/2024,10:00,TORR_ALL, 22.43,N
01/21/2024,10:00,TORT_ESS_RN, 22.46,N
01/21/2024,10:00,TOYAH_RN, 21.06,N
01/21/2024,10:00,TREB_SOLAR1, 22.09,N
01/21/2024,10:00,TRENT_TRENT, 21.45,N
01/21/2024,10:00,TRINITY_ALL, 21.79,N
01/21/2024,10:00,TRIPBUT1_RN, 22.95,N
01/21/2024,10:00,TRSES_UNIT6, 22.13,N
01/21/2024,10:00,TRUENO_ALL, 20,N
01/21/2024,10:00,TRUSGILL_RN, 21.74,N
01/21/2024,10:00,TTRSW_RN, 22.04,N
01/21/2024,10:00,TTWEC_G1, 21.26,N
01/21/2024,10:00,TURQ_BESS1, 22.05,N
01/21/2024,10:00,TV_RN, 22.67,N
01/21/2024,10:00,TXCTY_CC1, 22.47,N
01/21/2024,10:00,TXCTY_CTA, 22.47,N
01/21/2024,10:00,TXCTY_CTB, 22.47,N
01/21/2024,10:00,TXCTY_CTC, 22.47,N
01/21/2024,10:00,TXCTY_ST, 22.47,N
01/21/2024,10:00,TYLRWIND_RN, 22,N
01/21/2024,10:00,T_CK_GT2_RN, 21.64,N
01/21/2024,10:00,T_CK_GT3_RN, 21.64,N
01/21/2024,10:00,UCC_COG_PUN2, 22.47,N
01/21/2024,10:00,UCC_UCC_C_2, 22.47,N
01/21/2024,10:00,VANCOURT_RN, 20,N
01/21/2024,10:00,VENADO_ALL, 22.43,N
01/21/2024,10:00,VERAWIND_ALL, 21.74,N
01/21/2024,10:00,VERTIGO_UN1, 21.68,N
01/21/2024,10:00,VICTORIA_CC1, 22.43,N
01/21/2024,10:00,VICTPORT_RN, 22.43,N
01/21/2024,10:00,VIC_VICTORG5, 22.43,N
01/21/2024,10:00,VIC_VICTORG6, 22.43,N
01/21/2024,10:00,VISION_RN, 22.12,N
01/21/2024,10:00,VLSES_UNIT3, 22.03,N
01/21/2024,10:00,VORT_ALL_RN, 21.78,N
01/21/2024,10:00,WAKEWE_ALL, 21.66,N
01/21/2024,10:00,WAP_WAPGT_1, 22.64,N
01/21/2024,10:00,WAP_WAP_G1, 22.64,N
01/21/2024,10:00,WAP_WAP_G2, 22.64,N
01/21/2024,10:00,WAP_WAP_G3, 22.67,N
01/21/2024,10:00,WAP_WAP_G4, 22.67,N
01/21/2024,10:00,WAP_WAP_G5, 22.64,N
01/21/2024,10:00,WAP_WAP_G6, 22.44,N
01/21/2024,10:00,WAP_WAP_G7, 22.44,N
01/21/2024,10:00,WAP_WAP_G8, 22.45,N
01/21/2024,10:00,WAYMARK_RN, 20.95,N
01/21/2024,10:00,WCPP_CC1, 21.9,N
01/21/2024,10:00,WCPP_CT1, 21.9,N
01/21/2024,10:00,WCPP_CT2, 21.9,N
01/21/2024,10:00,WCPP_ST1, 21.9,N
01/21/2024,10:00,WEBBER_WS_T1, 22.82,N
01/21/2024,10:00,WEC_WECG1, 21.62,N
01/21/2024,10:00,WES_ALL, 22.92,N
01/21/2024,10:00,WFCOGEN_13, 21.81,N
01/21/2024,10:00,WFCOGEN_24, 21.81,N
01/21/2024,10:00,WFCOGEN_CC1, 21.81,N
01/21/2024,10:00,WFTANK_ESS1, 22.43,N
01/21/2024,10:00,WGU_RN, 22.86,N
01/21/2024,10:00,WHCCS2_4, 21.99,N
01/21/2024,10:00,WHCCS2_5_6, 21.99,N
01/21/2024,10:00,WHCCS2_CC2, 21.99,N
01/21/2024,10:00,WHCCS_CC1, 21.99,N
01/21/2024,10:00,WHCCS_CT1_ST, 21.99,N
01/21/2024,10:00,WHCCS_CT2, 21.99,N
01/21/2024,10:00,WHITE_PT_UN1, 22.35,N
01/21/2024,10:00,WHMESA_U1, 15.7,N
01/21/2024,10:00,WHTTAIL_WR1, 22,N
01/21/2024,10:00,WH_WIND_ALL, 21.59,N
01/21/2024,10:00,WILDWIND_ALL, 21.96,N
01/21/2024,10:00,WIPOPA_1_2, 22.83,N
01/21/2024,10:00,WIPOPA_3_4, 22.83,N
01/21/2024,10:00,WIR_WIRTZ_G1, 22.9,N
01/21/2024,10:00,WIR_WIRTZ_G2, 22.9,N
01/21/2024,10:00,WLTC_ESR_RN, 22.36,N
01/21/2024,10:00,WL_RANCH_RN, 20.3,N
01/21/2024,10:00,WNDTS2_UNIT1, 21.88,N
01/21/2024,10:00,WND_WHITNEY, 22.29,N
01/21/2024,10:00,WOODWRD1_RN, 21.09,N
01/21/2024,10:00,WOODWRD2_RN, 21.09,N
01/21/2024,10:00,WOV_BESS_RN, 21.22,N
01/21/2024,10:00,WRSBES_BESS1, 21.14,N
01/21/2024,10:00,W_HRL_ESR_RN, 20,N
01/21/2024,10:00,W_PECO_UNIT1, 21.15,N
01/21/2024,10:00,X443ESRN, 26.59,N
01/21/2024,10:00,YNG_WND_ALL, 21.81,N
01/21/2024,10:00,ZIER_SLR_ALL, 22.56,N
01/21/2024,11:00,7RNCHSLR_ALL, 20.44,N
01/21/2024,11:00,AEEC, 18.92,N
01/21/2024,11:00,AGUAYO_UNIT1, 19.06,N
01/21/2024,11:00,AJAXWIND_RN, 19.14,N
01/21/2024,11:00,ALGOD_ALL_RN, 19.91,N
01/21/2024,11:00,ALVIN_RN, 19.98,N
01/21/2024,11:00,AMADEUS_ALL, 19.02,N
01/21/2024,11:00,AMISTAD_ALL, 20.39,N
01/21/2024,11:00,AMOCOOIL_CC1, 19.98,N
01/21/2024,11:00,AMOCOOIL_CC2, 19.98,N
01/21/2024,11:00,AMOCO_PUN1, 19.98,N
01/21/2024,11:00,AMOCO_PUN2, 19.98,N
01/21/2024,11:00,AMO_AMOCO_1, 19.98,N
01/21/2024,11:00,AMO_AMOCO_2, 19.98,N
01/21/2024,11:00,AMO_AMOCO_5, 19.98,N
01/21/2024,11:00,AMO_AMOCO_G1, 19.98,N
01/21/2024,11:00,AMO_AMOCO_G2, 19.98,N
01/21/2024,11:00,AMO_AMOCO_G3, 19.98,N
01/21/2024,11:00,AMO_AMOCO_S1, 19.98,N
01/21/2024,11:00,AMO_AMOCO_S2, 19.98,N
01/21/2024,11:00,ANACACHO_ANA, 20.7,N
01/21/2024,11:00,ANCHOR_ALL, 19.32,N
01/21/2024,11:00,ANDMDSLR_ALL, 18.97,N
01/21/2024,11:00,ANEM_ESS_RN, 19.99,N
01/21/2024,11:00,ANG_ALL, 18.02,N
01/21/2024,11:00,ANSON1_ALL, 19.03,N
01/21/2024,11:00,APPALOSA_ALL, 18.27,N
01/21/2024,11:00,AQUI_ALL, 19.6,N
01/21/2024,11:00,ARAGORN_RN, 18.38,N
01/21/2024,11:00,ASTRA_RN, 13.49,N
01/21/2024,11:00,ATK_ATKINSG7, 19.84,N
01/21/2024,11:00,AURO_SLR_RN, 19.84,N
01/21/2024,11:00,AUSTPL_ALL, 20.54,N
01/21/2024,11:00,AVIAT_ALL, 18.24,N
01/21/2024,11:00,AZURE_RN, 19.09,N
01/21/2024,11:00,AZ_ALL, 19.96,N
01/21/2024,11:00,BAC_RN_ALL, 19.98,N
01/21/2024,11:00,BAFFIN_ALL, 19.95,N
01/21/2024,11:00,BAIRDWND_ALL, 19.2,N
01/21/2024,11:00,BARROW_ALL, 18.46,N
01/21/2024,11:00,BASTEN_CC1, 20.37,N
01/21/2024,11:00,BASTEN_CCU, 20.37,N
01/21/2024,11:00,BATCAVE_RN, 26.93,N
01/21/2024,11:00,BAYC_BESS_RN, 24.66,N
01/21/2024,11:00,BBREEZE_1_2, 19.97,N
01/21/2024,11:00,BCATWD_WD_1, 19.21,N
01/21/2024,11:00,BCH_RN, 20.21,N
01/21/2024,11:00,BCK_RN, 19.96,N
01/21/2024,11:00,BELM_SLR_RN, 19.83,N
01/21/2024,11:00,BIGSTAR_ALL, 20.35,N
01/21/2024,11:00,BLACKJAK_RN, 19.94,N
01/21/2024,11:00,BLSMT1_5_A_6, 19.09,N
01/21/2024,11:00,BLUEJAY_RN, 19.83,N
01/21/2024,11:00,BOARDCRK_ALL, 19.61,N
01/21/2024,11:00,BOOTLEG_UN1, 18.21,N
01/21/2024,11:00,BORDAS_345, 20.03,N
01/21/2024,11:00,BOSQUESW_CC1, 19.82,N
01/21/2024,11:00,BOSQUESW_CC2, 19.78,N
01/21/2024,11:00,BOSQ_BSQSU_5, 19.78,N
01/21/2024,11:00,BOSQ_BSQS_12, 19.78,N
01/21/2024,11:00,BOSQ_BSQS_34, 19.82,N
01/21/2024,11:00,BRANDON_RN, 18.88,N
01/21/2024,11:00,BRAUNIG_CC1, 18.64,N
01/21/2024,11:00,BRAUNIG_VHB1, 22.89,N
01/21/2024,11:00,BRAUNIG_VHB2, 22.89,N
01/21/2024,11:00,BRAUNIG_VHB3, 23.54,N
01/21/2024,11:00,BRAZ_WND_ALL, 18.77,N
01/21/2024,11:00,BRA_AVR1_CT2, 18.64,N
01/21/2024,11:00,BRA_AVR_CST1, 18.64,N
01/21/2024,11:00,BRHEIGHT_RN, 19.98,N
01/21/2024,11:00,BRIGHTSD_RN, 20.17,N
01/21/2024,11:00,BRIGHTSD_U1, 20.2,N
01/21/2024,11:00,BRISCOE_WIND, 13.5,N
01/21/2024,11:00,BRPANGLE_RN, 20.41,N
01/21/2024,11:00,BRPMAGNO_RN, 19.98,N
01/21/2024,11:00,BRP_BRAZ_RN, 20.43,N
01/21/2024,11:00,BRP_DIKN_RN, 19.98,N
01/21/2024,11:00,BRP_LOOP_RN, 20.04,N
01/21/2024,11:00,BRP_LOP1_RN, 20.04,N
01/21/2024,11:00,BRP_PBL1_RN, 47.77,N
01/21/2024,11:00,BRP_PBL2_RN, 47.76,N
01/21/2024,11:00,BRP_RN_UNIT1, 21.21,N
01/21/2024,11:00,BRP_SEMI_RN, 19.98,N
01/21/2024,11:00,BRP_SWNY_RN, 20.45,N
01/21/2024,11:00,BRP_ZPT1_RN, 20.07,N
01/21/2024,11:00,BRP_ZPT2_RN, 20.07,N
01/21/2024,11:00,BRTSW_BCW1, 19.53,N
01/21/2024,11:00,BR_ARROW_ALL, 19.48,N
01/21/2024,11:00,BR_VHB6CT5_6, 22.89,N
01/21/2024,11:00,BR_VHB6CT7_8, 22.89,N
01/21/2024,11:00,BSS_U1, 20.46,N
01/21/2024,11:00,BTE_BTE_G1, 19.96,N
01/21/2024,11:00,BTE_BTE_G2, 19.96,N
01/21/2024,11:00,BTE_BTE_G3, 19.96,N
01/21/2024,11:00,BTE_BTE_G4, 19.96,N
01/21/2024,11:00,BTE_CC1, 19.96,N
01/21/2024,11:00,BTE_PUN1, 19.96,N
01/21/2024,11:00,BTE_PUN2, 19.96,N
01/21/2024,11:00,BTM_ALL, 20.18,N
01/21/2024,11:00,BUCHAN_ALL, 21.17,N
01/21/2024,11:00,BUCKTHRN_RN, 20.34,N
01/21/2024,11:00,BUFF_GAP_ALL, 18.55,N
01/21/2024,11:00,BULLCRK_1_2, 18.72,N
01/21/2024,11:00,BVE_CC1, 19.96,N
01/21/2024,11:00,BVE_UNIT1, 19.96,N
01/21/2024,11:00,BVE_UNIT2, 19.96,N
01/21/2024,11:00,BVE_UNIT3, 19.96,N
01/21/2024,11:00,BYRDR_ES_ALL, 20.45,N
01/21/2024,11:00,BYU_BYU_1, 19.98,N
01/21/2024,11:00,BYU_BYU_12, 19.98,N
01/21/2024,11:00,BYU_BYU_34, 19.98,N
01/21/2024,11:00,BYU_BYU_G8, 19.98,N
01/21/2024,11:00,BYU_CC1, 19.98,N
01/21/2024,11:00,BYU_G4_RN, 19.98,N
01/21/2024,11:00,BYU_PUN1, 19.98,N
01/21/2024,11:00,BYU_PUN2, 19.98,N
01/21/2024,11:00,BYU_PUN3, 19.98,N
01/21/2024,11:00,BYU_PUN4, 19.98,N
01/21/2024,11:00,B_DAVIS_3, 19.94,N
01/21/2024,11:00,B_DAVIS_4, 19.94,N
01/21/2024,11:00,B_DAVIS_CC1, 19.94,N
01/21/2024,11:00,B_D_B_DAVIG1, 19.94,N
01/21/2024,11:00,B_D_B_DAVIG2, 19.94,N
01/21/2024,11:00,CABEZON_ALL, 20,N
01/21/2024,11:00,CALAVER_JKS1, 19.24,N
01/21/2024,11:00,CALAVER_JKS2, 19.24,N
01/21/2024,11:00,CALAVER_JTD1, 22.73,N
01/21/2024,11:00,CALAVER_JTD2, 22.73,N
01/21/2024,11:00,CALAVER_OWS1, 23.06,N
01/21/2024,11:00,CALAVER_OWS2, 23.06,N
01/21/2024,11:00,CALHOUN_ALL, 19.66,N
01/21/2024,11:00,CALLAHA_WND1, 18.53,N
01/21/2024,11:00,CAL_CALGT1, 19.97,N
01/21/2024,11:00,CAL_CALSTG1, 19.97,N
01/21/2024,11:00,CAL_CC1, 19.97,N
01/21/2024,11:00,CAL_PUN1, 19.97,N
01/21/2024,11:00,CAL_PUN2, 19.97,N
01/21/2024,11:00,CAMWIND_RN, 19,N
01/21/2024,11:00,CANYONWD_ALL, 18.81,N
01/21/2024,11:00,CAPRIDG4_CR4, 18.24,N
01/21/2024,11:00,CAPRIDGE_ALL, 18.24,N
01/21/2024,11:00,CARBN_BSP_1, 18.57,N
01/21/2024,11:00,CASL_GAP_UN1, 18.31,N
01/21/2024,11:00,CATARINA_B1, 21.6,N
01/21/2024,11:00,CBECII_89, 19.95,N
01/21/2024,11:00,CBECII_CC3, 19.95,N
01/21/2024,11:00,CBECII_CT7, 19.95,N
01/21/2024,11:00,CBEC_ALL, 21.69,N
01/21/2024,11:00,CBEC_CC1, 21.69,N
01/21/2024,11:00,CBEC_CC2, 21.69,N
01/21/2024,11:00,CBY4_ALL, 19.96,N
01/21/2024,11:00,CBY4_CC1, 19.96,N
01/21/2024,11:00,CBY_CBY_G1, 19.96,N
01/21/2024,11:00,CBY_CBY_G2, 19.96,N
01/21/2024,11:00,CCEC_CC1, 19.94,N
01/21/2024,11:00,CCEC_GT1, 19.94,N
01/21/2024,11:00,CCEC_GT2, 19.94,N
01/21/2024,11:00,CCEC_PUN1, 19.94,N
01/21/2024,11:00,CCEC_PUN2, 19.94,N
01/21/2024,11:00,CCEC_ST1, 19.94,N
01/21/2024,11:00,CEDROHI_CHW1, 20.05,N
01/21/2024,11:00,CEDRVALE_RN, 18.37,N
01/21/2024,11:00,CFLATS_UNIT, 8.09,N
01/21/2024,11:00,CHALUP_ALL, 19,N
01/21/2024,11:00,CHAL_SLR_RN, 18.38,N
01/21/2024,11:00,CHAMON_UN1, 19.96,N
01/21/2024,11:00,CHAMON_UN2, 19.96,N
01/21/2024,11:00,CHEDPW_GT2, 19.95,N
01/21/2024,11:00,CHE_CC1, 19.95,N
01/21/2024,11:00,CHE_LYD, 19.96,N
01/21/2024,11:00,CHE_LYD2, 19.96,N
01/21/2024,11:00,CHE_PUN1, 19.96,N
01/21/2024,11:00,CHE_PUN2, 19.96,N
01/21/2024,11:00,CHISMGRD_RN, 19.41,N
01/21/2024,11:00,CISC_RN, 19.53,N
01/21/2024,11:00,CITYVICT_ALL, 20.02,N
01/21/2024,11:00,CN_BRKS_UNT1, 13.49,N
01/21/2024,11:00,COL_COLETOG1, 20.02,N
01/21/2024,11:00,CONIGLIO_RN, 19.47,N
01/21/2024,11:00,CONTINEN_RN, 19.04,N
01/21/2024,11:00,CORALSLR_ALL, 19.75,N
01/21/2024,11:00,CORAZON_RN, 20.04,N
01/21/2024,11:00,COTPLNS_RN, 13.48,N
01/21/2024,11:00,COTTON_PAP2, 19.94,N
01/21/2024,11:00,COYOTSPR_RN, 18.37,N
01/21/2024,11:00,CPSES_UNIT1, 19.44,N
01/21/2024,11:00,CPSES_UNIT2, 19.44,N
01/21/2024,11:00,CRANELL_ALL, 19.94,N
01/21/2024,11:00,CROSSETT_ALL, 18.31,N
01/21/2024,11:00,CRWN_SLR_UN1, 19.79,N
01/21/2024,11:00,CSC_CSECG1_2, 18.79,N
01/21/2024,11:00,CVC_CC1, 19.95,N
01/21/2024,11:00,CVC_CVCG1_5, 19.95,N
01/21/2024,11:00,CVC_CVC_G2, 19.95,N
01/21/2024,11:00,CVC_CVC_G3, 19.95,N
01/21/2024,11:00,DAG_ALL, 20.75,N
01/21/2024,11:00,DANSBY_ALL, 19.84,N
01/21/2024,11:00,DAN_ALL, 19.88,N
01/21/2024,11:00,DA_BESS, 20.41,N
01/21/2024,11:00,DC2SES_ALL, 19.67,N
01/21/2024,11:00,DC_E, 19.48,N
01/21/2024,11:00,DC_L, 20.06,N
01/21/2024,11:00,DC_N, 19.11,N
01/21/2024,11:00,DC_R, 19.02,N
01/21/2024,11:00,DDPEC_CC1, 19.97,N
01/21/2024,11:00,DDPEC_GT1, 19.97,N
01/21/2024,11:00,DDPEC_GT2, 19.97,N
01/21/2024,11:00,DDPEC_GT3, 19.97,N
01/21/2024,11:00,DDPEC_GT4, 19.97,N
01/21/2024,11:00,DDPEC_GT6, 19.97,N
01/21/2024,11:00,DDPEC_ST1, 19.97,N
01/21/2024,11:00,DECKER_DPG2, 20.47,N
01/21/2024,11:00,DECKER_GT, 20.47,N
01/21/2024,11:00,DENISON_G1_2, 19.46,N
01/21/2024,11:00,DERMOTT_ALL, 18.91,N
01/21/2024,11:00,DIBOL_RN, 19.58,N
01/21/2024,11:00,DIB_CC1, 19.97,N
01/21/2024,11:00,DIB_DIB_G1, 19.97,N
01/21/2024,11:00,DIB_DIB_G2, 19.97,N
01/21/2024,11:00,DIB_DIB_G3, 19.97,N
01/21/2024,11:00,DIB_DIB_G4, 19.97,N
01/21/2024,11:00,DIB_PUN1, 19.97,N
01/21/2024,11:00,DIB_PUN2, 19.97,N
01/21/2024,11:00,DILEOS_UNIT1, 20.05,N
01/21/2024,11:00,DKNS_ESS_RN, 18.98,N
01/21/2024,11:00,DOWGEN_PUN1, 20.03,N
01/21/2024,11:00,DOWGEN_PUN2, 20.03,N
01/21/2024,11:00,DOWGEN_PUN3, 20.03,N
01/21/2024,11:00,DOW_61_2_63, 20.03,N
01/21/2024,11:00,DOW_64, 20.03,N
01/21/2024,11:00,DOW_81_2_84, 20.03,N
01/21/2024,11:00,DOW_G37_G35, 20.03,N
01/21/2024,11:00,DOW_G66_ST65, 20.03,N
01/21/2024,11:00,DOW_G67, 20.03,N
01/21/2024,11:00,DOW_G96_ST95, 20.03,N
01/21/2024,11:00,DUKE_CC1, 19.01,N
01/21/2024,11:00,DUKE_GST1CCU, 19.01,N
01/21/2024,11:00,DUKE_GT2_CCU, 19.01,N
01/21/2024,11:00,DUP_PUN1, 20.01,N
01/21/2024,11:00,DUP_PUN2, 20.01,N
01/21/2024,11:00,DUP_PUN3, 20.01,N
01/21/2024,11:00,DUP_PUN4, 20.01,N
01/21/2024,11:00,EBELLS_UNIT1, 19.84,N
01/21/2024,11:00,EBNY_ESS_RN, 21.02,N
01/21/2024,11:00,ECLIPSE_UN1, 20.57,N
01/21/2024,11:00,EIFSLR_UNIT1, 19.47,N
01/21/2024,11:00,ELB_ELBCREEK, 18.5,N
01/21/2024,11:00,ELECTRAW_1_2, 19.11,N
01/21/2024,11:00,ELSAUZ_ALL, 19.97,N
01/21/2024,11:00,ELSA_ESR_RN, 19.01,N
01/21/2024,11:00,ELS_RN_1, 19.54,N
01/21/2024,11:00,EL_RAYO_ALL, 19,N
01/21/2024,11:00,ENDPARK_ESS1, 18.87,N
01/21/2024,11:00,ERSL_RN, 20.88,N
01/21/2024,11:00,ESTONIAN_ALL, 19.48,N
01/21/2024,11:00,ETCCS_CC1, 19.55,N
01/21/2024,11:00,ETCCS_CCU, 19.55,N
01/21/2024,11:00,EUNICE_ALL, 18.47,N
01/21/2024,11:00,EXGNSND_RN, 20.07,N
01/21/2024,11:00,EXGNWTL_1, 20.05,N
01/21/2024,11:00,EXN_14, 19.96,N
01/21/2024,11:00,EXN_1_3, 19.96,N
01/21/2024,11:00,EXN_4, 19.96,N
01/21/2024,11:00,EXN_8, 19.96,N
01/21/2024,11:00,EXN_9_13, 19.96,N
01/21/2024,11:00,EXN_PUN1, 19.96,N
01/21/2024,11:00,EXN_PUN2, 19.96,N
01/21/2024,11:00,EXN_PUN3, 19.96,N
01/21/2024,11:00,E_BLACK_RN, 20.22,N
01/21/2024,11:00,FALFUR_RN, 20,N
01/21/2024,11:00,FAL_FALCONG1, 20.03,N
01/21/2024,11:00,FAL_FALCONG2, 20.03,N
01/21/2024,11:00,FAL_FALCONG3, 20.03,N
01/21/2024,11:00,FAULKNER_RN, 18.37,N
01/21/2024,11:00,FEGC_RN, 20.06,N
01/21/2024,11:00,FENCESLR_ALL, 19.59,N
01/21/2024,11:00,FERGCC_CC1, 21.7,N
01/21/2024,11:00,FERGCC_GT1_1, 21.7,N
01/21/2024,11:00,FERGCC_GT2_3, 21.7,N
01/21/2024,11:00,FERGCC_ST1_5, 21.7,N
01/21/2024,11:00,FERMI_ALL, 17.4,N
01/21/2024,11:00,FILESSLR_PV1, 19.56,N
01/21/2024,11:00,FIVEWSLR_ALL, 19.89,N
01/21/2024,11:00,FLCNS_CC1, 18.54,N
01/21/2024,11:00,FLCNS_UNIT1, 18.54,N
01/21/2024,11:00,FLCNS_UNIT2, 18.54,N
01/21/2024,11:00,FLCNS_UNIT3, 18.54,N
01/21/2024,11:00,FLOWERII_RN, 18.35,N
01/21/2024,11:00,FLTBES1, 18.35,N
01/21/2024,11:00,FLTCK_SSI, 20.26,N
01/21/2024,11:00,FLUVANNA_1_2, 18.87,N
01/21/2024,11:00,FLVABES1_ESR, 18.35,N
01/21/2024,11:00,FOARDCTY_ALL, 19.07,N
01/21/2024,11:00,FORMOSA_CC1, 19.61,N
01/21/2024,11:00,FORMOSA_CC2, 19.61,N
01/21/2024,11:00,FORMOSA_PUN1, 19.61,N
01/21/2024,11:00,FORMOSA_PUN2, 19.61,N
01/21/2024,11:00,FOXTROT_ALL, 19.84,N
01/21/2024,11:00,FO_FORMOSA11, 19.61,N
01/21/2024,11:00,FO_FORMOSA12, 19.61,N
01/21/2024,11:00,FO_FORMOSG1, 19.61,N
01/21/2024,11:00,FO_FORMOSG10, 19.61,N
01/21/2024,11:00,FO_FORMOSG13, 19.61,N
01/21/2024,11:00,FO_FORMOSG14, 19.61,N
01/21/2024,11:00,FO_FORMOSG15, 19.61,N
01/21/2024,11:00,FO_FORMOSG2, 19.61,N
01/21/2024,11:00,FO_FORMOSG3, 19.61,N
01/21/2024,11:00,FO_FORMOSG4, 19.61,N
01/21/2024,11:00,FO_FORMOSG5, 19.61,N
01/21/2024,11:00,FO_FORMOSG6, 19.61,N
01/21/2024,11:00,FO_FORMOSG7, 19.61,N
01/21/2024,11:00,FO_FORMOSG8, 19.61,N
01/21/2024,11:00,FO_FORMOSG9, 19.61,N
01/21/2024,11:00,FPPYD_FPP_G1, 20.32,N
01/21/2024,11:00,FPPYD_FPP_G2, 20.32,N
01/21/2024,11:00,FPPYD_FPP_G3, 20.32,N
01/21/2024,11:00,FREC_1_CCU, 19.62,N
01/21/2024,11:00,FREC_2_CCU, 19.62,N
01/21/2024,11:00,FREC_CC1, 19.62,N
01/21/2024,11:00,FREC_CC2, 19.62,N
01/21/2024,11:00,FRMRSVLW_RN, 19.48,N
01/21/2024,11:00,FRNYPP_1_CCU, 19.51,N
01/21/2024,11:00,FRNYPP_2_CCU, 19.51,N
01/21/2024,11:00,FRNYPP_CC1, 19.51,N
01/21/2024,11:00,FRNYPP_CC2, 19.51,N
01/21/2024,11:00,FRONT_EC_CC1, 19.02,N
01/21/2024,11:00,FRONT_EC_RN1, 19.02,N
01/21/2024,11:00,FRONT_EC_RN2, 19.02,N
01/21/2024,11:00,FRONT_EC_RN3, 19.02,N
01/21/2024,11:00,FRYE_SLR_ALL, 13.49,N
01/21/2024,11:00,FTR_CC1, 19.86,N
01/21/2024,11:00,FTR_FTR_G1_4, 19.86,N
01/21/2024,11:00,FTWIND_UNIT1, 18.09,N
01/21/2024,11:00,FWLR_SLR_1, 18.32,N
01/21/2024,11:00,GALO_RN1, 18.25,N
01/21/2024,11:00,GAMBIT_RN, 20.41,N
01/21/2024,11:00,GARC_BESS_RN, 19.05,N
01/21/2024,11:00,GBY_GT, 19.96,N
01/21/2024,11:00,GID_GIDEONG1, 20.41,N
01/21/2024,11:00,GID_GIDEONG2, 20.41,N
01/21/2024,11:00,GID_GIDEONG3, 20.41,N
01/21/2024,11:00,GIGA_ESS_RN, 20.21,N
01/21/2024,11:00,GOA_GOATWIND, 18.3,N
01/21/2024,11:00,GOLINDA_UN1, 19.79,N
01/21/2024,11:00,GOMZ_RN, 18.3,N
01/21/2024,11:00,GOODNIT1_ALL, 13.51,N
01/21/2024,11:00,GPASTURE_ALL, 19,N
01/21/2024,11:00,GRANDVW1_A_B, 13.51,N
01/21/2024,11:00,GRDNE_ESR_RN, 18.51,N
01/21/2024,11:00,GREASWOD_ALL, 18.23,N
01/21/2024,11:00,GRIF_TRL_RN, 19.08,N
01/21/2024,11:00,GRSES_UNIT1, 19.23,N
01/21/2024,11:00,GRSES_UNIT2, 19.15,N
01/21/2024,11:00,GUADG_CC1, 20.22,N
01/21/2024,11:00,GUADG_CC2, 20.22,N
01/21/2024,11:00,GUADG_CCU1, 20.22,N
01/21/2024,11:00,GUADG_CCU2, 20.22,N
01/21/2024,11:00,GUNMTN_NODE, 18.62,N
01/21/2024,11:00,GWEC_G1, 19.5,N
01/21/2024,11:00,HALO_RN1, 19.87,N
01/21/2024,11:00,HAMI_BESS_RN, 20.39,N
01/21/2024,11:00,HAYSEN1_2, 14.04,N
01/21/2024,11:00,HAYSEN3_4, 19.82,N
01/21/2024,11:00,HB_BUSAVG, 19.49,N
01/21/2024,11:00,HB_HOUSTON, 19.95,N
01/21/2024,11:00,HB_HUBAVG, 19.44,N
01/21/2024,11:00,HB_NORTH, 19.52,N
01/21/2024,11:00,HB_PAN, 14.01,N
01/21/2024,11:00,HB_SOUTH, 19.57,N
01/21/2024,11:00,HB_WEST, 18.71,N
01/21/2024,11:00,HELIOS_RN, 20.99,N
01/21/2024,11:00,HHGT_KENDAL, 16.97,N
01/21/2024,11:00,HHOLLW2_WND1, 18.55,N
01/21/2024,11:00,HHOLLW3_WND1, 18.55,N
01/21/2024,11:00,HHOLLW4_WND1, 18.55,N
01/21/2024,11:00,HICK_G1_G2, 13.3,N
01/21/2024,11:00,HI_LONEB_RN1, 13.45,N
01/21/2024,11:00,HI_LONE_ALL, 13.45,N
01/21/2024,11:00,HLSES_UNIT3, 19.48,N
01/21/2024,11:00,HLSES_UNIT4, 19.48,N
01/21/2024,11:00,HLSES_UNIT5, 19.48,N
01/21/2024,11:00,HMNG_ESS_RN, 19.38,N
01/21/2024,11:00,HOLCOMB_RN1, 20.35,N
01/21/2024,11:00,HOLSTEIN_ALL, 18.59,N
01/21/2024,11:00,HOL_ALL, 19.92,N
01/21/2024,11:00,HOPKNSLR_ALL, 19.48,N
01/21/2024,11:00,HORSCR_RN, 18.3,N
01/21/2024,11:00,HORSECRK_RN, 19.09,N
01/21/2024,11:00,HOUSEMTN_RN, 18.31,N
01/21/2024,11:00,HOVEY_GEN, 18.31,N
01/21/2024,11:00,HRBESS_BESS, 18.39,N
01/21/2024,11:00,HRFDWIND_ALL, 13.49,N
01/21/2024,11:00,HRZN_SLR_UN1, 21.02,N
01/21/2024,11:00,HWF_HWFG1, 18.92,N
01/21/2024,11:00,HYDR_ESS_RN, 18.21,N
01/21/2024,11:00,H_HOLLO_WND1, 18.55,N
01/21/2024,11:00,IMP_RN1, 19.47,N
01/21/2024,11:00,INDNENR_1_RN, 18.29,N
01/21/2024,11:00,INDNENR_2_RN, 18.29,N
01/21/2024,11:00,INDNNWP_RN, 18.29,N
01/21/2024,11:00,IND_INADALE1, 18.74,N
01/21/2024,11:00,INGLCOSW_CC1, 19.94,N
01/21/2024,11:00,INGLCOSW_STG, 19.94,N
01/21/2024,11:00,INGLCOS_CTG1, 19.94,N
01/21/2024,11:00,INGLCOS_CTG2, 19.94,N
01/21/2024,11:00,INGLCO_PUN1, 19.94,N
01/21/2024,11:00,INGLCO_PUN2, 19.94,N
01/21/2024,11:00,INGLCO_PUN3, 19.94,N
01/21/2024,11:00,INKS_INKS_G1, 22.86,N
01/21/2024,11:00,INRT_W_ALL, 19.09,N
01/21/2024,11:00,JACKCNTY_CC1, 19.52,N
01/21/2024,11:00,JACKCNTY_CT1, 19.52,N
01/21/2024,11:00,JACKCNTY_CT2, 19.52,N
01/21/2024,11:00,JACKCNTY_STG, 19.52,N
01/21/2024,11:00,JADE_SLR_ALL, 18.91,N
01/21/2024,11:00,JAY_RN_1, 19.93,N
01/21/2024,11:00,JCKCNTY2_CC1, 19.3,N
01/21/2024,11:00,JCKCNTY2_CT3, 19.3,N
01/21/2024,11:00,JCKCNTY2_CT4, 19.3,N
01/21/2024,11:00,JCKCNTY2_ST2, 19.3,N
01/21/2024,11:00,JC_BAT_RN, 21.26,N
01/21/2024,11:00,JDKNS_RN, 18.44,N
01/21/2024,11:00,JUNCTION_RN, 22.59,N
01/21/2024,11:00,JUNO_ALL, 18.7,N
01/21/2024,11:00,KARAKAW1_1, 19.89,N
01/21/2024,11:00,KARAKAW2_1, 19.89,N
01/21/2024,11:00,KEECHI_U1, 19.52,N
01/21/2024,11:00,KELAMSL_U1, 19.58,N
01/21/2024,11:00,KEO_KEO_SM1, 18.3,N
01/21/2024,11:00,KINGE_ALL, 18.29,N
01/21/2024,11:00,KINGW_ALL, 18.31,N
01/21/2024,11:00,KMCHI_CC1, 19.47,N
01/21/2024,11:00,KMCHI_CC2, 19.47,N
01/21/2024,11:00,LACY_CRK_ALL, 18.46,N
01/21/2024,11:00,LAMESASLR_G, 18.61,N
01/21/2024,11:00,LAPETUS_U1, 18.47,N
01/21/2024,11:00,LARDVFTN_G4, 20.06,N
01/21/2024,11:00,LARDVFTN_G5, 20.06,N
01/21/2024,11:00,LASSO_GEN, 18.31,N
01/21/2024,11:00,LBRA_BES1, 20.09,N
01/21/2024,11:00,LEG_LEG_G1, 19.74,N
01/21/2024,11:00,LEG_LEG_G2, 19.74,N
01/21/2024,11:00,LEONLCPCT1_2, 24.55,N
01/21/2024,11:00,LEONLCPCT3_4, 24.55,N
01/21/2024,11:00,LFSTH_RN, 19.58,N
01/21/2024,11:00,LGDRAW_S_ALL, 18.7,N
01/21/2024,11:00,LGD_LANGFORD, 15.24,N
01/21/2024,11:00,LGE_CC1, 19.94,N
01/21/2024,11:00,LGE_LGE_GT1, 19.94,N
01/21/2024,11:00,LGE_LGE_GT2, 19.94,N
01/21/2024,11:00,LGE_LGE_STG, 19.94,N
01/21/2024,11:00,LGE_PUN1, 19.94,N
01/21/2024,11:00,LGE_PUN2, 19.94,N
01/21/2024,11:00,LGW_UNIT_ALL, 18.02,N
01/21/2024,11:00,LHM_CVC_G4, 19.96,N
01/21/2024,11:00,LHM_PUN1, 19.96,N
01/21/2024,11:00,LHM_PUN2, 19.96,N
01/21/2024,11:00,LHORN_N_U1_2, 13.5,N
01/21/2024,11:00,LHSES_UNIT1, 19.5,N
01/21/2024,11:00,LHSES_UNIT2, 19.5,N
01/21/2024,11:00,LIG_RN, 19.96,N
01/21/2024,11:00,LILY_RN, 19.53,N
01/21/2024,11:00,LMAJADAS_ALL, 19,N
01/21/2024,11:00,LMO_ESR_RN, 19.85,N
01/21/2024,11:00,LNCRK_ALL, 18.85,N
01/21/2024,11:00,LONESTAR_RN, 18.39,N
01/21/2024,11:00,LONEWOLF_ALL, 18.6,N
01/21/2024,11:00,LON_RN1, 20.16,N
01/21/2024,11:00,LOSTPI_CC1, 20.32,N
01/21/2024,11:00,LOS_LOSTPGT1, 20.32,N
01/21/2024,11:00,LOS_LOSTPGT2, 20.32,N
01/21/2024,11:00,LOS_LOSTPST1, 20.32,N
01/21/2024,11:00,LPCCS_CC1, 19.47,N
01/21/2024,11:00,LPCCS_CC2, 19.47,N
01/21/2024,11:00,LPCCS_CT11, 19.47,N
01/21/2024,11:00,LPCCS_CT12, 19.47,N
01/21/2024,11:00,LPCCS_CT21, 19.47,N
01/21/2024,11:00,LPCCS_CT22, 19.47,N
01/21/2024,11:00,LPCCS_UNIT1, 19.47,N
01/21/2024,11:00,LPCCS_UNIT2, 19.47,N
01/21/2024,11:00,LV1A_LV1B, 19,N
01/21/2024,11:00,LV3_RN, 19.99,N
01/21/2024,11:00,LV3_UNIT1, 19.99,N
01/21/2024,11:00,LV4_UNIT_1, 19.99,N
01/21/2024,11:00,LV5_UNIT1, 19.04,N
01/21/2024,11:00,LZ_AEN, 20.54,N
01/21/2024,11:00,LZ_CPS, 22.34,N
01/21/2024,11:00,LZ_HOUSTON, 20,N
01/21/2024,11:00,LZ_LCRA, 21.42,N
01/21/2024,11:00,LZ_NORTH, 19.55,N
01/21/2024,11:00,LZ_RAYBN, 19.5,N
01/21/2024,11:00,LZ_SOUTH, 20.26,N
01/21/2024,11:00,LZ_WEST, 18.48,N
01/21/2024,11:00,L_FRE_ESR_RN, 19,N
01/21/2024,11:00,MADERO_RN, 19.02,N
01/21/2024,11:00,MAINLAND_RN, 19.98,N
01/21/2024,11:00,MARBFA, 21.7,N
01/21/2024,11:00,MARIAH_ALL, 13.49,N
01/21/2024,11:00,MAR_MARSFOG1, 20.65,N
01/21/2024,11:00,MAR_MARSFOG2, 20.65,N
01/21/2024,11:00,MAR_MARSFOG3, 20.65,N
01/21/2024,11:00,MASSENGL_CC1, 18.89,N
01/21/2024,11:00,MASSENGL_G6, 18.88,N
01/21/2024,11:00,MASSENGL_G7, 18.88,N
01/21/2024,11:00,MASSENGL_G8, 18.89,N
01/21/2024,11:00,MAVCRK_W_ALL, 18.25,N
01/21/2024,11:00,MCDLD_FCSBW1, 18.54,N
01/21/2024,11:00,MCLNSLR_RN, 20.75,N
01/21/2024,11:00,MCSES_UNIT6, 19.51,N
01/21/2024,11:00,MCSES_UNIT7, 19.51,N
01/21/2024,11:00,MCSES_UNIT8, 19.51,N
01/21/2024,11:00,MDANP_CT1_2, 19.53,N
01/21/2024,11:00,MDANP_CT3_4, 19.52,N
01/21/2024,11:00,MDANP_CT5_6, 19.53,N
01/21/2024,11:00,MERCURY_ALL, 19.6,N
01/21/2024,11:00,MESQCRK_ALL, 18.7,N
01/21/2024,11:00,MESTENO_RN, 19.99,N
01/21/2024,11:00,MGSES_CT123, 18.6,N
01/21/2024,11:00,MGSES_CT456, 18.6,N
01/21/2024,11:00,MIAM1_G1_G2, 13.52,N
01/21/2024,11:00,MIDWY_RN, 18.43,N
01/21/2024,11:00,MIL_MILG1_2, 19.9,N
01/21/2024,11:00,MIL_MILG345, 19.9,N
01/21/2024,11:00,MIRAGE_G1, 19.97,N
01/21/2024,11:00,MIRASOLE_GEN, 19.99,N
01/21/2024,11:00,MISAE_GEN_RN, 13.56,N
01/21/2024,11:00,MLSES_UNIT1, 19.56,N
01/21/2024,11:00,MLSES_UNIT2, 19.56,N
01/21/2024,11:00,MLSES_UNIT3, 19.56,N
01/21/2024,11:00,MNWL_BESS_RN, 19.71,N
01/21/2024,11:00,MOZART_WIND1, 18.76,N
01/21/2024,11:00,MUSTNGCK_ALL, 21.22,N
01/21/2024,11:00,MV_VALV4_RN, 19.01,N
01/21/2024,11:00,MWEC_G1, 18.8,N
01/21/2024,11:00,MYRY_ESR_RN, 19.02,N
01/21/2024,11:00,MYR_ALL, 20.21,N
01/21/2024,11:00,NACPW_UNIT1, 19.57,N
01/21/2024,11:00,NBOHR_RN, 18.47,N
01/21/2024,11:00,NCARBIDEG8, 19.92,N
01/21/2024,11:00,NCARBIDE_1_7, 19.92,N
01/21/2024,11:00,NCARBID_PUN1, 19.92,N
01/21/2024,11:00,NCARBID_PUN2, 19.92,N
01/21/2024,11:00,NCO_RN, 20.46,N
01/21/2024,11:00,NEBULA_RN, 19,N
01/21/2024,11:00,NEDIN_CC1, 16.76,N
01/21/2024,11:00,NED_NEDIN_G1, 19.02,N
01/21/2024,11:00,NED_NEDIN_G2, 19.02,N
01/21/2024,11:00,NED_NEDIN_G3, 12.43,N
01/21/2024,11:00,NF_BRP_RN, 20.55,N
01/21/2024,11:00,NOBLESLR_ALL, 19.38,N
01/21/2024,11:00,NOVA1SLR_ALL, 18.94,N
01/21/2024,11:00,NOVA2S_UNIT1, 18.94,N
01/21/2024,11:00,NUECES_B_CC1, 19.94,N
01/21/2024,11:00,NUE_NUECESG7, 19.94,N
01/21/2024,11:00,NUE_NUECESG8, 19.94,N
01/21/2024,11:00,NUE_NUECESG9, 19.94,N
01/21/2024,11:00,NWF_NWF1, 18.45,N
01/21/2024,11:00,N_AL_BESS_RN, 19.01,N
01/21/2024,11:00,N_MRD_ESR_RN, 19.01,N
01/21/2024,11:00,OBERON_U1, 18.44,N
01/21/2024,11:00,ODESW_RN, 18.45,N
01/21/2024,11:00,OECCS_1, 18.46,N
01/21/2024,11:00,OECCS_2, 18.46,N
01/21/2024,11:00,OECCS_CC1, 18.46,N
01/21/2024,11:00,OECCS_CC2, 18.46,N
01/21/2024,11:00,OGSES_1, 19.79,N
01/21/2024,11:00,OGSES_2, 19.79,N
01/21/2024,11:00,OLIN_OLING_1, 19.49,N
01/21/2024,11:00,OLIN_OLING_2, 19.49,N
01/21/2024,11:00,OLIN_OLING_3, 19.49,N
01/21/2024,11:00,OLIN_OLING_4, 19.49,N
01/21/2024,11:00,OLNEYTN_RN, 19.27,N
01/21/2024,11:00,OR_BESS_RN, 20.65,N
01/21/2024,11:00,OWF_OWF, 18.53,N
01/21/2024,11:00,OXY_OXY_CCG1, 19.94,N
01/21/2024,11:00,OXY_PUN1, 19.94,N
01/21/2024,11:00,OXY_PUN2, 19.94,N
01/21/2024,11:00,PALE_ESS_EN, 18.92,N
01/21/2024,11:00,PALMWI_UNIT1, 19,N
01/21/2024,11:00,PANDA_S_CC1, 19.46,N
01/21/2024,11:00,PANDA_S_CT1, 19.46,N
01/21/2024,11:00,PANDA_S_CT2, 19.46,N
01/21/2024,11:00,PANDA_S_ST1, 19.46,N
01/21/2024,11:00,PANDA_T1_CC1, 19.86,N
01/21/2024,11:00,PANDA_T1_CT1, 19.86,N
01/21/2024,11:00,PANDA_T1_CT2, 19.86,N
01/21/2024,11:00,PANDA_T1_ST1, 19.86,N
01/21/2024,11:00,PANDA_T2_CC1, 19.86,N
01/21/2024,11:00,PANDA_T2_CT1, 19.86,N
01/21/2024,11:00,PANDA_T2_CT2, 19.86,N
01/21/2024,11:00,PANDA_T2_ST1, 19.86,N
01/21/2024,11:00,PAP1_PAP1, 19.94,N
01/21/2024,11:00,PAULN_RN, 19.57,N
01/21/2024,11:00,PAVLOV_BT_RN, 29.21,N
01/21/2024,11:00,PAVO_ESS_ALL, 18.3,N
01/21/2024,11:00,PB2SES_CT1, 18.41,N
01/21/2024,11:00,PB2SES_CT2, 18.41,N
01/21/2024,11:00,PB2SES_CT3, 18.41,N
01/21/2024,11:00,PB2SES_CT4, 18.41,N
01/21/2024,11:00,PB2SES_CT5, 18.41,N
01/21/2024,11:00,PC_NORTH_1, 18.5,N
01/21/2024,11:00,PC_SOUTH_ALL, 18.5,N
01/21/2024,11:00,PEARSA_1_24, 21.02,N
01/21/2024,11:00,PENA_ALL, 19.95,N
01/21/2024,11:00,PES1_RN, 20.06,N
01/21/2024,11:00,PEY_RN, 19.77,N
01/21/2024,11:00,PH1_UNIT1_2, 13.52,N
01/21/2024,11:00,PH2_U1_U2, 13.52,N
01/21/2024,11:00,PHILLWND_ALL, 19.73,N
01/21/2024,11:00,PHOEBE_ALL, 18.42,N
01/21/2024,11:00,PHOENIX_RN, 19.47,N
01/21/2024,11:00,PHO_ALL, 19.95,N
01/21/2024,11:00,PIONR_DJ_RN, 18.46,N
01/21/2024,11:00,PISG_RN_ALL, 19.61,N
01/21/2024,11:00,PITSDD_UNIT1, 19.68,N
01/21/2024,11:00,PLN_ALL, 19.88,N
01/21/2024,11:00,PNPI_GT2_RN, 20.15,N
01/21/2024,11:00,PORTSL_UNIT1, 19.38,N
01/21/2024,11:00,POTSVIL_RN, 22.5,N
01/21/2024,11:00,PRID_RN, 18.95,N
01/21/2024,11:00,PROSPERO_ALL, 18.46,N
01/21/2024,11:00,PRO_RN, 20.06,N
01/21/2024,11:00,PRSPERO2_ALL, 18.46,N
01/21/2024,11:00,PR_PR_ALL, 19.97,N
01/21/2024,11:00,PR_PR_G2, 19.97,N
01/21/2024,11:00,PSA_CC1, 19.96,N
01/21/2024,11:00,PSA_PSA_G1, 19.96,N
01/21/2024,11:00,PSA_PSA_G2, 19.96,N
01/21/2024,11:00,PSA_PSA_G3, 19.96,N
01/21/2024,11:00,PSA_PSA_G4, 19.96,N
01/21/2024,11:00,PSA_PSA_G5, 19.96,N
01/21/2024,11:00,PSA_PSA_G6, 19.96,N
01/21/2024,11:00,PSA_PSA_G7, 19.96,N
01/21/2024,11:00,PSA_PUN1, 19.96,N
01/21/2024,11:00,PSA_PUN2, 19.96,N
01/21/2024,11:00,PSA_PUN3, 19.96,N
01/21/2024,11:00,PSA_PUN4, 19.96,N
01/21/2024,11:00,PSA_PUN5, 19.96,N
01/21/2024,11:00,PSG_CC1, 19.97,N
01/21/2024,11:00,PSG_PSG_GT2, 19.97,N
01/21/2024,11:00,PSG_PSG_GT3, 19.97,N
01/21/2024,11:00,PSG_PSG_ST1, 19.97,N
01/21/2024,11:00,PTLBES_BESS1, 19.96,N
01/21/2024,11:00,PYR_PYRON1, 18.74,N
01/21/2024,11:00,QALSW_ALL, 18.46,N
01/21/2024,11:00,QALSW_CC1, 18.46,N
01/21/2024,11:00,QALSW_CC2, 18.46,N
01/21/2024,11:00,QUEEN_BA_RN, 18.31,N
01/21/2024,11:00,QUEEN_SL_RN, 18.31,N
01/21/2024,11:00,RAB_G1-8, 19.96,N
01/21/2024,11:00,RADN_SLR_ALL, 18.5,N
01/21/2024,11:00,RAMBLER_UNIT, 18.02,N
01/21/2024,11:00,RANCHERO_ALL, 13.35,N
01/21/2024,11:00,RAT_RN_1, 16.22,N
01/21/2024,11:00,RAYBURN_CC1, 20.07,N
01/21/2024,11:00,RAYB_G78910, 20.07,N
01/21/2024,11:00,RBN_BESS1, 20.29,N
01/21/2024,11:00,RDCAN_RDCNY1, 18.78,N
01/21/2024,11:00,REDBARN_RN, 18.21,N
01/21/2024,11:00,REDFISH_ALL, 19,N
01/21/2024,11:00,REDGATE_ALL, 19.02,N
01/21/2024,11:00,REDGATE_RN, 19.02,N
01/21/2024,11:00,RELOJ_ALL, 20.02,N
01/21/2024,11:00,REROCK_ALL, 18.31,N
01/21/2024,11:00,RHESS2_ESS1, 20.24,N
01/21/2024,11:00,RIGGIN_UNIT1, 18.32,N
01/21/2024,11:00,RIOG_ESR_RN, 19.04,N
01/21/2024,11:00,RIONOG_CC1, 20.35,N
01/21/2024,11:00,RIONOG_CT1, 20.35,N
01/21/2024,11:00,RIONOG_CT2, 20.35,N
01/21/2024,11:00,RIONOG_CT3, 20.35,N
01/21/2024,11:00,RIONOG_ST1, 20.35,N
01/21/2024,11:00,RIPPEY_ALL, 19.44,N
01/21/2024,11:00,RN_APOGEE, 18.91,N
01/21/2024,11:00,RN_BYU_G8, 19.98,N
01/21/2024,11:00,RN_DEC_AGR_A, 19.41,N
01/21/2024,11:00,RN_DEC_AGR_B, 19.41,N
01/21/2024,11:00,RN_DEC_AGR_C, 19.41,N
01/21/2024,11:00,RN_DEC_AGR_D, 19.41,N
01/21/2024,11:00,RN_ECEC_HOLT, 18.45,N
01/21/2024,11:00,RN_OCI_ALAMO, 23.9,N
01/21/2024,11:00,RN_RTS1, 18.37,N
01/21/2024,11:00,RN_SR_WIND1, 19,N
01/21/2024,11:00,RN_TOSBATT, 18.56,N
01/21/2024,11:00,ROSELAND_ALL, 19.73,N
01/21/2024,11:00,ROUTE66_RN, 13.51,N
01/21/2024,11:00,ROW_ALL, 19.96,N
01/21/2024,11:00,RPUBRDS_RN, 19.86,N
01/21/2024,11:00,RRANCHES_ALL, 18.38,N
01/21/2024,11:00,RRC_WIND_ALL, 19.33,N
01/21/2024,11:00,RSK_RN, 18.47,N
01/21/2024,11:00,RTLSNAKE_BT, 18.38,N
01/21/2024,11:00,RUSSEKST_RN, 18.25,N
01/21/2024,11:00,RVRVLYS_ALL, 20.2,N
01/21/2024,11:00,SADLBACK_RN, 18.36,N
01/21/2024,11:00,SALVTION_GEN, 19.09,N
01/21/2024,11:00,SAMSON_ALL, 19.48,N
01/21/2024,11:00,SANDHSYD1_2, 20.51,N
01/21/2024,11:00,SANDHSYD3_4, 20.51,N
01/21/2024,11:00,SANDHSYD6_7, 20.51,N
01/21/2024,11:00,SANDHSYD_5AC, 20.51,N
01/21/2024,11:00,SANDHSYD_CC1, 20.51,N
01/21/2024,11:00,SANTACRU_ALL, 19.94,N
01/21/2024,11:00,SAN_SANMIGG1, 20.03,N
01/21/2024,11:00,SBEAN_BESS, 18.38,N
01/21/2024,11:00,SBE_RN_1, 21.08,N
01/21/2024,11:00,SC2SES_UNIT1, 19.57,N
01/21/2024,11:00,SCES_UNIT1, 19.73,N
01/21/2024,11:00,SCLP_PUN1, 20.46,N
01/21/2024,11:00,SCLP_PUN2, 20.46,N
01/21/2024,11:00,SCLP_PUN3, 20.46,N
01/21/2024,11:00,SCLP_PUN4, 20.46,N
01/21/2024,11:00,SCLP_SCLPC_1, 20.46,N
01/21/2024,11:00,SCLP_SCLPC_2, 20.46,N
01/21/2024,11:00,SCLP_SCLPC_3, 20.46,N
01/21/2024,11:00,SCLP_SCLPC_4, 20.46,N
01/21/2024,11:00,SCSES_UNIT2, 19.57,N
01/21/2024,11:00,SDSES_PUN1, 20.09,N
01/21/2024,11:00,SDSES_PUN3, 20.09,N
01/21/2024,11:00,SENATEWD_1, 19.21,N
01/21/2024,11:00,SGM_SIGNALMT, 18.54,N
01/21/2024,11:00,SGSA_DGR, 18.31,N
01/21/2024,11:00,SG_BES_BESS1, 18.32,N
01/21/2024,11:00,SHAFFER_ALL, 19.94,N
01/21/2024,11:00,SHAMROCK_RN, 13.33,N
01/21/2024,11:00,SHANNONW_RN, 19.22,N
01/21/2024,11:00,SHEEPCRK_1, 19.33,N
01/21/2024,11:00,SILASRAY_CC1, 19.02,N
01/21/2024,11:00,SIL_SILAS_10, 19.02,N
01/21/2024,11:00,SIL_SILAS_6, 19.02,N
01/21/2024,11:00,SIL_SILAS_9, 19.02,N
01/21/2024,11:00,SIRIUS_UNIT1, 18.29,N
01/21/2024,11:00,SJS_SJS_G1, 19.97,N
01/21/2024,11:00,SJS_SJS_G2, 19.97,N
01/21/2024,11:00,SKY1, 20.53,N
01/21/2024,11:00,SLCN_ESS_ALL, 20.25,N
01/21/2024,11:00,SLTFRK_UN1_2, 13.52,N
01/21/2024,11:00,SL_PUN1, 19.96,N
01/21/2024,11:00,SL_PUN2, 19.96,N
01/21/2024,11:00,SNY_BESS_RN, 18.72,N
01/21/2024,11:00,SOLARA_UNIT1, 18.8,N
01/21/2024,11:00,SPARTA_ALL, 19.84,N
01/21/2024,11:00,SPLAIN1_RN, 13.48,N
01/21/2024,11:00,SPLAIN2_RN, 13.48,N
01/21/2024,11:00,SPNC_SPNCE_4, 19.53,N
01/21/2024,11:00,SPNC_SPNCE_5, 19.53,N
01/21/2024,11:00,SPTX12B_RN, 18.31,N
01/21/2024,11:00,SROSA_ESR_RN, 19,N
01/21/2024,11:00,SRWE1_UNIT1, 18.7,N
01/21/2024,11:00,SSPURT_WIND1, 13.5,N
01/21/2024,11:00,STAM_SLR_ALL, 19.48,N
01/21/2024,11:00,STEAM_ENG123, 19.49,N
01/21/2024,11:00,STEA_STEAM_1, 19.5,N
01/21/2024,11:00,STEA_STEAM_2, 19.49,N
01/21/2024,11:00,STEA_STEAM_3, 19.49,N
01/21/2024,11:00,STELLA_RN, 19.95,N
01/21/2024,11:00,STP_STP_G1, 19.78,N
01/21/2024,11:00,STP_STP_G2, 19.78,N
01/21/2024,11:00,STRATEGC_RN, 19.56,N
01/21/2024,11:00,STWF_T1, 18.66,N
01/21/2024,11:00,SUNVASLR_ALL, 19.62,N
01/21/2024,11:00,SWEC_G1, 18.54,N
01/21/2024,11:00,SWEETWN2_2_4, 18.66,N
01/21/2024,11:00,SWEETWN3_3, 18.66,N
01/21/2024,11:00,SWEETWND_1, 18.66,N
01/21/2024,11:00,SWOOSE1_U1, 18.4,N
01/21/2024,11:00,SWOOSEII_RN, 18.4,N
01/21/2024,11:00,SWTWN4_WND45, 18.66,N
01/21/2024,11:00,SWT_BESS_RN, 18.66,N
01/21/2024,11:00,S_HILLS_RN, 19.24,N
01/21/2024,11:00,TAHOKA_ALL, 18.75,N
01/21/2024,11:00,TAV_RN, 20.66,N
01/21/2024,11:00,TAYGETE2_ALL, 18.34,N
01/21/2024,11:00,TAYGETE_ALL, 18.34,N
01/21/2024,11:00,TBWF_ES_BES1, 18.31,N
01/21/2024,11:00,TC_PUN1, 19.99,N
01/21/2024,11:00,TC_PUN2, 19.99,N
01/21/2024,11:00,TC_TCHP1, 19.99,N
01/21/2024,11:00,TEN_CC1, 19.59,N
01/21/2024,11:00,TEN_CT1_STG, 19.59,N
01/21/2024,11:00,TGCCS_ALL, 19.56,N
01/21/2024,11:00,TGCCS_CC1, 19.56,N
01/21/2024,11:00,TGF_TGFGT, 21.63,N
01/21/2024,11:00,TGS_GT01, 21.63,N
01/21/2024,11:00,TGW_T1_T2, 19.95,N
01/21/2024,11:00,THW_1_CCU, 19.95,N
01/21/2024,11:00,THW_2_CCU, 19.95,N
01/21/2024,11:00,THW_CC1, 19.95,N
01/21/2024,11:00,THW_CC2, 19.95,N
01/21/2024,11:00,THW_THWGT5X, 19.94,N
01/21/2024,11:00,THW_THWGT_1, 19.95,N
01/21/2024,11:00,TI_SOLAR_ALL, 18.38,N
01/21/2024,11:00,TKWSW_CHAMP, 18.74,N
01/21/2024,11:00,TKWSW_ROSCOE, 18.74,N
01/21/2024,11:00,TNP_TNP_O_1, 19.82,N
01/21/2024,11:00,TNP_TNP_O_2, 19.82,N
01/21/2024,11:00,TNSKA_CC1, 19.47,N
01/21/2024,11:00,TNSKA_CCU, 19.47,N
01/21/2024,11:00,TOPAZ_ALL, 19.98,N
01/21/2024,11:00,TORR_ALL, 20.04,N
01/21/2024,11:00,TORT_ESS_RN, 19.98,N
01/21/2024,11:00,TOYAH_RN, 18.31,N
01/21/2024,11:00,TREB_SOLAR1, 19.66,N
01/21/2024,11:00,TRENT_TRENT, 18.66,N
01/21/2024,11:00,TRINITY_ALL, 19.15,N
01/21/2024,11:00,TRIPBUT1_RN, 18.31,N
01/21/2024,11:00,TRSES_UNIT6, 19.59,N
01/21/2024,11:00,TRUENO_ALL, 19,N
01/21/2024,11:00,TRUSGILL_RN, 19.08,N
01/21/2024,11:00,TTRSW_RN, 19.48,N
01/21/2024,11:00,TTWEC_G1, 18.28,N
01/21/2024,11:00,TURQ_BESS1, 19.49,N
01/21/2024,11:00,TV_RN, 20.19,N
01/21/2024,11:00,TXCTY_CC1, 19.98,N
01/21/2024,11:00,TXCTY_CTA, 19.98,N
01/21/2024,11:00,TXCTY_CTB, 19.98,N
01/21/2024,11:00,TXCTY_CTC, 19.98,N
01/21/2024,11:00,TXCTY_ST, 19.98,N
01/21/2024,11:00,TYLRWIND_RN, 19.44,N
01/21/2024,11:00,T_CK_GT2_RN, 18.87,N
01/21/2024,11:00,T_CK_GT3_RN, 18.87,N
01/21/2024,11:00,UCC_COG_PUN2, 19.98,N
01/21/2024,11:00,UCC_UCC_C_2, 19.98,N
01/21/2024,11:00,VANCOURT_RN, 19,N
01/21/2024,11:00,VENADO_ALL, 20.04,N
01/21/2024,11:00,VERAWIND_ALL, 19.08,N
01/21/2024,11:00,VERTIGO_UN1, 19,N
01/21/2024,11:00,VICTORIA_CC1, 20.02,N
01/21/2024,11:00,VICTPORT_RN, 20.01,N
01/21/2024,11:00,VIC_VICTORG5, 20.02,N
01/21/2024,11:00,VIC_VICTORG6, 20.02,N
01/21/2024,11:00,VISION_RN, 19.58,N
01/21/2024,11:00,VLSES_UNIT3, 19.47,N
01/21/2024,11:00,VORT_ALL_RN, 19.14,N
01/21/2024,11:00,WAKEWE_ALL, 18.98,N
01/21/2024,11:00,WAP_WAPGT_1, 20.15,N
01/21/2024,11:00,WAP_WAP_G1, 20.15,N
01/21/2024,11:00,WAP_WAP_G2, 20.15,N
01/21/2024,11:00,WAP_WAP_G3, 20.19,N
01/21/2024,11:00,WAP_WAP_G4, 20.19,N
01/21/2024,11:00,WAP_WAP_G5, 20.15,N
01/21/2024,11:00,WAP_WAP_G6, 19.95,N
01/21/2024,11:00,WAP_WAP_G7, 19.95,N
01/21/2024,11:00,WAP_WAP_G8, 19.96,N
01/21/2024,11:00,WAYMARK_RN, 18.21,N
01/21/2024,11:00,WCPP_CC1, 19.31,N
01/21/2024,11:00,WCPP_CT1, 19.31,N
01/21/2024,11:00,WCPP_CT2, 19.31,N
01/21/2024,11:00,WCPP_ST1, 19.31,N
01/21/2024,11:00,WEBBER_WS_T1, 20.37,N
01/21/2024,11:00,WEC_WECG1, 18.9,N
01/21/2024,11:00,WES_ALL, 20.44,N
01/21/2024,11:00,WFCOGEN_13, 19.18,N
01/21/2024,11:00,WFCOGEN_24, 19.18,N
01/21/2024,11:00,WFCOGEN_CC1, 19.18,N
01/21/2024,11:00,WFTANK_ESS1, 20.04,N
01/21/2024,11:00,WGU_RN, 20.38,N
01/21/2024,11:00,WHCCS2_4, 19.45,N
01/21/2024,11:00,WHCCS2_5_6, 19.45,N
01/21/2024,11:00,WHCCS2_CC2, 19.45,N
01/21/2024,11:00,WHCCS_CC1, 19.45,N
01/21/2024,11:00,WHCCS_CT1_ST, 19.45,N
01/21/2024,11:00,WHCCS_CT2, 19.45,N
01/21/2024,11:00,WHITE_PT_UN1, 19.93,N
01/21/2024,11:00,WHMESA_U1, 13.3,N
01/21/2024,11:00,WHTTAIL_WR1, 19.44,N
01/21/2024,11:00,WH_WIND_ALL, 18.87,N
01/21/2024,11:00,WILDWIND_ALL, 19.39,N
01/21/2024,11:00,WIPOPA_1_2, 20.37,N
01/21/2024,11:00,WIPOPA_3_4, 20.37,N
01/21/2024,11:00,WIR_WIRTZ_G1, 21.56,N
01/21/2024,11:00,WIR_WIRTZ_G2, 21.56,N
01/21/2024,11:00,WLTC_ESR_RN, 19.94,N
01/21/2024,11:00,WL_RANCH_RN, 17.69,N
01/21/2024,11:00,WNDTS2_UNIT1, 19.28,N
01/21/2024,11:00,WND_WHITNEY, 19.81,N
01/21/2024,11:00,WOODWRD1_RN, 18.3,N
01/21/2024,11:00,WOODWRD2_RN, 18.3,N
01/21/2024,11:00,WOV_BESS_RN, 18.45,N
01/21/2024,11:00,WRSBES_BESS1, 18.38,N
01/21/2024,11:00,W_HRL_ESR_RN, 19,N
01/21/2024,11:00,W_PECO_UNIT1, 18.38,N
01/21/2024,11:00,X443ESRN, 25.72,N
01/21/2024,11:00,YNG_WND_ALL, 19.18,N
01/21/2024,11:00,ZIER_SLR_ALL, 20.51,N
01/21/2024,12:00,7RNCHSLR_ALL, 19.25,N
01/21/2024,12:00,AEEC, 17,N
01/21/2024,12:00,AGUAYO_UNIT1, 17.19,N
01/21/2024,12:00,AJAXWIND_RN, 17.23,N
01/21/2024,12:00,ALGOD_ALL_RN, 18.81,N
01/21/2024,12:00,ALVIN_RN, 18.74,N
01/21/2024,12:00,AMADEUS_ALL, 17.09,N
01/21/2024,12:00,AMISTAD_ALL, 18.72,N
01/21/2024,12:00,AMOCOOIL_CC1, 18.74,N
01/21/2024,12:00,AMOCOOIL_CC2, 18.74,N
01/21/2024,12:00,AMOCO_PUN1, 18.74,N
01/21/2024,12:00,AMOCO_PUN2, 18.74,N
01/21/2024,12:00,AMO_AMOCO_1, 18.74,N
01/21/2024,12:00,AMO_AMOCO_2, 18.74,N
01/21/2024,12:00,AMO_AMOCO_5, 18.74,N
01/21/2024,12:00,AMO_AMOCO_G1, 18.74,N
01/21/2024,12:00,AMO_AMOCO_G2, 18.74,N
01/21/2024,12:00,AMO_AMOCO_G3, 18.74,N
01/21/2024,12:00,AMO_AMOCO_S1, 18.74,N
01/21/2024,12:00,AMO_AMOCO_S2, 18.74,N
01/21/2024,12:00,ANACACHO_ANA, 19.03,N
01/21/2024,12:00,ANCHOR_ALL, 17.39,N
01/21/2024,12:00,ANDMDSLR_ALL, 17.05,N
01/21/2024,12:00,ANEM_ESS_RN, 18.87,N
01/21/2024,12:00,ANG_ALL, 16.09,N
01/21/2024,12:00,ANSON1_ALL, 17.1,N
01/21/2024,12:00,APPALOSA_ALL, 16.17,N
01/21/2024,12:00,AQUI_ALL, 18.37,N
01/21/2024,12:00,ARAGORN_RN, 16.39,N
01/21/2024,12:00,ASTRA_RN, 10.45,N
01/21/2024,12:00,ATK_ATKINSG7, 18.61,N
01/21/2024,12:00,AURO_SLR_RN, 18.63,N
01/21/2024,12:00,AUSTPL_ALL, 19.4,N
01/21/2024,12:00,AVIAT_ALL, 16.31,N
01/21/2024,12:00,AZURE_RN, 17.17,N
01/21/2024,12:00,AZ_ALL, 18.72,N
01/21/2024,12:00,BAC_RN_ALL, 18.74,N
01/21/2024,12:00,BAFFIN_ALL, 18.85,N
01/21/2024,12:00,BAIRDWND_ALL, 17.27,N
01/21/2024,12:00,BARROW_ALL, 16.5,N
01/21/2024,12:00,BASTEN_CC1, 19.23,N
01/21/2024,12:00,BASTEN_CCU, 19.23,N
01/21/2024,12:00,BATCAVE_RN, 25.42,N
01/21/2024,12:00,BAYC_BESS_RN, 21.89,N
01/21/2024,12:00,BBREEZE_1_2, 18.86,N
01/21/2024,12:00,BCATWD_WD_1, 17.36,N
01/21/2024,12:00,BCH_RN, 18.89,N
01/21/2024,12:00,BCK_RN, 18.74,N
01/21/2024,12:00,BELM_SLR_RN, 18.63,N
01/21/2024,12:00,BIGSTAR_ALL, 19.21,N
01/21/2024,12:00,BLACKJAK_RN, 18.84,N
01/21/2024,12:00,BLSMT1_5_A_6, 17.18,N
01/21/2024,12:00,BLUEJAY_RN, 18.6,N
01/21/2024,12:00,BOARDCRK_ALL, 18.37,N
01/21/2024,12:00,BOOTLEG_UN1, 16.18,N
01/21/2024,12:00,BORDAS_345, 18.9,N
01/21/2024,12:00,BOSQUESW_CC1, 18.55,N
01/21/2024,12:00,BOSQUESW_CC2, 18.53,N
01/21/2024,12:00,BOSQ_BSQSU_5, 18.53,N
01/21/2024,12:00,BOSQ_BSQS_12, 18.53,N
01/21/2024,12:00,BOSQ_BSQS_34, 18.55,N
01/21/2024,12:00,BRANDON_RN, 16.95,N
01/21/2024,12:00,BRAUNIG_CC1, 17.79,N
01/21/2024,12:00,BRAUNIG_VHB1, 21,N
01/21/2024,12:00,BRAUNIG_VHB2, 21,N
01/21/2024,12:00,BRAUNIG_VHB3, 21.44,N
01/21/2024,12:00,BRAZ_WND_ALL, 16.84,N
01/21/2024,12:00,BRA_AVR1_CT2, 17.79,N
01/21/2024,12:00,BRA_AVR_CST1, 17.79,N
01/21/2024,12:00,BRHEIGHT_RN, 18.74,N
01/21/2024,12:00,BRIGHTSD_RN, 19.01,N
01/21/2024,12:00,BRIGHTSD_U1, 19.04,N
01/21/2024,12:00,BRISCOE_WIND, 10.46,N
01/21/2024,12:00,BRPANGLE_RN, 19.03,N
01/21/2024,12:00,BRPMAGNO_RN, 18.74,N
01/21/2024,12:00,BRP_BRAZ_RN, 19.04,N
01/21/2024,12:00,BRP_DIKN_RN, 18.74,N
01/21/2024,12:00,BRP_LOOP_RN, 19,N
01/21/2024,12:00,BRP_LOP1_RN, 18.91,N
01/21/2024,12:00,BRP_PBL1_RN, 46.28,N
01/21/2024,12:00,BRP_PBL2_RN, 46.28,N
01/21/2024,12:00,BRP_RN_UNIT1, 19.66,N
01/21/2024,12:00,BRP_SEMI_RN, 18.74,N
01/21/2024,12:00,BRP_SWNY_RN, 19.05,N
01/21/2024,12:00,BRP_ZPT1_RN, 18.93,N
01/21/2024,12:00,BRP_ZPT2_RN, 18.93,N
01/21/2024,12:00,BRTSW_BCW1, 17.95,N
01/21/2024,12:00,BR_ARROW_ALL, 18.24,N
01/21/2024,12:00,BR_VHB6CT5_6, 21,N
01/21/2024,12:00,BR_VHB6CT7_8, 21,N
01/21/2024,12:00,BSS_U1, 19.06,N
01/21/2024,12:00,BTE_BTE_G1, 18.72,N
01/21/2024,12:00,BTE_BTE_G2, 18.72,N
01/21/2024,12:00,BTE_BTE_G3, 18.72,N
01/21/2024,12:00,BTE_BTE_G4, 18.72,N
01/21/2024,12:00,BTE_CC1, 18.72,N
01/21/2024,12:00,BTE_PUN1, 18.72,N
01/21/2024,12:00,BTE_PUN2, 18.72,N
01/21/2024,12:00,BTM_ALL, 18.87,N
01/21/2024,12:00,BUCHAN_ALL, 19.91,N
01/21/2024,12:00,BUCKTHRN_RN, 18.8,N
01/21/2024,12:00,BUFF_GAP_ALL, 16.66,N
01/21/2024,12:00,BULLCRK_1_2, 16.79,N
01/21/2024,12:00,BVE_CC1, 18.74,N
01/21/2024,12:00,BVE_UNIT1, 18.74,N
01/21/2024,12:00,BVE_UNIT2, 18.74,N
01/21/2024,12:00,BVE_UNIT3, 18.74,N
01/21/2024,12:00,BYRDR_ES_ALL, 19.05,N
01/21/2024,12:00,BYU_BYU_1, 18.73,N
01/21/2024,12:00,BYU_BYU_12, 18.73,N
01/21/2024,12:00,BYU_BYU_34, 18.73,N
01/21/2024,12:00,BYU_BYU_G8, 18.73,N
01/21/2024,12:00,BYU_CC1, 18.73,N
01/21/2024,12:00,BYU_G4_RN, 18.73,N
01/21/2024,12:00,BYU_PUN1, 18.73,N
01/21/2024,12:00,BYU_PUN2, 18.73,N
01/21/2024,12:00,BYU_PUN3, 18.73,N
01/21/2024,12:00,BYU_PUN4, 18.73,N
01/21/2024,12:00,B_DAVIS_3, 18.84,N
01/21/2024,12:00,B_DAVIS_4, 18.84,N
01/21/2024,12:00,B_DAVIS_CC1, 18.84,N
01/21/2024,12:00,B_D_B_DAVIG1, 18.84,N
01/21/2024,12:00,B_D_B_DAVIG2, 18.84,N
01/21/2024,12:00,CABEZON_ALL, 18.89,N
01/21/2024,12:00,CALAVER_JKS1, 18.27,N
01/21/2024,12:00,CALAVER_JKS2, 18.27,N
01/21/2024,12:00,CALAVER_JTD1, 20.85,N
01/21/2024,12:00,CALAVER_JTD2, 20.85,N
01/21/2024,12:00,CALAVER_OWS1, 21.12,N
01/21/2024,12:00,CALAVER_OWS2, 21.12,N
01/21/2024,12:00,CALHOUN_ALL, 18.65,N
01/21/2024,12:00,CALLAHA_WND1, 16.64,N
01/21/2024,12:00,CAL_CALGT1, 18.72,N
01/21/2024,12:00,CAL_CALSTG1, 18.72,N
01/21/2024,12:00,CAL_CC1, 18.72,N
01/21/2024,12:00,CAL_PUN1, 18.72,N
01/21/2024,12:00,CAL_PUN2, 18.72,N
01/21/2024,12:00,CAMWIND_RN, 18.86,N
01/21/2024,12:00,CANYONWD_ALL, 16.88,N
01/21/2024,12:00,CAPRIDG4_CR4, 16.31,N
01/21/2024,12:00,CAPRIDGE_ALL, 16.31,N
01/21/2024,12:00,CARBN_BSP_1, 16.63,N
01/21/2024,12:00,CASL_GAP_UN1, 16.3,N
01/21/2024,12:00,CATARINA_B1, 20.18,N
01/21/2024,12:00,CBECII_89, 18.74,N
01/21/2024,12:00,CBECII_CC3, 18.74,N
01/21/2024,12:00,CBECII_CT7, 18.74,N
01/21/2024,12:00,CBEC_ALL, 19.91,N
01/21/2024,12:00,CBEC_CC1, 19.91,N
01/21/2024,12:00,CBEC_CC2, 19.91,N
01/21/2024,12:00,CBY4_ALL, 18.72,N
01/21/2024,12:00,CBY4_CC1, 18.72,N
01/21/2024,12:00,CBY_CBY_G1, 18.72,N
01/21/2024,12:00,CBY_CBY_G2, 18.72,N
01/21/2024,12:00,CCEC_CC1, 18.85,N
01/21/2024,12:00,CCEC_GT1, 18.85,N
01/21/2024,12:00,CCEC_GT2, 18.85,N
01/21/2024,12:00,CCEC_PUN1, 18.85,N
01/21/2024,12:00,CCEC_PUN2, 18.85,N
01/21/2024,12:00,CCEC_ST1, 18.85,N
01/21/2024,12:00,CEDROHI_CHW1, 18.92,N
01/21/2024,12:00,CEDRVALE_RN, 16.38,N
01/21/2024,12:00,CFLATS_UNIT, 6.79,N
01/21/2024,12:00,CHALUP_ALL, 18.86,N
01/21/2024,12:00,CHAL_SLR_RN, 16.4,N
01/21/2024,12:00,CHAMON_UN1, 18.72,N
01/21/2024,12:00,CHAMON_UN2, 18.72,N
01/21/2024,12:00,CHEDPW_GT2, 18.71,N
01/21/2024,12:00,CHE_CC1, 18.71,N
01/21/2024,12:00,CHE_LYD, 18.71,N
01/21/2024,12:00,CHE_LYD2, 18.71,N
01/21/2024,12:00,CHE_PUN1, 18.71,N
01/21/2024,12:00,CHE_PUN2, 18.71,N
01/21/2024,12:00,CHISMGRD_RN, 18.16,N
01/21/2024,12:00,CISC_RN, 17.75,N
01/21/2024,12:00,CITYVICT_ALL, 18.95,N
01/21/2024,12:00,CN_BRKS_UNT1, 10.46,N
01/21/2024,12:00,COL_COLETOG1, 18.92,N
01/21/2024,12:00,CONIGLIO_RN, 18.23,N
01/21/2024,12:00,CONTINEN_RN, 18.89,N
01/21/2024,12:00,CORALSLR_ALL, 18.52,N
01/21/2024,12:00,CORAZON_RN, 18.91,N
01/21/2024,12:00,COTPLNS_RN, 10.44,N
01/21/2024,12:00,COTTON_PAP2, 18.84,N
01/21/2024,12:00,COYOTSPR_RN, 16.38,N
01/21/2024,12:00,CPSES_UNIT1, 18.2,N
01/21/2024,12:00,CPSES_UNIT2, 18.2,N
01/21/2024,12:00,CRANELL_ALL, 18.84,N
01/21/2024,12:00,CROSSETT_ALL, 16.3,N
01/21/2024,12:00,CRWN_SLR_UN1, 18.57,N
01/21/2024,12:00,CSC_CSECG1_2, 16.86,N
01/21/2024,12:00,CVC_CC1, 18.71,N
01/21/2024,12:00,CVC_CVCG1_5, 18.71,N
01/21/2024,12:00,CVC_CVC_G2, 18.71,N
01/21/2024,12:00,CVC_CVC_G3, 18.71,N
01/21/2024,12:00,DAG_ALL, 19.25,N
01/21/2024,12:00,DANSBY_ALL, 18.61,N
01/21/2024,12:00,DAN_ALL, 18.74,N
01/21/2024,12:00,DA_BESS, 19.03,N
01/21/2024,12:00,DC2SES_ALL, 18.36,N
01/21/2024,12:00,DC_E, 18.23,N
01/21/2024,12:00,DC_L, 18.93,N
01/21/2024,12:00,DC_N, 17.19,N
01/21/2024,12:00,DC_R, 18.87,N
01/21/2024,12:00,DDPEC_CC1, 18.72,N
01/21/2024,12:00,DDPEC_GT1, 18.72,N
01/21/2024,12:00,DDPEC_GT2, 18.72,N
01/21/2024,12:00,DDPEC_GT3, 18.72,N
01/21/2024,12:00,DDPEC_GT4, 18.72,N
01/21/2024,12:00,DDPEC_GT6, 18.72,N
01/21/2024,12:00,DDPEC_ST1, 18.72,N
01/21/2024,12:00,DECKER_DPG2, 19.32,N
01/21/2024,12:00,DECKER_GT, 19.32,N
01/21/2024,12:00,DENISON_G1_2, 18.21,N
01/21/2024,12:00,DERMOTT_ALL, 16.98,N
01/21/2024,12:00,DIBOL_RN, 18.34,N
01/21/2024,12:00,DIB_CC1, 18.72,N
01/21/2024,12:00,DIB_DIB_G1, 18.72,N
01/21/2024,12:00,DIB_DIB_G2, 18.72,N
01/21/2024,12:00,DIB_DIB_G3, 18.72,N
01/21/2024,12:00,DIB_DIB_G4, 18.72,N
01/21/2024,12:00,DIB_PUN1, 18.72,N
01/21/2024,12:00,DIB_PUN2, 18.72,N
01/21/2024,12:00,DILEOS_UNIT1, 18.73,N
01/21/2024,12:00,DKNS_ESS_RN, 17.06,N
01/21/2024,12:00,DOWGEN_PUN1, 18.75,N
01/21/2024,12:00,DOWGEN_PUN2, 18.75,N
01/21/2024,12:00,DOWGEN_PUN3, 18.75,N
01/21/2024,12:00,DOW_61_2_63, 18.75,N
01/21/2024,12:00,DOW_64, 18.75,N
01/21/2024,12:00,DOW_81_2_84, 18.75,N
01/21/2024,12:00,DOW_G37_G35, 18.75,N
01/21/2024,12:00,DOW_G66_ST65, 18.75,N
01/21/2024,12:00,DOW_G67, 18.75,N
01/21/2024,12:00,DOW_G96_ST95, 18.75,N
01/21/2024,12:00,DUKE_CC1, 18.87,N
01/21/2024,12:00,DUKE_GST1CCU, 18.87,N
01/21/2024,12:00,DUKE_GT2_CCU, 18.87,N
01/21/2024,12:00,DUP_PUN1, 18.91,N
01/21/2024,12:00,DUP_PUN2, 18.91,N
01/21/2024,12:00,DUP_PUN3, 18.91,N
01/21/2024,12:00,DUP_PUN4, 18.91,N
01/21/2024,12:00,EBELLS_UNIT1, 18.63,N
01/21/2024,12:00,EBNY_ESS_RN, 19.64,N
01/21/2024,12:00,ECLIPSE_UN1, 18.93,N
01/21/2024,12:00,EIFSLR_UNIT1, 18.23,N
01/21/2024,12:00,ELB_ELBCREEK, 16.56,N
01/21/2024,12:00,ELECTRAW_1_2, 17.2,N
01/21/2024,12:00,ELSAUZ_ALL, 18.86,N
01/21/2024,12:00,ELSA_ESR_RN, 18.87,N
01/21/2024,12:00,ELS_RN_1, 18.29,N
01/21/2024,12:00,EL_RAYO_ALL, 18.86,N
01/21/2024,12:00,ENDPARK_ESS1, 16.95,N
01/21/2024,12:00,ERSL_RN, 19.47,N
01/21/2024,12:00,ESTONIAN_ALL, 18.23,N
01/21/2024,12:00,ETCCS_CC1, 18.31,N
01/21/2024,12:00,ETCCS_CCU, 18.31,N
01/21/2024,12:00,EUNICE_ALL, 16.51,N
01/21/2024,12:00,EXGNSND_RN, 18.93,N
01/21/2024,12:00,EXGNWTL_1, 18.92,N
01/21/2024,12:00,EXN_14, 18.72,N
01/21/2024,12:00,EXN_1_3, 18.72,N
01/21/2024,12:00,EXN_4, 18.72,N
01/21/2024,12:00,EXN_8, 18.72,N
01/21/2024,12:00,EXN_9_13, 18.72,N
01/21/2024,12:00,EXN_PUN1, 18.72,N
01/21/2024,12:00,EXN_PUN2, 18.72,N
01/21/2024,12:00,EXN_PUN3, 18.72,N
01/21/2024,12:00,E_BLACK_RN, 19.06,N
01/21/2024,12:00,FALFUR_RN, 18.88,N
01/21/2024,12:00,FAL_FALCONG1, 18.9,N
01/21/2024,12:00,FAL_FALCONG2, 18.9,N
01/21/2024,12:00,FAL_FALCONG3, 18.9,N
01/21/2024,12:00,FAULKNER_RN, 16.38,N
01/21/2024,12:00,FEGC_RN, 18.79,N
01/21/2024,12:00,FENCESLR_ALL, 18.35,N
01/21/2024,12:00,FERGCC_CC1, 20.44,N
01/21/2024,12:00,FERGCC_GT1_1, 20.44,N
01/21/2024,12:00,FERGCC_GT2_3, 20.44,N
01/21/2024,12:00,FERGCC_ST1_5, 20.44,N
01/21/2024,12:00,FERMI_ALL, 4.22,N
01/21/2024,12:00,FILESSLR_PV1, 18.32,N
01/21/2024,12:00,FIVEWSLR_ALL, 18.69,N
01/21/2024,12:00,FLCNS_CC1, 16.6,N
01/21/2024,12:00,FLCNS_UNIT1, 16.6,N
01/21/2024,12:00,FLCNS_UNIT2, 16.6,N
01/21/2024,12:00,FLCNS_UNIT3, 16.6,N
01/21/2024,12:00,FLOWERII_RN, 16.35,N
01/21/2024,12:00,FLTBES1, 16.35,N
01/21/2024,12:00,FLTCK_SSI, 18.6,N
01/21/2024,12:00,FLUVANNA_1_2, 16.95,N
01/21/2024,12:00,FLVABES1_ESR, 16.35,N
01/21/2024,12:00,FOARDCTY_ALL, 17.16,N
01/21/2024,12:00,FORMOSA_CC1, 18.61,N
01/21/2024,12:00,FORMOSA_CC2, 18.61,N
01/21/2024,12:00,FORMOSA_PUN1, 18.61,N
01/21/2024,12:00,FORMOSA_PUN2, 18.61,N
01/21/2024,12:00,FOXTROT_ALL, 18.76,N
01/21/2024,12:00,FO_FORMOSA11, 18.61,N
01/21/2024,12:00,FO_FORMOSA12, 18.61,N
01/21/2024,12:00,FO_FORMOSG1, 18.61,N
01/21/2024,12:00,FO_FORMOSG10, 18.61,N
01/21/2024,12:00,FO_FORMOSG13, 18.61,N
01/21/2024,12:00,FO_FORMOSG14, 18.61,N
01/21/2024,12:00,FO_FORMOSG15, 18.61,N
01/21/2024,12:00,FO_FORMOSG2, 18.61,N
01/21/2024,12:00,FO_FORMOSG3, 18.61,N
01/21/2024,12:00,FO_FORMOSG4, 18.61,N
01/21/2024,12:00,FO_FORMOSG5, 18.61,N
01/21/2024,12:00,FO_FORMOSG6, 18.61,N
01/21/2024,12:00,FO_FORMOSG7, 18.61,N
01/21/2024,12:00,FO_FORMOSG8, 18.61,N
01/21/2024,12:00,FO_FORMOSG9, 18.61,N
01/21/2024,12:00,FPPYD_FPP_G1, 19.16,N
01/21/2024,12:00,FPPYD_FPP_G2, 19.16,N
01/21/2024,12:00,FPPYD_FPP_G3, 19.16,N
01/21/2024,12:00,FREC_1_CCU, 18.38,N
01/21/2024,12:00,FREC_2_CCU, 18.38,N
01/21/2024,12:00,FREC_CC1, 18.38,N
01/21/2024,12:00,FREC_CC2, 18.38,N
01/21/2024,12:00,FRMRSVLW_RN, 18.23,N
01/21/2024,12:00,FRNYPP_1_CCU, 18.27,N
01/21/2024,12:00,FRNYPP_2_CCU, 18.27,N
01/21/2024,12:00,FRNYPP_CC1, 18.27,N
01/21/2024,12:00,FRNYPP_CC2, 18.27,N
01/21/2024,12:00,FRONT_EC_CC1, 18.87,N
01/21/2024,12:00,FRONT_EC_RN1, 18.87,N
01/21/2024,12:00,FRONT_EC_RN2, 18.87,N
01/21/2024,12:00,FRONT_EC_RN3, 18.87,N
01/21/2024,12:00,FRYE_SLR_ALL, 10.46,N
01/21/2024,12:00,FTR_CC1, 18.62,N
01/21/2024,12:00,FTR_FTR_G1_4, 18.62,N
01/21/2024,12:00,FTWIND_UNIT1, 16.37,N
01/21/2024,12:00,FWLR_SLR_1, 16.31,N
01/21/2024,12:00,GALO_RN1, 16.37,N
01/21/2024,12:00,GAMBIT_RN, 19.03,N
01/21/2024,12:00,GARC_BESS_RN, 18.89,N
01/21/2024,12:00,GBY_GT, 18.72,N
01/21/2024,12:00,GID_GIDEONG1, 19.25,N
01/21/2024,12:00,GID_GIDEONG2, 19.25,N
01/21/2024,12:00,GID_GIDEONG3, 19.25,N
01/21/2024,12:00,GIGA_ESS_RN, 19.06,N
01/21/2024,12:00,GOA_GOATWIND, 16.37,N
01/21/2024,12:00,GOLINDA_UN1, 18.57,N
01/21/2024,12:00,GOMZ_RN, 16.3,N
01/21/2024,12:00,GOODNIT1_ALL, 10.47,N
01/21/2024,12:00,GPASTURE_ALL, 17.09,N
01/21/2024,12:00,GRANDVW1_A_B, 10.47,N
01/21/2024,12:00,GRDNE_ESR_RN, 16.55,N
01/21/2024,12:00,GREASWOD_ALL, 16.2,N
01/21/2024,12:00,GRIF_TRL_RN, 17.16,N
01/21/2024,12:00,GRSES_UNIT1, 17.38,N
01/21/2024,12:00,GRSES_UNIT2, 17.24,N
01/21/2024,12:00,GUADG_CC1, 19.1,N
01/21/2024,12:00,GUADG_CC2, 19.1,N
01/21/2024,12:00,GUADG_CCU1, 19.1,N
01/21/2024,12:00,GUADG_CCU2, 19.1,N
01/21/2024,12:00,GUNMTN_NODE, 16.68,N
01/21/2024,12:00,GWEC_G1, 17.94,N
01/21/2024,12:00,HALO_RN1, 18.67,N
01/21/2024,12:00,HAMI_BESS_RN, 18.72,N
01/21/2024,12:00,HAYSEN1_2, 12.5,N
01/21/2024,12:00,HAYSEN3_4, 18.68,N
01/21/2024,12:00,HB_BUSAVG, 18.22,N
01/21/2024,12:00,HB_HOUSTON, 18.72,N
01/21/2024,12:00,HB_HUBAVG, 18.08,N
01/21/2024,12:00,HB_NORTH, 18.27,N
01/21/2024,12:00,HB_PAN, 11.07,N
01/21/2024,12:00,HB_SOUTH, 18.57,N
01/21/2024,12:00,HB_WEST, 16.78,N
01/21/2024,12:00,HELIOS_RN, 21.4,N
01/21/2024,12:00,HHGT_KENDAL, 15.9,N
01/21/2024,12:00,HHOLLW2_WND1, 16.66,N
01/21/2024,12:00,HHOLLW3_WND1, 16.66,N
01/21/2024,12:00,HHOLLW4_WND1, 16.66,N
01/21/2024,12:00,HICK_G1_G2, 10.95,N
01/21/2024,12:00,HI_LONEB_RN1, 11.13,N
01/21/2024,12:00,HI_LONE_ALL, 11.13,N
01/21/2024,12:00,HLSES_UNIT3, 18.23,N
01/21/2024,12:00,HLSES_UNIT4, 18.23,N
01/21/2024,12:00,HLSES_UNIT5, 18.23,N
01/21/2024,12:00,HMNG_ESS_RN, 18.14,N
01/21/2024,12:00,HOLCOMB_RN1, 19.11,N
01/21/2024,12:00,HOLSTEIN_ALL, 16.69,N
01/21/2024,12:00,HOL_ALL, 18.74,N
01/21/2024,12:00,HOPKNSLR_ALL, 18.23,N
01/21/2024,12:00,HORSCR_RN, 16.29,N
01/21/2024,12:00,HORSECRK_RN, 17.17,N
01/21/2024,12:00,HOUSEMTN_RN, 16.31,N
01/21/2024,12:00,HOVEY_GEN, 16.3,N
01/21/2024,12:00,HRBESS_BESS, 16.44,N
01/21/2024,12:00,HRFDWIND_ALL, 10.45,N
01/21/2024,12:00,HRZN_SLR_UN1, 19.6,N
01/21/2024,12:00,HWF_HWFG1, 17,N
01/21/2024,12:00,HYDR_ESS_RN, 16.18,N
01/21/2024,12:00,H_HOLLO_WND1, 16.66,N
01/21/2024,12:00,IMP_RN1, 18.23,N
01/21/2024,12:00,INDNENR_1_RN, 16.26,N
01/21/2024,12:00,INDNENR_2_RN, 16.27,N
01/21/2024,12:00,INDNNWP_RN, 16.27,N
01/21/2024,12:00,IND_INADALE1, 16.82,N
01/21/2024,12:00,INGLCOSW_CC1, 18.84,N
01/21/2024,12:00,INGLCOSW_STG, 18.84,N
01/21/2024,12:00,INGLCOS_CTG1, 18.84,N
01/21/2024,12:00,INGLCOS_CTG2, 18.84,N
01/21/2024,12:00,INGLCO_PUN1, 18.84,N
01/21/2024,12:00,INGLCO_PUN2, 18.84,N
01/21/2024,12:00,INGLCO_PUN3, 18.84,N
01/21/2024,12:00,INKS_INKS_G1, 20.73,N
01/21/2024,12:00,INRT_W_ALL, 17.17,N
01/21/2024,12:00,JACKCNTY_CC1, 18.13,N
01/21/2024,12:00,JACKCNTY_CT1, 18.13,N
01/21/2024,12:00,JACKCNTY_CT2, 18.13,N
01/21/2024,12:00,JACKCNTY_STG, 18.13,N
01/21/2024,12:00,JADE_SLR_ALL, 16.98,N
01/21/2024,12:00,JAY_RN_1, 18.73,N
01/21/2024,12:00,JCKCNTY2_CC1, 18.07,N
01/21/2024,12:00,JCKCNTY2_CT3, 18.07,N
01/21/2024,12:00,JCKCNTY2_CT4, 18.07,N
01/21/2024,12:00,JCKCNTY2_ST2, 18.07,N
01/21/2024,12:00,JC_BAT_RN, 20.08,N
01/21/2024,12:00,JDKNS_RN, 16.47,N
01/21/2024,12:00,JUNCTION_RN, 24.09,N
01/21/2024,12:00,JUNO_ALL, 16.77,N
01/21/2024,12:00,KARAKAW1_1, 18.8,N
01/21/2024,12:00,KARAKAW2_1, 18.8,N
01/21/2024,12:00,KEECHI_U1, 18.13,N
01/21/2024,12:00,KELAMSL_U1, 18.34,N
01/21/2024,12:00,KEO_KEO_SM1, 16.29,N
01/21/2024,12:00,KINGE_ALL, 16.27,N
01/21/2024,12:00,KINGW_ALL, 16.29,N
01/21/2024,12:00,KMCHI_CC1, 18.22,N
01/21/2024,12:00,KMCHI_CC2, 18.22,N
01/21/2024,12:00,LACY_CRK_ALL, 16.52,N
01/21/2024,12:00,LAMESASLR_G, 16.67,N
01/21/2024,12:00,LAPETUS_U1, 16.5,N
01/21/2024,12:00,LARDVFTN_G4, 18.93,N
01/21/2024,12:00,LARDVFTN_G5, 18.93,N
01/21/2024,12:00,LASSO_GEN, 16.31,N
01/21/2024,12:00,LBRA_BES1, 18.98,N
01/21/2024,12:00,LEG_LEG_G1, 18.51,N
01/21/2024,12:00,LEG_LEG_G2, 18.51,N
01/21/2024,12:00,LEONLCPCT1_2, 22.18,N
01/21/2024,12:00,LEONLCPCT3_4, 22.18,N
01/21/2024,12:00,LFSTH_RN, 18.34,N
01/21/2024,12:00,LGDRAW_S_ALL, 16.77,N
01/21/2024,12:00,LGD_LANGFORD, 14.7,N
01/21/2024,12:00,LGE_CC1, 18.84,N
01/21/2024,12:00,LGE_LGE_GT1, 18.84,N
01/21/2024,12:00,LGE_LGE_GT2, 18.84,N
01/21/2024,12:00,LGE_LGE_STG, 18.84,N
01/21/2024,12:00,LGE_PUN1, 18.84,N
01/21/2024,12:00,LGE_PUN2, 18.84,N
01/21/2024,12:00,LGW_UNIT_ALL, 16.1,N
01/21/2024,12:00,LHM_CVC_G4, 18.72,N
01/21/2024,12:00,LHM_PUN1, 18.72,N
01/21/2024,12:00,LHM_PUN2, 18.72,N
01/21/2024,12:00,LHORN_N_U1_2, 10.46,N
01/21/2024,12:00,LHSES_UNIT1, 18.26,N
01/21/2024,12:00,LHSES_UNIT2, 18.26,N
01/21/2024,12:00,LIG_RN, 18.72,N
01/21/2024,12:00,LILY_RN, 18.29,N
01/21/2024,12:00,LMAJADAS_ALL, 18.86,N
01/21/2024,12:00,LMO_ESR_RN, 18.62,N
01/21/2024,12:00,LNCRK_ALL, 16.94,N
01/21/2024,12:00,LONESTAR_RN, 16.4,N
01/21/2024,12:00,LONEWOLF_ALL, 16.67,N
01/21/2024,12:00,LON_RN1, 18.86,N
01/21/2024,12:00,LOSTPI_CC1, 19.17,N
01/21/2024,12:00,LOS_LOSTPGT1, 19.17,N
01/21/2024,12:00,LOS_LOSTPGT2, 19.17,N
01/21/2024,12:00,LOS_LOSTPST1, 19.17,N
01/21/2024,12:00,LPCCS_CC1, 18.22,N
01/21/2024,12:00,LPCCS_CC2, 18.22,N
01/21/2024,12:00,LPCCS_CT11, 18.22,N
01/21/2024,12:00,LPCCS_CT12, 18.22,N
01/21/2024,12:00,LPCCS_CT21, 18.22,N
01/21/2024,12:00,LPCCS_CT22, 18.22,N
01/21/2024,12:00,LPCCS_UNIT1, 18.22,N
01/21/2024,12:00,LPCCS_UNIT2, 18.22,N
01/21/2024,12:00,LV1A_LV1B, 18.86,N
01/21/2024,12:00,LV3_RN, 18.88,N
01/21/2024,12:00,LV3_UNIT1, 18.88,N
01/21/2024,12:00,LV4_UNIT_1, 18.88,N
01/21/2024,12:00,LV5_UNIT1, 18.88,N
01/21/2024,12:00,LZ_AEN, 19.39,N
01/21/2024,12:00,LZ_CPS, 20.59,N
01/21/2024,12:00,LZ_HOUSTON, 18.75,N
01/21/2024,12:00,LZ_LCRA, 20.32,N
01/21/2024,12:00,LZ_NORTH, 18.29,N
01/21/2024,12:00,LZ_RAYBN, 18.26,N
01/21/2024,12:00,LZ_SOUTH, 19.26,N
01/21/2024,12:00,LZ_WEST, 16.54,N
01/21/2024,12:00,L_FRE_ESR_RN, 18.86,N
01/21/2024,12:00,MADERO_RN, 18.87,N
01/21/2024,12:00,MAINLAND_RN, 18.74,N
01/21/2024,12:00,MARBFA, 20.44,N
01/21/2024,12:00,MARIAH_ALL, 10.45,N
01/21/2024,12:00,MAR_MARSFOG1, 19.5,N
01/21/2024,12:00,MAR_MARSFOG2, 19.5,N
01/21/2024,12:00,MAR_MARSFOG3, 19.5,N
01/21/2024,12:00,MASSENGL_CC1, 16.96,N
01/21/2024,12:00,MASSENGL_G6, 16.96,N
01/21/2024,12:00,MASSENGL_G7, 16.96,N
01/21/2024,12:00,MASSENGL_G8, 16.97,N
01/21/2024,12:00,MAVCRK_W_ALL, 16.37,N
01/21/2024,12:00,MCDLD_FCSBW1, 16.59,N
01/21/2024,12:00,MCLNSLR_RN, 19.28,N
01/21/2024,12:00,MCSES_UNIT6, 18.26,N
01/21/2024,12:00,MCSES_UNIT7, 18.26,N
01/21/2024,12:00,MCSES_UNIT8, 18.26,N
01/21/2024,12:00,MDANP_CT1_2, 18.28,N
01/21/2024,12:00,MDANP_CT3_4, 18.28,N
01/21/2024,12:00,MDANP_CT5_6, 18.28,N
01/21/2024,12:00,MERCURY_ALL, 18.37,N
01/21/2024,12:00,MESQCRK_ALL, 16.77,N
01/21/2024,12:00,MESTENO_RN, 18.88,N
01/21/2024,12:00,MGSES_CT123, 16.67,N
01/21/2024,12:00,MGSES_CT456, 16.67,N
01/21/2024,12:00,MIAM1_G1_G2, 10.49,N
01/21/2024,12:00,MIDWY_RN, 16.46,N
01/21/2024,12:00,MIL_MILG1_2, 18.43,N
01/21/2024,12:00,MIL_MILG345, 18.43,N
01/21/2024,12:00,MIRAGE_G1, 18.73,N
01/21/2024,12:00,MIRASOLE_GEN, 18.87,N
01/21/2024,12:00,MISAE_GEN_RN, 10.52,N
01/21/2024,12:00,MLSES_UNIT1, 18.32,N
01/21/2024,12:00,MLSES_UNIT2, 18.32,N
01/21/2024,12:00,MLSES_UNIT3, 18.32,N
01/21/2024,12:00,MNWL_BESS_RN, 18.26,N
01/21/2024,12:00,MOZART_WIND1, 16.85,N
01/21/2024,12:00,MUSTNGCK_ALL, 19.99,N
01/21/2024,12:00,MV_VALV4_RN, 18.87,N
01/21/2024,12:00,MWEC_G1, 16.89,N
01/21/2024,12:00,MYRY_ESR_RN, 18.87,N
01/21/2024,12:00,MYR_ALL, 18.89,N
01/21/2024,12:00,NACPW_UNIT1, 18.33,N
01/21/2024,12:00,NBOHR_RN, 16.53,N
01/21/2024,12:00,NCARBIDEG8, 18.88,N
01/21/2024,12:00,NCARBIDE_1_7, 18.88,N
01/21/2024,12:00,NCARBID_PUN1, 18.88,N
01/21/2024,12:00,NCARBID_PUN2, 18.88,N
01/21/2024,12:00,NCO_RN, 19.06,N
01/21/2024,12:00,NEBULA_RN, 18.86,N
01/21/2024,12:00,NEDIN_CC1, 17.67,N
01/21/2024,12:00,NED_NEDIN_G1, 18.87,N
01/21/2024,12:00,NED_NEDIN_G2, 17.07,N
01/21/2024,12:00,NED_NEDIN_G3, 17.07,N
01/21/2024,12:00,NF_BRP_RN, 19.35,N
01/21/2024,12:00,NOBLESLR_ALL, 18.14,N
01/21/2024,12:00,NOVA1SLR_ALL, 17.02,N
01/21/2024,12:00,NOVA2S_UNIT1, 17.02,N
01/21/2024,12:00,NUECES_B_CC1, 18.85,N
01/21/2024,12:00,NUE_NUECESG7, 18.85,N
01/21/2024,12:00,NUE_NUECESG8, 18.85,N
01/21/2024,12:00,NUE_NUECESG9, 18.85,N
01/21/2024,12:00,NWF_NWF1, 16.48,N
01/21/2024,12:00,N_AL_BESS_RN, 18.87,N
01/21/2024,12:00,N_MRD_ESR_RN, 18.87,N
01/21/2024,12:00,OBERON_U1, 16.46,N
01/21/2024,12:00,ODESW_RN, 16.48,N
01/21/2024,12:00,OECCS_1, 16.49,N
01/21/2024,12:00,OECCS_2, 16.49,N
01/21/2024,12:00,OECCS_CC1, 16.49,N
01/21/2024,12:00,OECCS_CC2, 16.49,N
01/21/2024,12:00,OGSES_1, 18.56,N
01/21/2024,12:00,OGSES_2, 18.56,N
01/21/2024,12:00,OLIN_OLING_1, 18.25,N
01/21/2024,12:00,OLIN_OLING_2, 18.25,N
01/21/2024,12:00,OLIN_OLING_3, 18.25,N
01/21/2024,12:00,OLIN_OLING_4, 18.25,N
01/21/2024,12:00,OLNEYTN_RN, 17.48,N
01/21/2024,12:00,OR_BESS_RN, 19.21,N
01/21/2024,12:00,OWF_OWF, 16.58,N
01/21/2024,12:00,OXY_OXY_CCG1, 18.85,N
01/21/2024,12:00,OXY_PUN1, 18.85,N
01/21/2024,12:00,OXY_PUN2, 18.85,N
01/21/2024,12:00,PALE_ESS_EN, 17,N
01/21/2024,12:00,PALMWI_UNIT1, 18.86,N
01/21/2024,12:00,PANDA_S_CC1, 18.21,N
01/21/2024,12:00,PANDA_S_CT1, 18.21,N
01/21/2024,12:00,PANDA_S_CT2, 18.21,N
01/21/2024,12:00,PANDA_S_ST1, 18.21,N
01/21/2024,12:00,PANDA_T1_CC1, 18.66,N
01/21/2024,12:00,PANDA_T1_CT1, 18.66,N
01/21/2024,12:00,PANDA_T1_CT2, 18.66,N
01/21/2024,12:00,PANDA_T1_ST1, 18.66,N
01/21/2024,12:00,PANDA_T2_CC1, 18.66,N
01/21/2024,12:00,PANDA_T2_CT1, 18.66,N
01/21/2024,12:00,PANDA_T2_CT2, 18.66,N
01/21/2024,12:00,PANDA_T2_ST1, 18.66,N
01/21/2024,12:00,PAP1_PAP1, 18.84,N
01/21/2024,12:00,PAULN_RN, 18.33,N
01/21/2024,12:00,PAVLOV_BT_RN, 24.74,N
01/21/2024,12:00,PAVO_ESS_ALL, 16.29,N
01/21/2024,12:00,PB2SES_CT1, 16.43,N
01/21/2024,12:00,PB2SES_CT2, 16.43,N
01/21/2024,12:00,PB2SES_CT3, 16.43,N
01/21/2024,12:00,PB2SES_CT4, 16.43,N
01/21/2024,12:00,PB2SES_CT5, 16.43,N
01/21/2024,12:00,PC_NORTH_1, 16.56,N
01/21/2024,12:00,PC_SOUTH_ALL, 16.56,N
01/21/2024,12:00,PEARSA_1_24, 19.6,N
01/21/2024,12:00,PENA_ALL, 18.85,N
01/21/2024,12:00,PES1_RN, 18.79,N
01/21/2024,12:00,PEY_RN, 18.7,N
01/21/2024,12:00,PH1_UNIT1_2, 10.48,N
01/21/2024,12:00,PH2_U1_U2, 10.48,N
01/21/2024,12:00,PHILLWND_ALL, 18.51,N
01/21/2024,12:00,PHOEBE_ALL, 16.45,N
01/21/2024,12:00,PHOENIX_RN, 18.22,N
01/21/2024,12:00,PHO_ALL, 18.74,N
01/21/2024,12:00,PIONR_DJ_RN, 16.49,N
01/21/2024,12:00,PISG_RN_ALL, 18.37,N
01/21/2024,12:00,PITSDD_UNIT1, 18.42,N
01/21/2024,12:00,PLN_ALL, 18.74,N
01/21/2024,12:00,PNPI_GT2_RN, 18.86,N
01/21/2024,12:00,PORTSL_UNIT1, 17.44,N
01/21/2024,12:00,POTSVIL_RN, 20.7,N
01/21/2024,12:00,PRID_RN, 17.09,N
01/21/2024,12:00,PROSPERO_ALL, 16.5,N
01/21/2024,12:00,PRO_RN, 18.79,N
01/21/2024,12:00,PRSPERO2_ALL, 16.5,N
01/21/2024,12:00,PR_PR_ALL, 18.72,N
01/21/2024,12:00,PR_PR_G2, 18.72,N
01/21/2024,12:00,PSA_CC1, 18.72,N
01/21/2024,12:00,PSA_PSA_G1, 18.72,N
01/21/2024,12:00,PSA_PSA_G2, 18.72,N
01/21/2024,12:00,PSA_PSA_G3, 18.72,N
01/21/2024,12:00,PSA_PSA_G4, 18.72,N
01/21/2024,12:00,PSA_PSA_G5, 18.72,N
01/21/2024,12:00,PSA_PSA_G6, 18.72,N
01/21/2024,12:00,PSA_PSA_G7, 18.72,N
01/21/2024,12:00,PSA_PUN1, 18.72,N
01/21/2024,12:00,PSA_PUN2, 18.72,N
01/21/2024,12:00,PSA_PUN3, 18.72,N
01/21/2024,12:00,PSA_PUN4, 18.72,N
01/21/2024,12:00,PSA_PUN5, 18.72,N
01/21/2024,12:00,PSG_CC1, 18.72,N
01/21/2024,12:00,PSG_PSG_GT2, 18.72,N
01/21/2024,12:00,PSG_PSG_GT3, 18.72,N
01/21/2024,12:00,PSG_PSG_ST1, 18.72,N
01/21/2024,12:00,PTLBES_BESS1, 18.96,N
01/21/2024,12:00,PYR_PYRON1, 16.82,N
01/21/2024,12:00,QALSW_ALL, 16.49,N
01/21/2024,12:00,QALSW_CC1, 16.49,N
01/21/2024,12:00,QALSW_CC2, 16.49,N
01/21/2024,12:00,QUEEN_BA_RN, 16.3,N
01/21/2024,12:00,QUEEN_SL_RN, 16.3,N
01/21/2024,12:00,RAB_G1-8, 18.74,N
01/21/2024,12:00,RADN_SLR_ALL, 16.65,N
01/21/2024,12:00,RAMBLER_UNIT, 16.09,N
01/21/2024,12:00,RANCHERO_ALL, 11.01,N
01/21/2024,12:00,RAT_RN_1, 14.41,N
01/21/2024,12:00,RAYBURN_CC1, 19.08,N
01/21/2024,12:00,RAYB_G78910, 19.08,N
01/21/2024,12:00,RBN_BESS1, 18.96,N
01/21/2024,12:00,RDCAN_RDCNY1, 16.85,N
01/21/2024,12:00,REDBARN_RN, 16.18,N
01/21/2024,12:00,REDFISH_ALL, 18.86,N
01/21/2024,12:00,REDGATE_ALL, 18.87,N
01/21/2024,12:00,REDGATE_RN, 18.87,N
01/21/2024,12:00,RELOJ_ALL, 18.9,N
01/21/2024,12:00,REROCK_ALL, 16.3,N
01/21/2024,12:00,RHESS2_ESS1, 19.07,N
01/21/2024,12:00,RIGGIN_UNIT1, 16.31,N
01/21/2024,12:00,RIOG_ESR_RN, 18.89,N
01/21/2024,12:00,RIONOG_CC1, 19.23,N
01/21/2024,12:00,RIONOG_CT1, 19.23,N
01/21/2024,12:00,RIONOG_CT2, 19.23,N
01/21/2024,12:00,RIONOG_CT3, 19.23,N
01/21/2024,12:00,RIONOG_ST1, 19.23,N
01/21/2024,12:00,RIPPEY_ALL, 18.15,N
01/21/2024,12:00,RN_APOGEE, 17,N
01/21/2024,12:00,RN_BYU_G8, 18.73,N
01/21/2024,12:00,RN_DEC_AGR_A, 18.16,N
01/21/2024,12:00,RN_DEC_AGR_B, 18.16,N
01/21/2024,12:00,RN_DEC_AGR_C, 18.16,N
01/21/2024,12:00,RN_DEC_AGR_D, 18.16,N
01/21/2024,12:00,RN_ECEC_HOLT, 16.49,N
01/21/2024,12:00,RN_OCI_ALAMO, 21.7,N
01/21/2024,12:00,RN_RTS1, 16.5,N
01/21/2024,12:00,RN_SR_WIND1, 18.86,N
01/21/2024,12:00,RN_TOSBATT, 16.62,N
01/21/2024,12:00,ROSELAND_ALL, 18.51,N
01/21/2024,12:00,ROUTE66_RN, 10.47,N
01/21/2024,12:00,ROW_ALL, 18.74,N
01/21/2024,12:00,RPUBRDS_RN, 18.64,N
01/21/2024,12:00,RRANCHES_ALL, 16.39,N
01/21/2024,12:00,RRC_WIND_ALL, 17.4,N
01/21/2024,12:00,RSK_RN, 16.53,N
01/21/2024,12:00,RTLSNAKE_BT, 16.4,N
01/21/2024,12:00,RUSSEKST_RN, 16.06,N
01/21/2024,12:00,RVRVLYS_ALL, 19.03,N
01/21/2024,12:00,SADLBACK_RN, 16.37,N
01/21/2024,12:00,SALVTION_GEN, 17.17,N
01/21/2024,12:00,SAMSON_ALL, 18.23,N
01/21/2024,12:00,SANDHSYD1_2, 19.37,N
01/21/2024,12:00,SANDHSYD3_4, 19.37,N
01/21/2024,12:00,SANDHSYD6_7, 19.37,N
01/21/2024,12:00,SANDHSYD_5AC, 19.37,N
01/21/2024,12:00,SANDHSYD_CC1, 19.37,N
01/21/2024,12:00,SANTACRU_ALL, 18.84,N
01/21/2024,12:00,SAN_SANMIGG1, 18.91,N
01/21/2024,12:00,SBEAN_BESS, 16.4,N
01/21/2024,12:00,SBE_RN_1, 19.51,N
01/21/2024,12:00,SC2SES_UNIT1, 18.33,N
01/21/2024,12:00,SCES_UNIT1, 18.51,N
01/21/2024,12:00,SCLP_PUN1, 19.06,N
01/21/2024,12:00,SCLP_PUN2, 19.06,N
01/21/2024,12:00,SCLP_PUN3, 19.06,N
01/21/2024,12:00,SCLP_PUN4, 19.06,N
01/21/2024,12:00,SCLP_SCLPC_1, 19.06,N
01/21/2024,12:00,SCLP_SCLPC_2, 19.06,N
01/21/2024,12:00,SCLP_SCLPC_3, 19.06,N
01/21/2024,12:00,SCLP_SCLPC_4, 19.06,N
01/21/2024,12:00,SCSES_UNIT2, 18.33,N
01/21/2024,12:00,SDSES_PUN1, 18.91,N
01/21/2024,12:00,SDSES_PUN3, 18.91,N
01/21/2024,12:00,SENATEWD_1, 17.29,N
01/21/2024,12:00,SGM_SIGNALMT, 16.61,N
01/21/2024,12:00,SGSA_DGR, 16.3,N
01/21/2024,12:00,SG_BES_BESS1, 16.31,N
01/21/2024,12:00,SHAFFER_ALL, 18.84,N
01/21/2024,12:00,SHAMROCK_RN, 10.98,N
01/21/2024,12:00,SHANNONW_RN, 17.3,N
01/21/2024,12:00,SHEEPCRK_1, 17.4,N
01/21/2024,12:00,SILASRAY_CC1, 19.56,N
01/21/2024,12:00,SIL_SILAS_10, 19.56,N
01/21/2024,12:00,SIL_SILAS_6, 19.56,N
01/21/2024,12:00,SIL_SILAS_9, 19.56,N
01/21/2024,12:00,SIRIUS_UNIT1, 16.28,N
01/21/2024,12:00,SJS_SJS_G1, 18.73,N
01/21/2024,12:00,SJS_SJS_G2, 18.73,N
01/21/2024,12:00,SKY1, 19.31,N
01/21/2024,12:00,SLCN_ESS_ALL, 19.09,N
01/21/2024,12:00,SLTFRK_UN1_2, 10.49,N
01/21/2024,12:00,SL_PUN1, 18.72,N
01/21/2024,12:00,SL_PUN2, 18.72,N
01/21/2024,12:00,SNY_BESS_RN, 16.8,N
01/21/2024,12:00,SOLARA_UNIT1, 16.91,N
01/21/2024,12:00,SPARTA_ALL, 18.76,N
01/21/2024,12:00,SPLAIN1_RN, 10.44,N
01/21/2024,12:00,SPLAIN2_RN, 10.44,N
01/21/2024,12:00,SPNC_SPNCE_4, 18.17,N
01/21/2024,12:00,SPNC_SPNCE_5, 18.17,N
01/21/2024,12:00,SPTX12B_RN, 16.3,N
01/21/2024,12:00,SROSA_ESR_RN, 18.86,N
01/21/2024,12:00,SRWE1_UNIT1, 16.77,N
01/21/2024,12:00,SSPURT_WIND1, 10.46,N
01/21/2024,12:00,STAM_SLR_ALL, 18.23,N
01/21/2024,12:00,STEAM_ENG123, 18.25,N
01/21/2024,12:00,STEA_STEAM_1, 18.25,N
01/21/2024,12:00,STEA_STEAM_2, 18.25,N
01/21/2024,12:00,STEA_STEAM_3, 18.25,N
01/21/2024,12:00,STELLA_RN, 18.85,N
01/21/2024,12:00,STP_STP_G1, 18.69,N
01/21/2024,12:00,STP_STP_G2, 18.69,N
01/21/2024,12:00,STRATEGC_RN, 18.32,N
01/21/2024,12:00,STWF_T1, 16.76,N
01/21/2024,12:00,SUNVASLR_ALL, 18.39,N
01/21/2024,12:00,SWEC_G1, 16.59,N
01/21/2024,12:00,SWEETWN2_2_4, 16.74,N
01/21/2024,12:00,SWEETWN3_3, 16.74,N
01/21/2024,12:00,SWEETWND_1, 16.74,N
01/21/2024,12:00,SWOOSE1_U1, 16.41,N
01/21/2024,12:00,SWOOSEII_RN, 16.41,N
01/21/2024,12:00,SWTWN4_WND45, 16.74,N
01/21/2024,12:00,SWT_BESS_RN, 16.75,N
01/21/2024,12:00,S_HILLS_RN, 17.41,N
01/21/2024,12:00,TAHOKA_ALL, 16.82,N
01/21/2024,12:00,TAV_RN, 19.22,N
01/21/2024,12:00,TAYGETE2_ALL, 16.34,N
01/21/2024,12:00,TAYGETE_ALL, 16.34,N
01/21/2024,12:00,TBWF_ES_BES1, 16.29,N
01/21/2024,12:00,TC_PUN1, 18.74,N
01/21/2024,12:00,TC_PUN2, 18.74,N
01/21/2024,12:00,TC_TCHP1, 18.74,N
01/21/2024,12:00,TEN_CC1, 18.31,N
01/21/2024,12:00,TEN_CT1_STG, 18.31,N
01/21/2024,12:00,TGCCS_ALL, 18.32,N
01/21/2024,12:00,TGCCS_CC1, 18.32,N
01/21/2024,12:00,TGF_TGFGT, 19.86,N
01/21/2024,12:00,TGS_GT01, 19.86,N
01/21/2024,12:00,TGW_T1_T2, 18.85,N
01/21/2024,12:00,THW_1_CCU, 18.71,N
01/21/2024,12:00,THW_2_CCU, 18.71,N
01/21/2024,12:00,THW_CC1, 18.71,N
01/21/2024,12:00,THW_CC2, 18.71,N
01/21/2024,12:00,THW_THWGT5X, 18.71,N
01/21/2024,12:00,THW_THWGT_1, 18.71,N
01/21/2024,12:00,TI_SOLAR_ALL, 16.39,N
01/21/2024,12:00,TKWSW_CHAMP, 16.82,N
01/21/2024,12:00,TKWSW_ROSCOE, 16.82,N
01/21/2024,12:00,TNP_TNP_O_1, 18.6,N
01/21/2024,12:00,TNP_TNP_O_2, 18.6,N
01/21/2024,12:00,TNSKA_CC1, 18.23,N
01/21/2024,12:00,TNSKA_CCU, 18.23,N
01/21/2024,12:00,TOPAZ_ALL, 18.74,N
01/21/2024,12:00,TORR_ALL, 18.91,N
01/21/2024,12:00,TORT_ESS_RN, 18.74,N
01/21/2024,12:00,TOYAH_RN, 16.3,N
01/21/2024,12:00,TREB_SOLAR1, 18.65,N
01/21/2024,12:00,TRENT_TRENT, 16.76,N
01/21/2024,12:00,TRINITY_ALL, 17.24,N
01/21/2024,12:00,TRIPBUT1_RN, 16.31,N
01/21/2024,12:00,TRSES_UNIT6, 18.35,N
01/21/2024,12:00,TRUENO_ALL, 18.86,N
01/21/2024,12:00,TRUSGILL_RN, 17.16,N
01/21/2024,12:00,TTRSW_RN, 18.23,N
01/21/2024,12:00,TTWEC_G1, 16.4,N
01/21/2024,12:00,TURQ_BESS1, 18.25,N
01/21/2024,12:00,TV_RN, 18.88,N
01/21/2024,12:00,TXCTY_CC1, 18.74,N
01/21/2024,12:00,TXCTY_CTA, 18.74,N
01/21/2024,12:00,TXCTY_CTB, 18.74,N
01/21/2024,12:00,TXCTY_CTC, 18.74,N
01/21/2024,12:00,TXCTY_ST, 18.74,N
01/21/2024,12:00,TYLRWIND_RN, 18.1,N
01/21/2024,12:00,T_CK_GT2_RN, 16.94,N
01/21/2024,12:00,T_CK_GT3_RN, 16.94,N
01/21/2024,12:00,UCC_COG_PUN2, 18.74,N
01/21/2024,12:00,UCC_UCC_C_2, 18.74,N
01/21/2024,12:00,VANCOURT_RN, 18.86,N
01/21/2024,12:00,VENADO_ALL, 18.91,N
01/21/2024,12:00,VERAWIND_ALL, 17.16,N
01/21/2024,12:00,VERTIGO_UN1, 17.09,N
01/21/2024,12:00,VICTORIA_CC1, 18.95,N
01/21/2024,12:00,VICTPORT_RN, 18.91,N
01/21/2024,12:00,VIC_VICTORG5, 18.95,N
01/21/2024,12:00,VIC_VICTORG6, 18.95,N
01/21/2024,12:00,VISION_RN, 18.34,N
01/21/2024,12:00,VLSES_UNIT3, 18.22,N
01/21/2024,12:00,VORT_ALL_RN, 17.21,N
01/21/2024,12:00,WAKEWE_ALL, 17.06,N
01/21/2024,12:00,WAP_WAPGT_1, 18.86,N
01/21/2024,12:00,WAP_WAP_G1, 18.86,N
01/21/2024,12:00,WAP_WAP_G2, 18.86,N
01/21/2024,12:00,WAP_WAP_G3, 18.88,N
01/21/2024,12:00,WAP_WAP_G4, 18.88,N
01/21/2024,12:00,WAP_WAP_G5, 18.86,N
01/21/2024,12:00,WAP_WAP_G6, 18.73,N
01/21/2024,12:00,WAP_WAP_G7, 18.73,N
01/21/2024,12:00,WAP_WAP_G8, 18.74,N
01/21/2024,12:00,WAYMARK_RN, 16.18,N
01/21/2024,12:00,WCPP_CC1, 18.08,N
01/21/2024,12:00,WCPP_CT1, 18.08,N
01/21/2024,12:00,WCPP_CT2, 18.08,N
01/21/2024,12:00,WCPP_ST1, 18.08,N
01/21/2024,12:00,WEBBER_WS_T1, 19.22,N
01/21/2024,12:00,WEC_WECG1, 17,N
01/21/2024,12:00,WES_ALL, 19.05,N
01/21/2024,12:00,WFCOGEN_13, 17.3,N
01/21/2024,12:00,WFCOGEN_24, 17.3,N
01/21/2024,12:00,WFCOGEN_CC1, 17.3,N
01/21/2024,12:00,WFTANK_ESS1, 18.91,N
01/21/2024,12:00,WGU_RN, 19.01,N
01/21/2024,12:00,WHCCS2_4, 18.21,N
01/21/2024,12:00,WHCCS2_5_6, 18.21,N
01/21/2024,12:00,WHCCS2_CC2, 18.21,N
01/21/2024,12:00,WHCCS_CC1, 18.21,N
01/21/2024,12:00,WHCCS_CT1_ST, 18.21,N
01/21/2024,12:00,WHCCS_CT2, 18.21,N
01/21/2024,12:00,WHITE_PT_UN1, 18.84,N
01/21/2024,12:00,WHMESA_U1, 10.95,N
01/21/2024,12:00,WHTTAIL_WR1, 18.08,N
01/21/2024,12:00,WH_WIND_ALL, 16.95,N
01/21/2024,12:00,WILDWIND_ALL, 18.15,N
01/21/2024,12:00,WIPOPA_1_2, 19.2,N
01/21/2024,12:00,WIPOPA_3_4, 19.2,N
01/21/2024,12:00,WIR_WIRTZ_G1, 20.32,N
01/21/2024,12:00,WIR_WIRTZ_G2, 20.32,N
01/21/2024,12:00,WLTC_ESR_RN, 18.85,N
01/21/2024,12:00,WL_RANCH_RN, 15.62,N
01/21/2024,12:00,WNDTS2_UNIT1, 17.53,N
01/21/2024,12:00,WND_WHITNEY, 18.54,N
01/21/2024,12:00,WOODWRD1_RN, 16.29,N
01/21/2024,12:00,WOODWRD2_RN, 16.29,N
01/21/2024,12:00,WOV_BESS_RN, 16.48,N
01/21/2024,12:00,WRSBES_BESS1, 16.39,N
01/21/2024,12:00,W_HRL_ESR_RN, 18.86,N
01/21/2024,12:00,W_PECO_UNIT1, 16.4,N
01/21/2024,12:00,X443ESRN, 23.02,N
01/21/2024,12:00,YNG_WND_ALL, 17.26,N
01/21/2024,12:00,ZIER_SLR_ALL, 18.86,N
01/21/2024,13:00,7RNCHSLR_ALL, 18.28,N
01/21/2024,13:00,AEEC, 16.23,N
01/21/2024,13:00,AGUAYO_UNIT1, 16.47,N
01/21/2024,13:00,AJAXWIND_RN, 16.42,N
01/21/2024,13:00,ALGOD_ALL_RN, 18.08,N
01/21/2024,13:00,ALVIN_RN, 17.91,N
01/21/2024,13:00,AMADEUS_ALL, 16.31,N
01/21/2024,13:00,AMISTAD_ALL, 15.93,N
01/21/2024,13:00,AMOCOOIL_CC1, 17.9,N
01/21/2024,13:00,AMOCOOIL_CC2, 17.9,N
01/21/2024,13:00,AMOCO_PUN1, 17.9,N
01/21/2024,13:00,AMOCO_PUN2, 17.9,N
01/21/2024,13:00,AMO_AMOCO_1, 17.9,N
01/21/2024,13:00,AMO_AMOCO_2, 17.9,N
01/21/2024,13:00,AMO_AMOCO_5, 17.9,N
01/21/2024,13:00,AMO_AMOCO_G1, 17.9,N
01/21/2024,13:00,AMO_AMOCO_G2, 17.9,N
01/21/2024,13:00,AMO_AMOCO_G3, 17.9,N
01/21/2024,13:00,AMO_AMOCO_S1, 17.9,N
01/21/2024,13:00,AMO_AMOCO_S2, 17.9,N
01/21/2024,13:00,ANACACHO_ANA, 18.11,N
01/21/2024,13:00,ANCHOR_ALL, 16.54,N
01/21/2024,13:00,ANDMDSLR_ALL, 16.27,N
01/21/2024,13:00,ANEM_ESS_RN, 18.11,N
01/21/2024,13:00,ANG_ALL, 15.52,N
01/21/2024,13:00,ANSON1_ALL, 16.32,N
01/21/2024,13:00,APPALOSA_ALL, 15.51,N
01/21/2024,13:00,AQUI_ALL, 17.56,N
01/21/2024,13:00,ARAGORN_RN, 15.73,N
01/21/2024,13:00,ASTRA_RN, 9.97,N
01/21/2024,13:00,ATK_ATKINSG7, 17.78,N
01/21/2024,13:00,AURO_SLR_RN, 17.8,N
01/21/2024,13:00,AUSTPL_ALL, 18.44,N
01/21/2024,13:00,AVIAT_ALL, 15.69,N
01/21/2024,13:00,AZURE_RN, 16.37,N
01/21/2024,13:00,AZ_ALL, 17.88,N
01/21/2024,13:00,BAC_RN_ALL, 17.9,N
01/21/2024,13:00,BAFFIN_ALL, 18.1,N
01/21/2024,13:00,BAIRDWND_ALL, 16.46,N
01/21/2024,13:00,BARROW_ALL, 15.82,N
01/21/2024,13:00,BASTEN_CC1, 18.31,N
01/21/2024,13:00,BASTEN_CCU, 18.31,N
01/21/2024,13:00,BATCAVE_RN, 24.08,N
01/21/2024,13:00,BAYC_BESS_RN, 18.96,N
01/21/2024,13:00,BBREEZE_1_2, 18.1,N
01/21/2024,13:00,BCATWD_WD_1, 16.53,N
01/21/2024,13:00,BCH_RN, 17.97,N
01/21/2024,13:00,BCK_RN, 17.93,N
01/21/2024,13:00,BELM_SLR_RN, 17.8,N
01/21/2024,13:00,BIGSTAR_ALL, 18.3,N
01/21/2024,13:00,BLACKJAK_RN, 18.09,N
01/21/2024,13:00,BLSMT1_5_A_6, 16.38,N
01/21/2024,13:00,BLUEJAY_RN, 17.77,N
01/21/2024,13:00,BOARDCRK_ALL, 17.56,N
01/21/2024,13:00,BOOTLEG_UN1, 15.56,N
01/21/2024,13:00,BORDAS_345, 18.13,N
01/21/2024,13:00,BOSQUESW_CC1, 17.66,N
01/21/2024,13:00,BOSQUESW_CC2, 17.67,N
01/21/2024,13:00,BOSQ_BSQSU_5, 17.67,N
01/21/2024,13:00,BOSQ_BSQS_12, 17.67,N
01/21/2024,13:00,BOSQ_BSQS_34, 17.66,N
01/21/2024,13:00,BRANDON_RN, 16.2,N
01/21/2024,13:00,BRAUNIG_CC1, 17.6,N
01/21/2024,13:00,BRAUNIG_VHB1, 19.05,N
01/21/2024,13:00,BRAUNIG_VHB2, 19.05,N
01/21/2024,13:00,BRAUNIG_VHB3, 19.21,N
01/21/2024,13:00,BRAZ_WND_ALL, 16.11,N
01/21/2024,13:00,BRA_AVR1_CT2, 17.6,N
01/21/2024,13:00,BRA_AVR_CST1, 17.6,N
01/21/2024,13:00,BRHEIGHT_RN, 17.9,N
01/21/2024,13:00,BRIGHTSD_RN, 18.18,N
01/21/2024,13:00,BRIGHTSD_U1, 18.2,N
01/21/2024,13:00,BRISCOE_WIND, 9.98,N
01/21/2024,13:00,BRPANGLE_RN, 18.01,N
01/21/2024,13:00,BRPMAGNO_RN, 17.9,N
01/21/2024,13:00,BRP_BRAZ_RN, 18.02,N
01/21/2024,13:00,BRP_DIKN_RN, 17.9,N
01/21/2024,13:00,BRP_LOOP_RN, 18.16,N
01/21/2024,13:00,BRP_LOP1_RN, 18.13,N
01/21/2024,13:00,BRP_PBL1_RN, 40.48,N
01/21/2024,13:00,BRP_PBL2_RN, 40.47,N
01/21/2024,13:00,BRP_RN_UNIT1, 18.41,N
01/21/2024,13:00,BRP_SEMI_RN, 17.9,N
01/21/2024,13:00,BRP_SWNY_RN, 18.02,N
01/21/2024,13:00,BRP_ZPT1_RN, 18.14,N
01/21/2024,13:00,BRP_ZPT2_RN, 18.14,N
01/21/2024,13:00,BRTSW_BCW1, 17.04,N
01/21/2024,13:00,BR_ARROW_ALL, 17.44,N
01/21/2024,13:00,BR_VHB6CT5_6, 19.05,N
01/21/2024,13:00,BR_VHB6CT7_8, 19.05,N
01/21/2024,13:00,BSS_U1, 18.02,N
01/21/2024,13:00,BTE_BTE_G1, 17.88,N
01/21/2024,13:00,BTE_BTE_G2, 17.88,N
01/21/2024,13:00,BTE_BTE_G3, 17.88,N
01/21/2024,13:00,BTE_BTE_G4, 17.88,N
01/21/2024,13:00,BTE_CC1, 17.88,N
01/21/2024,13:00,BTE_PUN1, 17.88,N
01/21/2024,13:00,BTE_PUN2, 17.88,N
01/21/2024,13:00,BTM_ALL, 17.96,N
01/21/2024,13:00,BUCHAN_ALL, 19.04,N
01/21/2024,13:00,BUCKTHRN_RN, 17.58,N
01/21/2024,13:00,BUFF_GAP_ALL, 15.99,N
01/21/2024,13:00,BULLCRK_1_2, 16.07,N
01/21/2024,13:00,BVE_CC1, 17.91,N
01/21/2024,13:00,BVE_UNIT1, 17.91,N
01/21/2024,13:00,BVE_UNIT2, 17.91,N
01/21/2024,13:00,BVE_UNIT3, 17.91,N
01/21/2024,13:00,BYRDR_ES_ALL, 18.02,N
01/21/2024,13:00,BYU_BYU_1, 17.89,N
01/21/2024,13:00,BYU_BYU_12, 17.89,N
01/21/2024,13:00,BYU_BYU_34, 17.89,N
01/21/2024,13:00,BYU_BYU_G8, 17.89,N
01/21/2024,13:00,BYU_CC1, 17.89,N
01/21/2024,13:00,BYU_G4_RN, 17.89,N
01/21/2024,13:00,BYU_PUN1, 17.89,N
01/21/2024,13:00,BYU_PUN2, 17.89,N
01/21/2024,13:00,BYU_PUN3, 17.89,N
01/21/2024,13:00,BYU_PUN4, 17.89,N
01/21/2024,13:00,B_DAVIS_3, 18.09,N
01/21/2024,13:00,B_DAVIS_4, 18.09,N
01/21/2024,13:00,B_DAVIS_CC1, 18.09,N
01/21/2024,13:00,B_D_B_DAVIG1, 18.09,N
01/21/2024,13:00,B_D_B_DAVIG2, 18.09,N
01/21/2024,13:00,CABEZON_ALL, 18.12,N
01/21/2024,13:00,CALAVER_JKS1, 17.83,N
01/21/2024,13:00,CALAVER_JKS2, 17.83,N
01/21/2024,13:00,CALAVER_JTD1, 18.96,N
01/21/2024,13:00,CALAVER_JTD2, 18.96,N
01/21/2024,13:00,CALAVER_OWS1, 19.09,N
01/21/2024,13:00,CALAVER_OWS2, 19.09,N
01/21/2024,13:00,CALHOUN_ALL, 18.05,N
01/21/2024,13:00,CALLAHA_WND1, 15.93,N
01/21/2024,13:00,CAL_CALGT1, 17.88,N
01/21/2024,13:00,CAL_CALSTG1, 17.88,N
01/21/2024,13:00,CAL_CC1, 17.88,N
01/21/2024,13:00,CAL_PUN1, 17.88,N
01/21/2024,13:00,CAL_PUN2, 17.88,N
01/21/2024,13:00,CAMWIND_RN, 18.1,N
01/21/2024,13:00,CANYONWD_ALL, 16.14,N
01/21/2024,13:00,CAPRIDG4_CR4, 15.69,N
01/21/2024,13:00,CAPRIDGE_ALL, 15.69,N
01/21/2024,13:00,CARBN_BSP_1, 15.93,N
01/21/2024,13:00,CASL_GAP_UN1, 15.63,N
01/21/2024,13:00,CATARINA_B1, 19.38,N
01/21/2024,13:00,CBECII_89, 17.94,N
01/21/2024,13:00,CBECII_CC3, 17.94,N
01/21/2024,13:00,CBECII_CT7, 17.94,N
01/21/2024,13:00,CBEC_ALL, 18.31,N
01/21/2024,13:00,CBEC_CC1, 18.31,N
01/21/2024,13:00,CBEC_CC2, 18.31,N
01/21/2024,13:00,CBY4_ALL, 17.88,N
01/21/2024,13:00,CBY4_CC1, 17.88,N
01/21/2024,13:00,CBY_CBY_G1, 17.88,N
01/21/2024,13:00,CBY_CBY_G2, 17.88,N
01/21/2024,13:00,CCEC_CC1, 18.09,N
01/21/2024,13:00,CCEC_GT1, 18.09,N
01/21/2024,13:00,CCEC_GT2, 18.09,N
01/21/2024,13:00,CCEC_PUN1, 18.09,N
01/21/2024,13:00,CCEC_PUN2, 18.09,N
01/21/2024,13:00,CCEC_ST1, 18.09,N
01/21/2024,13:00,CEDROHI_CHW1, 18.13,N
01/21/2024,13:00,CEDRVALE_RN, 15.72,N
01/21/2024,13:00,CFLATS_UNIT, 7.41,N
01/21/2024,13:00,CHALUP_ALL, 18.1,N
01/21/2024,13:00,CHAL_SLR_RN, 15.74,N
01/21/2024,13:00,CHAMON_UN1, 17.87,N
01/21/2024,13:00,CHAMON_UN2, 17.87,N
01/21/2024,13:00,CHEDPW_GT2, 17.87,N
01/21/2024,13:00,CHE_CC1, 17.87,N
01/21/2024,13:00,CHE_LYD, 17.87,N
01/21/2024,13:00,CHE_LYD2, 17.87,N
01/21/2024,13:00,CHE_PUN1, 17.87,N
01/21/2024,13:00,CHE_PUN2, 17.87,N
01/21/2024,13:00,CHISMGRD_RN, 17.37,N
01/21/2024,13:00,CISC_RN, 16.8,N
01/21/2024,13:00,CITYVICT_ALL, 18.14,N
01/21/2024,13:00,CN_BRKS_UNT1, 9.98,N
01/21/2024,13:00,COL_COLETOG1, 18.13,N
01/21/2024,13:00,CONIGLIO_RN, 17.43,N
01/21/2024,13:00,CONTINEN_RN, 18.12,N
01/21/2024,13:00,CORALSLR_ALL, 17.69,N
01/21/2024,13:00,CORAZON_RN, 18.13,N
01/21/2024,13:00,COTPLNS_RN, 9.97,N
01/21/2024,13:00,COTTON_PAP2, 18.09,N
01/21/2024,13:00,COYOTSPR_RN, 15.72,N
01/21/2024,13:00,CPSES_UNIT1, 17.4,N
01/21/2024,13:00,CPSES_UNIT2, 17.4,N
01/21/2024,13:00,CRANELL_ALL, 18.09,N
01/21/2024,13:00,CROSSETT_ALL, 15.63,N
01/21/2024,13:00,CRWN_SLR_UN1, 17.74,N
01/21/2024,13:00,CSC_CSECG1_2, 16.13,N
01/21/2024,13:00,CVC_CC1, 17.87,N
01/21/2024,13:00,CVC_CVCG1_5, 17.87,N
01/21/2024,13:00,CVC_CVC_G2, 17.87,N
01/21/2024,13:00,CVC_CVC_G3, 17.87,N
01/21/2024,13:00,DAG_ALL, 18.09,N
01/21/2024,13:00,DANSBY_ALL, 17.78,N
01/21/2024,13:00,DAN_ALL, 17.97,N
01/21/2024,13:00,DA_BESS, 18.01,N
01/21/2024,13:00,DC2SES_ALL, 17.46,N
01/21/2024,13:00,DC_E, 17.44,N
01/21/2024,13:00,DC_L, 18.14,N
01/21/2024,13:00,DC_N, 16.39,N
01/21/2024,13:00,DC_R, 18.11,N
01/21/2024,13:00,DDPEC_CC1, 17.89,N
01/21/2024,13:00,DDPEC_GT1, 17.89,N
01/21/2024,13:00,DDPEC_GT2, 17.89,N
01/21/2024,13:00,DDPEC_GT3, 17.89,N
01/21/2024,13:00,DDPEC_GT4, 17.89,N
01/21/2024,13:00,DDPEC_GT6, 17.89,N
01/21/2024,13:00,DDPEC_ST1, 17.89,N
01/21/2024,13:00,DECKER_DPG2, 18.38,N
01/21/2024,13:00,DECKER_GT, 18.38,N
01/21/2024,13:00,DENISON_G1_2, 17.41,N
01/21/2024,13:00,DERMOTT_ALL, 16.22,N
01/21/2024,13:00,DIBOL_RN, 17.53,N
01/21/2024,13:00,DIB_CC1, 17.88,N
01/21/2024,13:00,DIB_DIB_G1, 17.88,N
01/21/2024,13:00,DIB_DIB_G2, 17.88,N
01/21/2024,13:00,DIB_DIB_G3, 17.88,N
01/21/2024,13:00,DIB_DIB_G4, 17.88,N
01/21/2024,13:00,DIB_PUN1, 17.88,N
01/21/2024,13:00,DIB_PUN2, 17.88,N
01/21/2024,13:00,DILEOS_UNIT1, 17.73,N
01/21/2024,13:00,DKNS_ESS_RN, 16.28,N
01/21/2024,13:00,DOWGEN_PUN1, 17.94,N
01/21/2024,13:00,DOWGEN_PUN2, 17.94,N
01/21/2024,13:00,DOWGEN_PUN3, 17.94,N
01/21/2024,13:00,DOW_61_2_63, 17.94,N
01/21/2024,13:00,DOW_64, 17.94,N
01/21/2024,13:00,DOW_81_2_84, 17.94,N
01/21/2024,13:00,DOW_G37_G35, 17.94,N
01/21/2024,13:00,DOW_G66_ST65, 17.94,N
01/21/2024,13:00,DOW_G67, 17.94,N
01/21/2024,13:00,DOW_G96_ST95, 17.94,N
01/21/2024,13:00,DUKE_CC1, 18.11,N
01/21/2024,13:00,DUKE_GST1CCU, 18.11,N
01/21/2024,13:00,DUKE_GT2_CCU, 18.11,N
01/21/2024,13:00,DUP_PUN1, 18.13,N
01/21/2024,13:00,DUP_PUN2, 18.13,N
01/21/2024,13:00,DUP_PUN3, 18.13,N
01/21/2024,13:00,DUP_PUN4, 18.13,N
01/21/2024,13:00,EBELLS_UNIT1, 17.8,N
01/21/2024,13:00,EBNY_ESS_RN, 18.47,N
01/21/2024,13:00,ECLIPSE_UN1, 18.06,N
01/21/2024,13:00,EIFSLR_UNIT1, 17.43,N
01/21/2024,13:00,ELB_ELBCREEK, 15.88,N
01/21/2024,13:00,ELECTRAW_1_2, 16.39,N
01/21/2024,13:00,ELSAUZ_ALL, 18.1,N
01/21/2024,13:00,ELSA_ESR_RN, 18.11,N
01/21/2024,13:00,ELS_RN_1, 17.47,N
01/21/2024,13:00,EL_RAYO_ALL, 18.1,N
01/21/2024,13:00,ENDPARK_ESS1, 16.19,N
01/21/2024,13:00,ERSL_RN, 18.4,N
01/21/2024,13:00,ESTONIAN_ALL, 17.43,N
01/21/2024,13:00,ETCCS_CC1, 17.49,N
01/21/2024,13:00,ETCCS_CCU, 17.49,N
01/21/2024,13:00,EUNICE_ALL, 15.83,N
01/21/2024,13:00,EXGNSND_RN, 18.14,N
01/21/2024,13:00,EXGNWTL_1, 18.13,N
01/21/2024,13:00,EXN_14, 17.88,N
01/21/2024,13:00,EXN_1_3, 17.88,N
01/21/2024,13:00,EXN_4, 17.88,N
01/21/2024,13:00,EXN_8, 17.88,N
01/21/2024,13:00,EXN_9_13, 17.88,N
01/21/2024,13:00,EXN_PUN1, 17.88,N
01/21/2024,13:00,EXN_PUN2, 17.88,N
01/21/2024,13:00,EXN_PUN3, 17.88,N
01/21/2024,13:00,E_BLACK_RN, 18.18,N
01/21/2024,13:00,FALFUR_RN, 18.11,N
01/21/2024,13:00,FAL_FALCONG1, 18.12,N
01/21/2024,13:00,FAL_FALCONG2, 18.12,N
01/21/2024,13:00,FAL_FALCONG3, 18.12,N
01/21/2024,13:00,FAULKNER_RN, 15.72,N
01/21/2024,13:00,FEGC_RN, 17.92,N
01/21/2024,13:00,FENCESLR_ALL, 17.54,N
01/21/2024,13:00,FERGCC_CC1, 19.56,N
01/21/2024,13:00,FERGCC_GT1_1, 19.56,N
01/21/2024,13:00,FERGCC_GT2_3, 19.56,N
01/21/2024,13:00,FERGCC_ST1_5, 19.56,N
01/21/2024,13:00,FERMI_ALL, 9.94,N
01/21/2024,13:00,FILESSLR_PV1, 17.52,N
01/21/2024,13:00,FIVEWSLR_ALL, 17.85,N
01/21/2024,13:00,FLCNS_CC1, 15.91,N
01/21/2024,13:00,FLCNS_UNIT1, 15.91,N
01/21/2024,13:00,FLCNS_UNIT2, 15.91,N
01/21/2024,13:00,FLCNS_UNIT3, 15.91,N
01/21/2024,13:00,FLOWERII_RN, 15.7,N
01/21/2024,13:00,FLTBES1, 15.7,N
01/21/2024,13:00,FLTCK_SSI, 17.38,N
01/21/2024,13:00,FLUVANNA_1_2, 16.19,N
01/21/2024,13:00,FLVABES1_ESR, 15.7,N
01/21/2024,13:00,FOARDCTY_ALL, 16.36,N
01/21/2024,13:00,FORMOSA_CC1, 18.04,N
01/21/2024,13:00,FORMOSA_CC2, 18.04,N
01/21/2024,13:00,FORMOSA_PUN1, 18.04,N
01/21/2024,13:00,FORMOSA_PUN2, 18.04,N
01/21/2024,13:00,FOXTROT_ALL, 18.06,N
01/21/2024,13:00,FO_FORMOSA11, 18.04,N
01/21/2024,13:00,FO_FORMOSA12, 18.04,N
01/21/2024,13:00,FO_FORMOSG1, 18.04,N
01/21/2024,13:00,FO_FORMOSG10, 18.04,N
01/21/2024,13:00,FO_FORMOSG13, 18.04,N
01/21/2024,13:00,FO_FORMOSG14, 18.04,N
01/21/2024,13:00,FO_FORMOSG15, 18.04,N
01/21/2024,13:00,FO_FORMOSG2, 18.04,N
01/21/2024,13:00,FO_FORMOSG3, 18.04,N
01/21/2024,13:00,FO_FORMOSG4, 18.04,N
01/21/2024,13:00,FO_FORMOSG5, 18.04,N
01/21/2024,13:00,FO_FORMOSG6, 18.04,N
01/21/2024,13:00,FO_FORMOSG7, 18.04,N
01/21/2024,13:00,FO_FORMOSG8, 18.04,N
01/21/2024,13:00,FO_FORMOSG9, 18.04,N
01/21/2024,13:00,FPPYD_FPP_G1, 18.25,N
01/21/2024,13:00,FPPYD_FPP_G2, 18.25,N
01/21/2024,13:00,FPPYD_FPP_G3, 18.25,N
01/21/2024,13:00,FREC_1_CCU, 17.57,N
01/21/2024,13:00,FREC_2_CCU, 17.57,N
01/21/2024,13:00,FREC_CC1, 17.57,N
01/21/2024,13:00,FREC_CC2, 17.57,N
01/21/2024,13:00,FRMRSVLW_RN, 17.44,N
01/21/2024,13:00,FRNYPP_1_CCU, 17.47,N
01/21/2024,13:00,FRNYPP_2_CCU, 17.47,N
01/21/2024,13:00,FRNYPP_CC1, 17.47,N
01/21/2024,13:00,FRNYPP_CC2, 17.47,N
01/21/2024,13:00,FRONT_EC_CC1, 18.11,N
01/21/2024,13:00,FRONT_EC_RN1, 18.11,N
01/21/2024,13:00,FRONT_EC_RN2, 18.11,N
01/21/2024,13:00,FRONT_EC_RN3, 18.11,N
01/21/2024,13:00,FRYE_SLR_ALL, 9.98,N
01/21/2024,13:00,FTR_CC1, 17.79,N
01/21/2024,13:00,FTR_FTR_G1_4, 17.79,N
01/21/2024,13:00,FTWIND_UNIT1, 16.01,N
01/21/2024,13:00,FWLR_SLR_1, 15.64,N
01/21/2024,13:00,GALO_RN1, 15.78,N
01/21/2024,13:00,GAMBIT_RN, 18.01,N
01/21/2024,13:00,GARC_BESS_RN, 18.12,N
01/21/2024,13:00,GBY_GT, 17.88,N
01/21/2024,13:00,GID_GIDEONG1, 18.32,N
01/21/2024,13:00,GID_GIDEONG2, 18.32,N
01/21/2024,13:00,GID_GIDEONG3, 18.32,N
01/21/2024,13:00,GIGA_ESS_RN, 18.19,N
01/21/2024,13:00,GOA_GOATWIND, 15.73,N
01/21/2024,13:00,GOLINDA_UN1, 17.74,N
01/21/2024,13:00,GOMZ_RN, 15.64,N
01/21/2024,13:00,GOODNIT1_ALL, 9.99,N
01/21/2024,13:00,GPASTURE_ALL, 16.31,N
01/21/2024,13:00,GRANDVW1_A_B, 9.99,N
01/21/2024,13:00,GRDNE_ESR_RN, 15.87,N
01/21/2024,13:00,GREASWOD_ALL, 15.57,N
01/21/2024,13:00,GRIF_TRL_RN, 16.36,N
01/21/2024,13:00,GRSES_UNIT1, 16.54,N
01/21/2024,13:00,GRSES_UNIT2, 16.42,N
01/21/2024,13:00,GUADG_CC1, 18.27,N
01/21/2024,13:00,GUADG_CC2, 18.27,N
01/21/2024,13:00,GUADG_CCU1, 18.27,N
01/21/2024,13:00,GUADG_CCU2, 18.27,N
01/21/2024,13:00,GUNMTN_NODE, 15.98,N
01/21/2024,13:00,GWEC_G1, 17.48,N
01/21/2024,13:00,HALO_RN1, 17.84,N
01/21/2024,13:00,HAMI_BESS_RN, 15.93,N
01/21/2024,13:00,HAYSEN1_2, 13.71,N
01/21/2024,13:00,HAYSEN3_4, 17.97,N
01/21/2024,13:00,HB_BUSAVG, 17.46,N
01/21/2024,13:00,HB_HOUSTON, 17.88,N
01/21/2024,13:00,HB_HUBAVG, 17.33,N
01/21/2024,13:00,HB_NORTH, 17.47,N
01/21/2024,13:00,HB_PAN, 10.56,N
01/21/2024,13:00,HB_SOUTH, 17.92,N
01/21/2024,13:00,HB_WEST, 16.06,N
01/21/2024,13:00,HELIOS_RN, 20.02,N
01/21/2024,13:00,HHGT_KENDAL, 16.29,N
01/21/2024,13:00,HHOLLW2_WND1, 15.99,N
01/21/2024,13:00,HHOLLW3_WND1, 15.99,N
01/21/2024,13:00,HHOLLW4_WND1, 15.99,N
01/21/2024,13:00,HICK_G1_G2, 10.56,N
01/21/2024,13:00,HI_LONEB_RN1, 10.7,N
01/21/2024,13:00,HI_LONE_ALL, 10.7,N
01/21/2024,13:00,HLSES_UNIT3, 17.43,N
01/21/2024,13:00,HLSES_UNIT4, 17.43,N
01/21/2024,13:00,HLSES_UNIT5, 17.43,N
01/21/2024,13:00,HMNG_ESS_RN, 17.36,N
01/21/2024,13:00,HOLCOMB_RN1, 18.24,N
01/21/2024,13:00,HOLSTEIN_ALL, 16.01,N
01/21/2024,13:00,HOL_ALL, 17.96,N
01/21/2024,13:00,HOPKNSLR_ALL, 17.44,N
01/21/2024,13:00,HORSCR_RN, 15.62,N
01/21/2024,13:00,HORSECRK_RN, 16.37,N
01/21/2024,13:00,HOUSEMTN_RN, 15.65,N
01/21/2024,13:00,HOVEY_GEN, 15.66,N
01/21/2024,13:00,HRBESS_BESS, 15.78,N
01/21/2024,13:00,HRFDWIND_ALL, 9.97,N
01/21/2024,13:00,HRZN_SLR_UN1, 18.46,N
01/21/2024,13:00,HWF_HWFG1, 16.24,N
01/21/2024,13:00,HYDR_ESS_RN, 15.56,N
01/21/2024,13:00,H_HOLLO_WND1, 15.99,N
01/21/2024,13:00,IMP_RN1, 17.43,N
01/21/2024,13:00,INDNENR_1_RN, 15.55,N
01/21/2024,13:00,INDNENR_2_RN, 15.58,N
01/21/2024,13:00,INDNNWP_RN, 15.57,N
01/21/2024,13:00,IND_INADALE1, 16.09,N
01/21/2024,13:00,INGLCOSW_CC1, 18.09,N
01/21/2024,13:00,INGLCOSW_STG, 18.09,N
01/21/2024,13:00,INGLCOS_CTG1, 18.09,N
01/21/2024,13:00,INGLCOS_CTG2, 18.09,N
01/21/2024,13:00,INGLCO_PUN1, 18.09,N
01/21/2024,13:00,INGLCO_PUN2, 18.09,N
01/21/2024,13:00,INGLCO_PUN3, 18.09,N
01/21/2024,13:00,INKS_INKS_G1, 19.79,N
01/21/2024,13:00,INRT_W_ALL, 16.37,N
01/21/2024,13:00,JACKCNTY_CC1, 17.27,N
01/21/2024,13:00,JACKCNTY_CT1, 17.27,N
01/21/2024,13:00,JACKCNTY_CT2, 17.27,N
01/21/2024,13:00,JACKCNTY_STG, 17.27,N
01/21/2024,13:00,JADE_SLR_ALL, 16.22,N
01/21/2024,13:00,JAY_RN_1, 17.92,N
01/21/2024,13:00,JCKCNTY2_CC1, 17.3,N
01/21/2024,13:00,JCKCNTY2_CT3, 17.3,N
01/21/2024,13:00,JCKCNTY2_CT4, 17.3,N
01/21/2024,13:00,JCKCNTY2_ST2, 17.3,N
01/21/2024,13:00,JC_BAT_RN, 19.2,N
01/21/2024,13:00,JDKNS_RN, 15.8,N
01/21/2024,13:00,JUNCTION_RN, 26.46,N
01/21/2024,13:00,JUNO_ALL, 16.05,N
01/21/2024,13:00,KARAKAW1_1, 18.08,N
01/21/2024,13:00,KARAKAW2_1, 18.08,N
01/21/2024,13:00,KEECHI_U1, 17.27,N
01/21/2024,13:00,KELAMSL_U1, 17.53,N
01/21/2024,13:00,KEO_KEO_SM1, 15.62,N
01/21/2024,13:00,KINGE_ALL, 15.61,N
01/21/2024,13:00,KINGW_ALL, 15.63,N
01/21/2024,13:00,KMCHI_CC1, 17.42,N
01/21/2024,13:00,KMCHI_CC2, 17.42,N
01/21/2024,13:00,LACY_CRK_ALL, 15.85,N
01/21/2024,13:00,LAMESASLR_G, 15.97,N
01/21/2024,13:00,LAPETUS_U1, 15.83,N
01/21/2024,13:00,LARDVFTN_G4, 18.14,N
01/21/2024,13:00,LARDVFTN_G5, 18.14,N
01/21/2024,13:00,LASSO_GEN, 15.65,N
01/21/2024,13:00,LBRA_BES1, 18.19,N
01/21/2024,13:00,LEG_LEG_G1, 17.68,N
01/21/2024,13:00,LEG_LEG_G2, 17.68,N
01/21/2024,13:00,LEONLCPCT1_2, 19.53,N
01/21/2024,13:00,LEONLCPCT3_4, 19.53,N
01/21/2024,13:00,LFSTH_RN, 17.53,N
01/21/2024,13:00,LGDRAW_S_ALL, 16.05,N
01/21/2024,13:00,LGD_LANGFORD, 14.26,N
01/21/2024,13:00,LGE_CC1, 18.09,N
01/21/2024,13:00,LGE_LGE_GT1, 18.09,N
01/21/2024,13:00,LGE_LGE_GT2, 18.09,N
01/21/2024,13:00,LGE_LGE_STG, 18.09,N
01/21/2024,13:00,LGE_PUN1, 18.09,N
01/21/2024,13:00,LGE_PUN2, 18.09,N
01/21/2024,13:00,LGW_UNIT_ALL, 16.09,N
01/21/2024,13:00,LHM_CVC_G4, 17.88,N
01/21/2024,13:00,LHM_PUN1, 17.88,N
01/21/2024,13:00,LHM_PUN2, 17.88,N
01/21/2024,13:00,LHORN_N_U1_2, 9.98,N
01/21/2024,13:00,LHSES_UNIT1, 17.46,N
01/21/2024,13:00,LHSES_UNIT2, 17.46,N
01/21/2024,13:00,LIG_RN, 17.87,N
01/21/2024,13:00,LILY_RN, 17.48,N
01/21/2024,13:00,LMAJADAS_ALL, 18.1,N
01/21/2024,13:00,LMO_ESR_RN, 17.78,N
01/21/2024,13:00,LNCRK_ALL, 16.19,N
01/21/2024,13:00,LONESTAR_RN, 15.74,N
01/21/2024,13:00,LONEWOLF_ALL, 15.98,N
01/21/2024,13:00,LON_RN1, 17.95,N
01/21/2024,13:00,LOSTPI_CC1, 18.26,N
01/21/2024,13:00,LOS_LOSTPGT1, 18.26,N
01/21/2024,13:00,LOS_LOSTPGT2, 18.26,N
01/21/2024,13:00,LOS_LOSTPST1, 18.26,N
01/21/2024,13:00,LPCCS_CC1, 17.43,N
01/21/2024,13:00,LPCCS_CC2, 17.43,N
01/21/2024,13:00,LPCCS_CT11, 17.43,N
01/21/2024,13:00,LPCCS_CT12, 17.43,N
01/21/2024,13:00,LPCCS_CT21, 17.43,N
01/21/2024,13:00,LPCCS_CT22, 17.43,N
01/21/2024,13:00,LPCCS_UNIT1, 17.43,N
01/21/2024,13:00,LPCCS_UNIT2, 17.43,N
01/21/2024,13:00,LV1A_LV1B, 18.1,N
01/21/2024,13:00,LV3_RN, 18.11,N
01/21/2024,13:00,LV3_UNIT1, 18.11,N
01/21/2024,13:00,LV4_UNIT_1, 18.11,N
01/21/2024,13:00,LV5_UNIT1, 18.12,N
01/21/2024,13:00,LZ_AEN, 18.44,N
01/21/2024,13:00,LZ_CPS, 18.87,N
01/21/2024,13:00,LZ_HOUSTON, 17.9,N
01/21/2024,13:00,LZ_LCRA, 19.14,N
01/21/2024,13:00,LZ_NORTH, 17.48,N
01/21/2024,13:00,LZ_RAYBN, 17.46,N
01/21/2024,13:00,LZ_SOUTH, 18.32,N
01/21/2024,13:00,LZ_WEST, 15.86,N
01/21/2024,13:00,L_FRE_ESR_RN, 18.1,N
01/21/2024,13:00,MADERO_RN, 18.11,N
01/21/2024,13:00,MAINLAND_RN, 17.9,N
01/21/2024,13:00,MARBFA, 19.56,N
01/21/2024,13:00,MARIAH_ALL, 9.97,N
01/21/2024,13:00,MAR_MARSFOG1, 18.53,N
01/21/2024,13:00,MAR_MARSFOG2, 18.53,N
01/21/2024,13:00,MAR_MARSFOG3, 18.53,N
01/21/2024,13:00,MASSENGL_CC1, 16.2,N
01/21/2024,13:00,MASSENGL_G6, 16.2,N
01/21/2024,13:00,MASSENGL_G7, 16.2,N
01/21/2024,13:00,MASSENGL_G8, 16.21,N
01/21/2024,13:00,MAVCRK_W_ALL, 15.78,N
01/21/2024,13:00,MCDLD_FCSBW1, 15.91,N
01/21/2024,13:00,MCLNSLR_RN, 18.37,N
01/21/2024,13:00,MCSES_UNIT6, 17.46,N
01/21/2024,13:00,MCSES_UNIT7, 17.46,N
01/21/2024,13:00,MCSES_UNIT8, 17.46,N
01/21/2024,13:00,MDANP_CT1_2, 17.48,N
01/21/2024,13:00,MDANP_CT3_4, 17.47,N
01/21/2024,13:00,MDANP_CT5_6, 17.48,N
01/21/2024,13:00,MERCURY_ALL, 17.56,N
01/21/2024,13:00,MESQCRK_ALL, 16.05,N
01/21/2024,13:00,MESTENO_RN, 18.11,N
01/21/2024,13:00,MGSES_CT123, 15.97,N
01/21/2024,13:00,MGSES_CT456, 15.97,N
01/21/2024,13:00,MIAM1_G1_G2, 10,N
01/21/2024,13:00,MIDWY_RN, 15.79,N
01/21/2024,13:00,MIL_MILG1_2, 17.41,N
01/21/2024,13:00,MIL_MILG345, 17.41,N
01/21/2024,13:00,MIRAGE_G1, 17.89,N
01/21/2024,13:00,MIRASOLE_GEN, 18.11,N
01/21/2024,13:00,MISAE_GEN_RN, 10.03,N
01/21/2024,13:00,MLSES_UNIT1, 17.51,N
01/21/2024,13:00,MLSES_UNIT2, 17.51,N
01/21/2024,13:00,MLSES_UNIT3, 17.51,N
01/21/2024,13:00,MNWL_BESS_RN, 17.32,N
01/21/2024,13:00,MOZART_WIND1, 16.12,N
01/21/2024,13:00,MUSTNGCK_ALL, 18.45,N
01/21/2024,13:00,MV_VALV4_RN, 18.11,N
01/21/2024,13:00,MWEC_G1, 16.14,N
01/21/2024,13:00,MYRY_ESR_RN, 18.11,N
01/21/2024,13:00,MYR_ALL, 17.97,N
01/21/2024,13:00,NACPW_UNIT1, 17.52,N
01/21/2024,13:00,NBOHR_RN, 15.86,N
01/21/2024,13:00,NCARBIDEG8, 18.13,N
01/21/2024,13:00,NCARBIDE_1_7, 18.13,N
01/21/2024,13:00,NCARBID_PUN1, 18.13,N
01/21/2024,13:00,NCARBID_PUN2, 18.13,N
01/21/2024,13:00,NCO_RN, 18.02,N
01/21/2024,13:00,NEBULA_RN, 18.1,N
01/21/2024,13:00,NEDIN_CC1, 17.44,N
01/21/2024,13:00,NED_NEDIN_G1, 18.1,N
01/21/2024,13:00,NED_NEDIN_G2, 17.11,N
01/21/2024,13:00,NED_NEDIN_G3, 17.11,N
01/21/2024,13:00,NF_BRP_RN, 18.47,N
01/21/2024,13:00,NOBLESLR_ALL, 17.36,N
01/21/2024,13:00,NOVA1SLR_ALL, 16.25,N
01/21/2024,13:00,NOVA2S_UNIT1, 16.25,N
01/21/2024,13:00,NUECES_B_CC1, 18.09,N
01/21/2024,13:00,NUE_NUECESG7, 18.09,N
01/21/2024,13:00,NUE_NUECESG8, 18.09,N
01/21/2024,13:00,NUE_NUECESG9, 18.09,N
01/21/2024,13:00,NWF_NWF1, 15.81,N
01/21/2024,13:00,N_AL_BESS_RN, 18.11,N
01/21/2024,13:00,N_MRD_ESR_RN, 18.11,N
01/21/2024,13:00,OBERON_U1, 15.79,N
01/21/2024,13:00,ODESW_RN, 15.81,N
01/21/2024,13:00,OECCS_1, 15.82,N
01/21/2024,13:00,OECCS_2, 15.82,N
01/21/2024,13:00,OECCS_CC1, 15.82,N
01/21/2024,13:00,OECCS_CC2, 15.82,N
01/21/2024,13:00,OGSES_1, 17.74,N
01/21/2024,13:00,OGSES_2, 17.74,N
01/21/2024,13:00,OLIN_OLING_1, 17.45,N
01/21/2024,13:00,OLIN_OLING_2, 17.45,N
01/21/2024,13:00,OLIN_OLING_3, 17.45,N
01/21/2024,13:00,OLIN_OLING_4, 17.45,N
01/21/2024,13:00,OLNEYTN_RN, 16.63,N
01/21/2024,13:00,OR_BESS_RN, 18.08,N
01/21/2024,13:00,OWF_OWF, 15.9,N
01/21/2024,13:00,OXY_OXY_CCG1, 18.09,N
01/21/2024,13:00,OXY_PUN1, 18.09,N
01/21/2024,13:00,OXY_PUN2, 18.09,N
01/21/2024,13:00,PALE_ESS_EN, 16.23,N
01/21/2024,13:00,PALMWI_UNIT1, 18.1,N
01/21/2024,13:00,PANDA_S_CC1, 17.41,N
01/21/2024,13:00,PANDA_S_CT1, 17.41,N
01/21/2024,13:00,PANDA_S_CT2, 17.41,N
01/21/2024,13:00,PANDA_S_ST1, 17.41,N
01/21/2024,13:00,PANDA_T1_CC1, 17.83,N
01/21/2024,13:00,PANDA_T1_CT1, 17.83,N
01/21/2024,13:00,PANDA_T1_CT2, 17.83,N
01/21/2024,13:00,PANDA_T1_ST1, 17.83,N
01/21/2024,13:00,PANDA_T2_CC1, 17.83,N
01/21/2024,13:00,PANDA_T2_CT1, 17.83,N
01/21/2024,13:00,PANDA_T2_CT2, 17.83,N
01/21/2024,13:00,PANDA_T2_ST1, 17.83,N
01/21/2024,13:00,PAP1_PAP1, 18.09,N
01/21/2024,13:00,PAULN_RN, 17.52,N
01/21/2024,13:00,PAVLOV_BT_RN, 19.82,N
01/21/2024,13:00,PAVO_ESS_ALL, 15.62,N
01/21/2024,13:00,PB2SES_CT1, 15.77,N
01/21/2024,13:00,PB2SES_CT2, 15.77,N
01/21/2024,13:00,PB2SES_CT3, 15.77,N
01/21/2024,13:00,PB2SES_CT4, 15.77,N
01/21/2024,13:00,PB2SES_CT5, 15.77,N
01/21/2024,13:00,PC_NORTH_1, 15.88,N
01/21/2024,13:00,PC_SOUTH_ALL, 15.88,N
01/21/2024,13:00,PEARSA_1_24, 18.46,N
01/21/2024,13:00,PENA_ALL, 18.1,N
01/21/2024,13:00,PES1_RN, 17.92,N
01/21/2024,13:00,PEY_RN, 17.96,N
01/21/2024,13:00,PH1_UNIT1_2, 9.99,N
01/21/2024,13:00,PH2_U1_U2, 9.99,N
01/21/2024,13:00,PHILLWND_ALL, 17.68,N
01/21/2024,13:00,PHOEBE_ALL, 15.78,N
01/21/2024,13:00,PHOENIX_RN, 17.43,N
01/21/2024,13:00,PHO_ALL, 17.94,N
01/21/2024,13:00,PIONR_DJ_RN, 15.81,N
01/21/2024,13:00,PISG_RN_ALL, 17.56,N
01/21/2024,13:00,PITSDD_UNIT1, 17.57,N
01/21/2024,13:00,PLN_ALL, 17.97,N
01/21/2024,13:00,PNPI_GT2_RN, 17.94,N
01/21/2024,13:00,PORTSL_UNIT1, 16.57,N
01/21/2024,13:00,POTSVIL_RN, 18.56,N
01/21/2024,13:00,PRID_RN, 16.39,N
01/21/2024,13:00,PROSPERO_ALL, 15.83,N
01/21/2024,13:00,PRO_RN, 17.92,N
01/21/2024,13:00,PRSPERO2_ALL, 15.83,N
01/21/2024,13:00,PR_PR_ALL, 17.88,N
01/21/2024,13:00,PR_PR_G2, 17.88,N
01/21/2024,13:00,PSA_CC1, 17.88,N
01/21/2024,13:00,PSA_PSA_G1, 17.88,N
01/21/2024,13:00,PSA_PSA_G2, 17.88,N
01/21/2024,13:00,PSA_PSA_G3, 17.88,N
01/21/2024,13:00,PSA_PSA_G4, 17.88,N
01/21/2024,13:00,PSA_PSA_G5, 17.88,N
01/21/2024,13:00,PSA_PSA_G6, 17.88,N
01/21/2024,13:00,PSA_PSA_G7, 17.88,N
01/21/2024,13:00,PSA_PUN1, 17.88,N
01/21/2024,13:00,PSA_PUN2, 17.88,N
01/21/2024,13:00,PSA_PUN3, 17.88,N
01/21/2024,13:00,PSA_PUN4, 17.88,N
01/21/2024,13:00,PSA_PUN5, 17.88,N
01/21/2024,13:00,PSG_CC1, 17.88,N
01/21/2024,13:00,PSG_PSG_GT2, 17.88,N
01/21/2024,13:00,PSG_PSG_GT3, 17.88,N
01/21/2024,13:00,PSG_PSG_ST1, 17.88,N
01/21/2024,13:00,PTLBES_BESS1, 18.16,N
01/21/2024,13:00,PYR_PYRON1, 16.09,N
01/21/2024,13:00,QALSW_ALL, 15.82,N
01/21/2024,13:00,QALSW_CC1, 15.82,N
01/21/2024,13:00,QALSW_CC2, 15.82,N
01/21/2024,13:00,QUEEN_BA_RN, 15.66,N
01/21/2024,13:00,QUEEN_SL_RN, 15.66,N
01/21/2024,13:00,RAB_G1-8, 17.91,N
01/21/2024,13:00,RADN_SLR_ALL, 16.05,N
01/21/2024,13:00,RAMBLER_UNIT, 15.52,N
01/21/2024,13:00,RANCHERO_ALL, 10.6,N
01/21/2024,13:00,RAT_RN_1, 14.04,N
01/21/2024,13:00,RAYBURN_CC1, 18.18,N
01/21/2024,13:00,RAYB_G78910, 18.18,N
01/21/2024,13:00,RBN_BESS1, 17.98,N
01/21/2024,13:00,RDCAN_RDCNY1, 16.12,N
01/21/2024,13:00,REDBARN_RN, 15.56,N
01/21/2024,13:00,REDFISH_ALL, 18.1,N
01/21/2024,13:00,REDGATE_ALL, 18.11,N
01/21/2024,13:00,REDGATE_RN, 18.11,N
01/21/2024,13:00,RELOJ_ALL, 18.13,N
01/21/2024,13:00,REROCK_ALL, 15.66,N
01/21/2024,13:00,RHESS2_ESS1, 18.2,N
01/21/2024,13:00,RIGGIN_UNIT1, 15.65,N
01/21/2024,13:00,RIOG_ESR_RN, 18.12,N
01/21/2024,13:00,RIONOG_CC1, 18.35,N
01/21/2024,13:00,RIONOG_CT1, 18.35,N
01/21/2024,13:00,RIONOG_CT2, 18.35,N
01/21/2024,13:00,RIONOG_CT3, 18.35,N
01/21/2024,13:00,RIONOG_ST1, 18.35,N
01/21/2024,13:00,RIPPEY_ALL, 17.35,N
01/21/2024,13:00,RN_APOGEE, 16.24,N
01/21/2024,13:00,RN_BYU_G8, 17.89,N
01/21/2024,13:00,RN_DEC_AGR_A, 17.37,N
01/21/2024,13:00,RN_DEC_AGR_B, 17.37,N
01/21/2024,13:00,RN_DEC_AGR_C, 17.37,N
01/21/2024,13:00,RN_DEC_AGR_D, 17.37,N
01/21/2024,13:00,RN_ECEC_HOLT, 15.81,N
01/21/2024,13:00,RN_OCI_ALAMO, 19.32,N
01/21/2024,13:00,RN_RTS1, 15.91,N
01/21/2024,13:00,RN_SR_WIND1, 18.1,N
01/21/2024,13:00,RN_TOSBATT, 15.92,N
01/21/2024,13:00,ROSELAND_ALL, 17.68,N
01/21/2024,13:00,ROUTE66_RN, 9.99,N
01/21/2024,13:00,ROW_ALL, 17.92,N
01/21/2024,13:00,RPUBRDS_RN, 17.8,N
01/21/2024,13:00,RRANCHES_ALL, 15.73,N
01/21/2024,13:00,RRC_WIND_ALL, 16.55,N
01/21/2024,13:00,RSK_RN, 15.86,N
01/21/2024,13:00,RTLSNAKE_BT, 15.74,N
01/21/2024,13:00,RUSSEKST_RN, 15.41,N
01/21/2024,13:00,RVRVLYS_ALL, 18.15,N
01/21/2024,13:00,SADLBACK_RN, 15.71,N
01/21/2024,13:00,SALVTION_GEN, 16.37,N
01/21/2024,13:00,SAMSON_ALL, 17.44,N
01/21/2024,13:00,SANDHSYD1_2, 18.42,N
01/21/2024,13:00,SANDHSYD3_4, 18.42,N
01/21/2024,13:00,SANDHSYD6_7, 18.42,N
01/21/2024,13:00,SANDHSYD_5AC, 18.42,N
01/21/2024,13:00,SANDHSYD_CC1, 18.42,N
01/21/2024,13:00,SANTACRU_ALL, 18.09,N
01/21/2024,13:00,SAN_SANMIGG1, 18.14,N
01/21/2024,13:00,SBEAN_BESS, 15.74,N
01/21/2024,13:00,SBE_RN_1, 18.18,N
01/21/2024,13:00,SC2SES_UNIT1, 17.52,N
01/21/2024,13:00,SCES_UNIT1, 17.68,N
01/21/2024,13:00,SCLP_PUN1, 18.02,N
01/21/2024,13:00,SCLP_PUN2, 18.02,N
01/21/2024,13:00,SCLP_PUN3, 18.02,N
01/21/2024,13:00,SCLP_PUN4, 18.02,N
01/21/2024,13:00,SCLP_SCLPC_1, 18.02,N
01/21/2024,13:00,SCLP_SCLPC_2, 18.02,N
01/21/2024,13:00,SCLP_SCLPC_3, 18.02,N
01/21/2024,13:00,SCLP_SCLPC_4, 18.02,N
01/21/2024,13:00,SCSES_UNIT2, 17.52,N
01/21/2024,13:00,SDSES_PUN1, 18.04,N
01/21/2024,13:00,SDSES_PUN3, 18.04,N
01/21/2024,13:00,SENATEWD_1, 16.46,N
01/21/2024,13:00,SGM_SIGNALMT, 15.91,N
01/21/2024,13:00,SGSA_DGR, 15.66,N
01/21/2024,13:00,SG_BES_BESS1, 15.65,N
01/21/2024,13:00,SHAFFER_ALL, 18.09,N
01/21/2024,13:00,SHAMROCK_RN, 10.58,N
01/21/2024,13:00,SHANNONW_RN, 16.47,N
01/21/2024,13:00,SHEEPCRK_1, 16.55,N
01/21/2024,13:00,SILASRAY_CC1, 18.71,N
01/21/2024,13:00,SIL_SILAS_10, 18.71,N
01/21/2024,13:00,SIL_SILAS_6, 18.71,N
01/21/2024,13:00,SIL_SILAS_9, 18.71,N
01/21/2024,13:00,SIRIUS_UNIT1, 15.59,N
01/21/2024,13:00,SJS_SJS_G1, 17.89,N
01/21/2024,13:00,SJS_SJS_G2, 17.89,N
01/21/2024,13:00,SKY1, 18.28,N
01/21/2024,13:00,SLCN_ESS_ALL, 18.2,N
01/21/2024,13:00,SLTFRK_UN1_2, 10,N
01/21/2024,13:00,SL_PUN1, 17.88,N
01/21/2024,13:00,SL_PUN2, 17.88,N
01/21/2024,13:00,SNY_BESS_RN, 16.07,N
01/21/2024,13:00,SOLARA_UNIT1, 16.16,N
01/21/2024,13:00,SPARTA_ALL, 18.06,N
01/21/2024,13:00,SPLAIN1_RN, 9.97,N
01/21/2024,13:00,SPLAIN2_RN, 9.97,N
01/21/2024,13:00,SPNC_SPNCE_4, 17.38,N
01/21/2024,13:00,SPNC_SPNCE_5, 17.38,N
01/21/2024,13:00,SPTX12B_RN, 15.63,N
01/21/2024,13:00,SROSA_ESR_RN, 18.1,N
01/21/2024,13:00,SRWE1_UNIT1, 16.05,N
01/21/2024,13:00,SSPURT_WIND1, 9.98,N
01/21/2024,13:00,STAM_SLR_ALL, 17.44,N
01/21/2024,13:00,STEAM_ENG123, 17.45,N
01/21/2024,13:00,STEA_STEAM_1, 17.45,N
01/21/2024,13:00,STEA_STEAM_2, 17.45,N
01/21/2024,13:00,STEA_STEAM_3, 17.45,N
01/21/2024,13:00,STELLA_RN, 18.1,N
01/21/2024,13:00,STP_STP_G1, 17.96,N
01/21/2024,13:00,STP_STP_G2, 17.96,N
01/21/2024,13:00,STRATEGC_RN, 17.51,N
01/21/2024,13:00,STWF_T1, 16.04,N
01/21/2024,13:00,SUNVASLR_ALL, 17.57,N
01/21/2024,13:00,SWEC_G1, 15.9,N
01/21/2024,13:00,SWEETWN2_2_4, 16.03,N
01/21/2024,13:00,SWEETWN3_3, 16.03,N
01/21/2024,13:00,SWEETWND_1, 16.03,N
01/21/2024,13:00,SWOOSE1_U1, 15.75,N
01/21/2024,13:00,SWOOSEII_RN, 15.75,N
01/21/2024,13:00,SWTWN4_WND45, 16.03,N
01/21/2024,13:00,SWT_BESS_RN, 16.03,N
01/21/2024,13:00,S_HILLS_RN, 16.58,N
01/21/2024,13:00,TAHOKA_ALL, 16.09,N
01/21/2024,13:00,TAV_RN, 18.08,N
01/21/2024,13:00,TAYGETE2_ALL, 15.68,N
01/21/2024,13:00,TAYGETE_ALL, 15.68,N
01/21/2024,13:00,TBWF_ES_BES1, 15.63,N
01/21/2024,13:00,TC_PUN1, 17.89,N
01/21/2024,13:00,TC_PUN2, 17.89,N
01/21/2024,13:00,TC_TCHP1, 17.89,N
01/21/2024,13:00,TEN_CC1, 17.46,N
01/21/2024,13:00,TEN_CT1_STG, 17.46,N
01/21/2024,13:00,TGCCS_ALL, 17.52,N
01/21/2024,13:00,TGCCS_CC1, 17.52,N
01/21/2024,13:00,TGF_TGFGT, 18.29,N
01/21/2024,13:00,TGS_GT01, 18.29,N
01/21/2024,13:00,TGW_T1_T2, 18.1,N
01/21/2024,13:00,THW_1_CCU, 17.87,N
01/21/2024,13:00,THW_2_CCU, 17.87,N
01/21/2024,13:00,THW_CC1, 17.87,N
01/21/2024,13:00,THW_CC2, 17.87,N
01/21/2024,13:00,THW_THWGT5X, 17.87,N
01/21/2024,13:00,THW_THWGT_1, 17.87,N
01/21/2024,13:00,TI_SOLAR_ALL, 15.73,N
01/21/2024,13:00,TKWSW_CHAMP, 16.09,N
01/21/2024,13:00,TKWSW_ROSCOE, 16.09,N
01/21/2024,13:00,TNP_TNP_O_1, 17.77,N
01/21/2024,13:00,TNP_TNP_O_2, 17.77,N
01/21/2024,13:00,TNSKA_CC1, 17.43,N
01/21/2024,13:00,TNSKA_CCU, 17.43,N
01/21/2024,13:00,TOPAZ_ALL, 17.9,N
01/21/2024,13:00,TORR_ALL, 18.13,N
01/21/2024,13:00,TORT_ESS_RN, 17.91,N
01/21/2024,13:00,TOYAH_RN, 15.66,N
01/21/2024,13:00,TREB_SOLAR1, 18.05,N
01/21/2024,13:00,TRENT_TRENT, 16.04,N
01/21/2024,13:00,TRINITY_ALL, 16.43,N
01/21/2024,13:00,TRIPBUT1_RN, 15.65,N
01/21/2024,13:00,TRSES_UNIT6, 17.53,N
01/21/2024,13:00,TRUENO_ALL, 18.1,N
01/21/2024,13:00,TRUSGILL_RN, 16.36,N
01/21/2024,13:00,TTRSW_RN, 17.44,N
01/21/2024,13:00,TTWEC_G1, 15.73,N
01/21/2024,13:00,TURQ_BESS1, 17.45,N
01/21/2024,13:00,TV_RN, 17.95,N
01/21/2024,13:00,TXCTY_CC1, 17.9,N
01/21/2024,13:00,TXCTY_CTA, 17.9,N
01/21/2024,13:00,TXCTY_CTB, 17.9,N
01/21/2024,13:00,TXCTY_CTC, 17.9,N
01/21/2024,13:00,TXCTY_ST, 17.9,N
01/21/2024,13:00,TYLRWIND_RN, 17.28,N
01/21/2024,13:00,T_CK_GT2_RN, 16.19,N
01/21/2024,13:00,T_CK_GT3_RN, 16.19,N
01/21/2024,13:00,UCC_COG_PUN2, 17.9,N
01/21/2024,13:00,UCC_UCC_C_2, 17.9,N
01/21/2024,13:00,VANCOURT_RN, 18.1,N
01/21/2024,13:00,VENADO_ALL, 18.13,N
01/21/2024,13:00,VERAWIND_ALL, 16.36,N
01/21/2024,13:00,VERTIGO_UN1, 16.31,N
01/21/2024,13:00,VICTORIA_CC1, 18.14,N
01/21/2024,13:00,VICTPORT_RN, 18.13,N
01/21/2024,13:00,VIC_VICTORG5, 18.14,N
01/21/2024,13:00,VIC_VICTORG6, 18.14,N
01/21/2024,13:00,VISION_RN, 17.53,N
01/21/2024,13:00,VLSES_UNIT3, 17.42,N
01/21/2024,13:00,VORT_ALL_RN, 16.4,N
01/21/2024,13:00,WAKEWE_ALL, 16.28,N
01/21/2024,13:00,WAP_WAPGT_1, 17.94,N
01/21/2024,13:00,WAP_WAP_G1, 17.94,N
01/21/2024,13:00,WAP_WAP_G2, 17.94,N
01/21/2024,13:00,WAP_WAP_G3, 17.95,N
01/21/2024,13:00,WAP_WAP_G4, 17.95,N
01/21/2024,13:00,WAP_WAP_G5, 17.94,N
01/21/2024,13:00,WAP_WAP_G6, 17.91,N
01/21/2024,13:00,WAP_WAP_G7, 17.91,N
01/21/2024,13:00,WAP_WAP_G8, 17.91,N
01/21/2024,13:00,WAYMARK_RN, 15.56,N
01/21/2024,13:00,WCPP_CC1, 17.31,N
01/21/2024,13:00,WCPP_CT1, 17.31,N
01/21/2024,13:00,WCPP_CT2, 17.31,N
01/21/2024,13:00,WCPP_ST1, 17.31,N
01/21/2024,13:00,WEBBER_WS_T1, 18.3,N
01/21/2024,13:00,WEC_WECG1, 16.23,N
01/21/2024,13:00,WES_ALL, 18.02,N
01/21/2024,13:00,WFCOGEN_13, 16.48,N
01/21/2024,13:00,WFCOGEN_24, 16.48,N
01/21/2024,13:00,WFCOGEN_CC1, 16.48,N
01/21/2024,13:00,WFTANK_ESS1, 18.13,N
01/21/2024,13:00,WGU_RN, 18,N
01/21/2024,13:00,WHCCS2_4, 17.4,N
01/21/2024,13:00,WHCCS2_5_6, 17.4,N
01/21/2024,13:00,WHCCS2_CC2, 17.4,N
01/21/2024,13:00,WHCCS_CC1, 17.4,N
01/21/2024,13:00,WHCCS_CT1_ST, 17.4,N
01/21/2024,13:00,WHCCS_CT2, 17.4,N
01/21/2024,13:00,WHITE_PT_UN1, 18.09,N
01/21/2024,13:00,WHMESA_U1, 10.56,N
01/21/2024,13:00,WHTTAIL_WR1, 17.26,N
01/21/2024,13:00,WH_WIND_ALL, 16.2,N
01/21/2024,13:00,WILDWIND_ALL, 17.36,N
01/21/2024,13:00,WIPOPA_1_2, 18.27,N
01/21/2024,13:00,WIPOPA_3_4, 18.27,N
01/21/2024,13:00,WIR_WIRTZ_G1, 19.43,N
01/21/2024,13:00,WIR_WIRTZ_G2, 19.43,N
01/21/2024,13:00,WLTC_ESR_RN, 18.09,N
01/21/2024,13:00,WL_RANCH_RN, 15.13,N
01/21/2024,13:00,WNDTS2_UNIT1, 16.7,N
01/21/2024,13:00,WND_WHITNEY, 17.65,N
01/21/2024,13:00,WOODWRD1_RN, 15.62,N
01/21/2024,13:00,WOODWRD2_RN, 15.62,N
01/21/2024,13:00,WOV_BESS_RN, 15.81,N
01/21/2024,13:00,WRSBES_BESS1, 15.73,N
01/21/2024,13:00,W_HRL_ESR_RN, 18.1,N
01/21/2024,13:00,W_PECO_UNIT1, 15.74,N
01/21/2024,13:00,X443ESRN, 19.88,N
01/21/2024,13:00,YNG_WND_ALL, 16.43,N
01/21/2024,13:00,ZIER_SLR_ALL, 16.15,N
01/21/2024,14:00,7RNCHSLR_ALL, 17.76,N
01/21/2024,14:00,AEEC, 16.12,N
01/21/2024,14:00,AGUAYO_UNIT1, 16.28,N
01/21/2024,14:00,AJAXWIND_RN, 16.28,N
01/21/2024,14:00,ALGOD_ALL_RN, 17.56,N
01/21/2024,14:00,ALVIN_RN, 17.46,N
01/21/2024,14:00,AMADEUS_ALL, 16.19,N
01/21/2024,14:00,AMISTAD_ALL, 16.9,N
01/21/2024,14:00,AMOCOOIL_CC1, 17.45,N
01/21/2024,14:00,AMOCOOIL_CC2, 17.45,N
01/21/2024,14:00,AMOCO_PUN1, 17.45,N
01/21/2024,14:00,AMOCO_PUN2, 17.45,N
01/21/2024,14:00,AMO_AMOCO_1, 17.45,N
01/21/2024,14:00,AMO_AMOCO_2, 17.45,N
01/21/2024,14:00,AMO_AMOCO_5, 17.45,N
01/21/2024,14:00,AMO_AMOCO_G1, 17.45,N
01/21/2024,14:00,AMO_AMOCO_G2, 17.45,N
01/21/2024,14:00,AMO_AMOCO_G3, 17.45,N
01/21/2024,14:00,AMO_AMOCO_S1, 17.45,N
01/21/2024,14:00,AMO_AMOCO_S2, 17.45,N
01/21/2024,14:00,ANACACHO_ANA, 17.18,N
01/21/2024,14:00,ANCHOR_ALL, 16.39,N
01/21/2024,14:00,ANDMDSLR_ALL, 16.16,N
01/21/2024,14:00,ANEM_ESS_RN, 17.58,N
01/21/2024,14:00,ANG_ALL, 15.49,N
01/21/2024,14:00,ANSON1_ALL, 16.2,N
01/21/2024,14:00,APPALOSA_ALL, 15.58,N
01/21/2024,14:00,AQUI_ALL, 17.17,N
01/21/2024,14:00,ARAGORN_RN, 15.77,N
01/21/2024,14:00,ASTRA_RN, 10.77,N
01/21/2024,14:00,ATK_ATKINSG7, 17.35,N
01/21/2024,14:00,AURO_SLR_RN, 17.37,N
01/21/2024,14:00,AUSTPL_ALL, 17.95,N
01/21/2024,14:00,AVIAT_ALL, 15.65,N
01/21/2024,14:00,AZURE_RN, 16.24,N
01/21/2024,14:00,AZ_ALL, 17.44,N
01/21/2024,14:00,BAC_RN_ALL, 17.45,N
01/21/2024,14:00,BAFFIN_ALL, 17.57,N
01/21/2024,14:00,BAIRDWND_ALL, 16.31,N
01/21/2024,14:00,BARROW_ALL, 15.82,N
01/21/2024,14:00,BASTEN_CC1, 17.81,N
01/21/2024,14:00,BASTEN_CCU, 17.81,N
01/21/2024,14:00,BATCAVE_RN, 24.76,N
01/21/2024,14:00,BAYC_BESS_RN, 17.79,N
01/21/2024,14:00,BBREEZE_1_2, 17.57,N
01/21/2024,14:00,BCATWD_WD_1, 16.37,N
01/21/2024,14:00,BCH_RN, 17.49,N
01/21/2024,14:00,BCK_RN, 17.48,N
01/21/2024,14:00,BELM_SLR_RN, 17.38,N
01/21/2024,14:00,BIGSTAR_ALL, 17.79,N
01/21/2024,14:00,BLACKJAK_RN, 17.57,N
01/21/2024,14:00,BLSMT1_5_A_6, 16.24,N
01/21/2024,14:00,BLUEJAY_RN, 17.35,N
01/21/2024,14:00,BOARDCRK_ALL, 17.17,N
01/21/2024,14:00,BOOTLEG_UN1, 15.67,N
01/21/2024,14:00,BORDAS_345, 17.58,N
01/21/2024,14:00,BOSQUESW_CC1, 17.26,N
01/21/2024,14:00,BOSQUESW_CC2, 17.26,N
01/21/2024,14:00,BOSQ_BSQSU_5, 17.26,N
01/21/2024,14:00,BOSQ_BSQS_12, 17.26,N
01/21/2024,14:00,BOSQ_BSQS_34, 17.26,N
01/21/2024,14:00,BRANDON_RN, 16.78,N
01/21/2024,14:00,BRAUNIG_CC1, 17.23,N
01/21/2024,14:00,BRAUNIG_VHB1, 18.17,N
01/21/2024,14:00,BRAUNIG_VHB2, 18.17,N
01/21/2024,14:00,BRAUNIG_VHB3, 18.26,N
01/21/2024,14:00,BRAZ_WND_ALL, 16.02,N
01/21/2024,14:00,BRA_AVR1_CT2, 17.23,N
01/21/2024,14:00,BRA_AVR_CST1, 17.23,N
01/21/2024,14:00,BRHEIGHT_RN, 17.45,N
01/21/2024,14:00,BRIGHTSD_RN, 17.62,N
01/21/2024,14:00,BRIGHTSD_U1, 17.63,N
01/21/2024,14:00,BRISCOE_WIND, 10.78,N
01/21/2024,14:00,BRPANGLE_RN, 17.51,N
01/21/2024,14:00,BRPMAGNO_RN, 17.46,N
01/21/2024,14:00,BRP_BRAZ_RN, 17.51,N
01/21/2024,14:00,BRP_DIKN_RN, 17.46,N
01/21/2024,14:00,BRP_LOOP_RN, 17.58,N
01/21/2024,14:00,BRP_LOP1_RN, 17.59,N
01/21/2024,14:00,BRP_PBL1_RN, 17.23,N
01/21/2024,14:00,BRP_PBL2_RN, 17.23,N
01/21/2024,14:00,BRP_RN_UNIT1, 17.74,N
01/21/2024,14:00,BRP_SEMI_RN, 17.46,N
01/21/2024,14:00,BRP_SWNY_RN, 17.51,N
01/21/2024,14:00,BRP_ZPT1_RN, 17.6,N
01/21/2024,14:00,BRP_ZPT2_RN, 17.6,N
01/21/2024,14:00,BRTSW_BCW1, 16.76,N
01/21/2024,14:00,BR_ARROW_ALL, 17.07,N
01/21/2024,14:00,BR_VHB6CT5_6, 18.17,N
01/21/2024,14:00,BR_VHB6CT7_8, 18.17,N
01/21/2024,14:00,BSS_U1, 17.51,N
01/21/2024,14:00,BTE_BTE_G1, 17.43,N
01/21/2024,14:00,BTE_BTE_G2, 17.43,N
01/21/2024,14:00,BTE_BTE_G3, 17.43,N
01/21/2024,14:00,BTE_BTE_G4, 17.43,N
01/21/2024,14:00,BTE_CC1, 17.43,N
01/21/2024,14:00,BTE_PUN1, 17.43,N
01/21/2024,14:00,BTE_PUN2, 17.43,N
01/21/2024,14:00,BTM_ALL, 17.48,N
01/21/2024,14:00,BUCHAN_ALL, 19.01,N
01/21/2024,14:00,BUCKTHRN_RN, 17.19,N
01/21/2024,14:00,BUFF_GAP_ALL, 15.87,N
01/21/2024,14:00,BULLCRK_1_2, 15.99,N
01/21/2024,14:00,BVE_CC1, 17.46,N
01/21/2024,14:00,BVE_UNIT1, 17.46,N
01/21/2024,14:00,BVE_UNIT2, 17.46,N
01/21/2024,14:00,BVE_UNIT3, 17.46,N
01/21/2024,14:00,BYRDR_ES_ALL, 17.51,N
01/21/2024,14:00,BYU_BYU_1, 17.45,N
01/21/2024,14:00,BYU_BYU_12, 17.45,N
01/21/2024,14:00,BYU_BYU_34, 17.45,N
01/21/2024,14:00,BYU_BYU_G8, 17.45,N
01/21/2024,14:00,BYU_CC1, 17.45,N
01/21/2024,14:00,BYU_G4_RN, 17.45,N
01/21/2024,14:00,BYU_PUN1, 17.45,N
01/21/2024,14:00,BYU_PUN2, 17.45,N
01/21/2024,14:00,BYU_PUN3, 17.45,N
01/21/2024,14:00,BYU_PUN4, 17.45,N
01/21/2024,14:00,B_DAVIS_3, 17.57,N
01/21/2024,14:00,B_DAVIS_4, 17.57,N
01/21/2024,14:00,B_DAVIS_CC1, 17.57,N
01/21/2024,14:00,B_D_B_DAVIG1, 17.57,N
01/21/2024,14:00,B_D_B_DAVIG2, 17.57,N
01/21/2024,14:00,CABEZON_ALL, 17.58,N
01/21/2024,14:00,CALAVER_JKS1, 17.39,N
01/21/2024,14:00,CALAVER_JKS2, 17.39,N
01/21/2024,14:00,CALAVER_JTD1, 18.11,N
01/21/2024,14:00,CALAVER_JTD2, 18.11,N
01/21/2024,14:00,CALAVER_OWS1, 18.2,N
01/21/2024,14:00,CALAVER_OWS2, 18.2,N
01/21/2024,14:00,CALHOUN_ALL, 17.55,N
01/21/2024,14:00,CALLAHA_WND1, 15.78,N
01/21/2024,14:00,CAL_CALGT1, 17.44,N
01/21/2024,14:00,CAL_CALSTG1, 17.44,N
01/21/2024,14:00,CAL_CC1, 17.44,N
01/21/2024,14:00,CAL_PUN1, 17.44,N
01/21/2024,14:00,CAL_PUN2, 17.44,N
01/21/2024,14:00,CAMWIND_RN, 17.57,N
01/21/2024,14:00,CANYONWD_ALL, 16.04,N
01/21/2024,14:00,CAPRIDG4_CR4, 15.65,N
01/21/2024,14:00,CAPRIDGE_ALL, 15.65,N
01/21/2024,14:00,CARBN_BSP_1, 15.86,N
01/21/2024,14:00,CASL_GAP_UN1, 15.71,N
01/21/2024,14:00,CATARINA_B1, 19.3,N
01/21/2024,14:00,CBECII_89, 17.5,N
01/21/2024,14:00,CBECII_CC3, 17.5,N
01/21/2024,14:00,CBECII_CT7, 17.5,N
01/21/2024,14:00,CBEC_ALL, 17.6,N
01/21/2024,14:00,CBEC_CC1, 17.6,N
01/21/2024,14:00,CBEC_CC2, 17.6,N
01/21/2024,14:00,CBY4_ALL, 17.43,N
01/21/2024,14:00,CBY4_CC1, 17.43,N
01/21/2024,14:00,CBY_CBY_G1, 17.43,N
01/21/2024,14:00,CBY_CBY_G2, 17.44,N
01/21/2024,14:00,CCEC_CC1, 17.57,N
01/21/2024,14:00,CCEC_GT1, 17.57,N
01/21/2024,14:00,CCEC_GT2, 17.57,N
01/21/2024,14:00,CCEC_PUN1, 17.57,N
01/21/2024,14:00,CCEC_PUN2, 17.57,N
01/21/2024,14:00,CCEC_ST1, 17.57,N
01/21/2024,14:00,CEDROHI_CHW1, 17.58,N
01/21/2024,14:00,CEDRVALE_RN, 15.76,N
01/21/2024,14:00,CFLATS_UNIT, 5.79,N
01/21/2024,14:00,CHALUP_ALL, 17.57,N
01/21/2024,14:00,CHAL_SLR_RN, 15.77,N
01/21/2024,14:00,CHAMON_UN1, 17.43,N
01/21/2024,14:00,CHAMON_UN2, 17.43,N
01/21/2024,14:00,CHEDPW_GT2, 17.43,N
01/21/2024,14:00,CHE_CC1, 17.43,N
01/21/2024,14:00,CHE_LYD, 17.43,N
01/21/2024,14:00,CHE_LYD2, 17.43,N
01/21/2024,14:00,CHE_PUN1, 17.43,N
01/21/2024,14:00,CHE_PUN2, 17.43,N
01/21/2024,14:00,CHISMGRD_RN, 17.01,N
01/21/2024,14:00,CISC_RN, 16.67,N
01/21/2024,14:00,CITYVICT_ALL, 17.58,N
01/21/2024,14:00,CN_BRKS_UNT1, 10.78,N
01/21/2024,14:00,COL_COLETOG1, 17.58,N
01/21/2024,14:00,CONIGLIO_RN, 17.06,N
01/21/2024,14:00,CONTINEN_RN, 17.58,N
01/21/2024,14:00,CORALSLR_ALL, 17.29,N
01/21/2024,14:00,CORAZON_RN, 17.59,N
01/21/2024,14:00,COTPLNS_RN, 10.77,N
01/21/2024,14:00,COTTON_PAP2, 17.57,N
01/21/2024,14:00,COYOTSPR_RN, 15.76,N
01/21/2024,14:00,CPSES_UNIT1, 17.04,N
01/21/2024,14:00,CPSES_UNIT2, 17.04,N
01/21/2024,14:00,CRANELL_ALL, 17.57,N
01/21/2024,14:00,CROSSETT_ALL, 15.71,N
01/21/2024,14:00,CRWN_SLR_UN1, 17.33,N
01/21/2024,14:00,CSC_CSECG1_2, 16.03,N
01/21/2024,14:00,CVC_CC1, 17.43,N
01/21/2024,14:00,CVC_CVCG1_5, 17.43,N
01/21/2024,14:00,CVC_CVC_G2, 17.43,N
01/21/2024,14:00,CVC_CVC_G3, 17.43,N
01/21/2024,14:00,DAG_ALL, 17.53,N
01/21/2024,14:00,DANSBY_ALL, 17.36,N
01/21/2024,14:00,DAN_ALL, 17.53,N
01/21/2024,14:00,DA_BESS, 17.5,N
01/21/2024,14:00,DC2SES_ALL, 17.08,N
01/21/2024,14:00,DC_E, 17.07,N
01/21/2024,14:00,DC_L, 17.58,N
01/21/2024,14:00,DC_N, 16.25,N
01/21/2024,14:00,DC_R, 17.58,N
01/21/2024,14:00,DDPEC_CC1, 17.44,N
01/21/2024,14:00,DDPEC_GT1, 17.44,N
01/21/2024,14:00,DDPEC_GT2, 17.44,N
01/21/2024,14:00,DDPEC_GT3, 17.44,N
01/21/2024,14:00,DDPEC_GT4, 17.44,N
01/21/2024,14:00,DDPEC_GT6, 17.44,N
01/21/2024,14:00,DDPEC_ST1, 17.44,N
01/21/2024,14:00,DECKER_DPG2, 17.9,N
01/21/2024,14:00,DECKER_GT, 17.9,N
01/21/2024,14:00,DENISON_G1_2, 17.05,N
01/21/2024,14:00,DERMOTT_ALL, 16.11,N
01/21/2024,14:00,DIBOL_RN, 17.15,N
01/21/2024,14:00,DIB_CC1, 17.44,N
01/21/2024,14:00,DIB_DIB_G1, 17.44,N
01/21/2024,14:00,DIB_DIB_G2, 17.44,N
01/21/2024,14:00,DIB_DIB_G3, 17.44,N
01/21/2024,14:00,DIB_DIB_G4, 17.44,N
01/21/2024,14:00,DIB_PUN1, 17.44,N
01/21/2024,14:00,DIB_PUN2, 17.44,N
01/21/2024,14:00,DILEOS_UNIT1, 17.3,N
01/21/2024,14:00,DKNS_ESS_RN, 16.16,N
01/21/2024,14:00,DOWGEN_PUN1, 17.49,N
01/21/2024,14:00,DOWGEN_PUN2, 17.49,N
01/21/2024,14:00,DOWGEN_PUN3, 17.49,N
01/21/2024,14:00,DOW_61_2_63, 17.49,N
01/21/2024,14:00,DOW_64, 17.49,N
01/21/2024,14:00,DOW_81_2_84, 17.49,N
01/21/2024,14:00,DOW_G37_G35, 17.49,N
01/21/2024,14:00,DOW_G66_ST65, 17.49,N
01/21/2024,14:00,DOW_G67, 17.49,N
01/21/2024,14:00,DOW_G96_ST95, 17.49,N
01/21/2024,14:00,DUKE_CC1, 17.57,N
01/21/2024,14:00,DUKE_GST1CCU, 17.57,N
01/21/2024,14:00,DUKE_GT2_CCU, 17.57,N
01/21/2024,14:00,DUP_PUN1, 17.57,N
01/21/2024,14:00,DUP_PUN2, 17.57,N
01/21/2024,14:00,DUP_PUN3, 17.57,N
01/21/2024,14:00,DUP_PUN4, 17.57,N
01/21/2024,14:00,EBELLS_UNIT1, 17.37,N
01/21/2024,14:00,EBNY_ESS_RN, 17.82,N
01/21/2024,14:00,ECLIPSE_UN1, 17.1,N
01/21/2024,14:00,EIFSLR_UNIT1, 17.06,N
01/21/2024,14:00,ELB_ELBCREEK, 15.84,N
01/21/2024,14:00,ELECTRAW_1_2, 16.25,N
01/21/2024,14:00,ELSAUZ_ALL, 17.57,N
01/21/2024,14:00,ELSA_ESR_RN, 17.57,N
01/21/2024,14:00,ELS_RN_1, 17.1,N
01/21/2024,14:00,EL_RAYO_ALL, 17.57,N
01/21/2024,14:00,ENDPARK_ESS1, 16.09,N
01/21/2024,14:00,ERSL_RN, 17.67,N
01/21/2024,14:00,ESTONIAN_ALL, 17.06,N
01/21/2024,14:00,ETCCS_CC1, 17.12,N
01/21/2024,14:00,ETCCS_CCU, 17.12,N
01/21/2024,14:00,EUNICE_ALL, 15.82,N
01/21/2024,14:00,EXGNSND_RN, 17.6,N
01/21/2024,14:00,EXGNWTL_1, 17.58,N
01/21/2024,14:00,EXN_14, 17.44,N
01/21/2024,14:00,EXN_1_3, 17.44,N
01/21/2024,14:00,EXN_4, 17.44,N
01/21/2024,14:00,EXN_8, 17.44,N
01/21/2024,14:00,EXN_9_13, 17.44,N
01/21/2024,14:00,EXN_PUN1, 17.44,N
01/21/2024,14:00,EXN_PUN2, 17.44,N
01/21/2024,14:00,EXN_PUN3, 17.44,N
01/21/2024,14:00,E_BLACK_RN, 17.71,N
01/21/2024,14:00,FALFUR_RN, 17.58,N
01/21/2024,14:00,FAL_FALCONG1, 17.59,N
01/21/2024,14:00,FAL_FALCONG2, 17.59,N
01/21/2024,14:00,FAL_FALCONG3, 17.59,N
01/21/2024,14:00,FAULKNER_RN, 15.76,N
01/21/2024,14:00,FEGC_RN, 17.46,N
01/21/2024,14:00,FENCESLR_ALL, 17.15,N
01/21/2024,14:00,FERGCC_CC1, 19.52,N
01/21/2024,14:00,FERGCC_GT1_1, 19.52,N
01/21/2024,14:00,FERGCC_GT2_3, 19.52,N
01/21/2024,14:00,FERGCC_ST1_5, 19.52,N
01/21/2024,14:00,FERMI_ALL, 3.62,N
01/21/2024,14:00,FILESSLR_PV1, 17.14,N
01/21/2024,14:00,FIVEWSLR_ALL, 17.42,N
01/21/2024,14:00,FLCNS_CC1, 15.86,N
01/21/2024,14:00,FLCNS_UNIT1, 15.86,N
01/21/2024,14:00,FLCNS_UNIT2, 15.86,N
01/21/2024,14:00,FLCNS_UNIT3, 15.86,N
01/21/2024,14:00,FLOWERII_RN, 15.75,N
01/21/2024,14:00,FLTBES1, 15.75,N
01/21/2024,14:00,FLTCK_SSI, 17.05,N
01/21/2024,14:00,FLUVANNA_1_2, 16.09,N
01/21/2024,14:00,FLVABES1_ESR, 15.75,N
01/21/2024,14:00,FOARDCTY_ALL, 16.23,N
01/21/2024,14:00,FORMOSA_CC1, 17.55,N
01/21/2024,14:00,FORMOSA_CC2, 17.55,N
01/21/2024,14:00,FORMOSA_PUN1, 17.55,N
01/21/2024,14:00,FORMOSA_PUN2, 17.55,N
01/21/2024,14:00,FOXTROT_ALL, 17.55,N
01/21/2024,14:00,FO_FORMOSA11, 17.55,N
01/21/2024,14:00,FO_FORMOSA12, 17.55,N
01/21/2024,14:00,FO_FORMOSG1, 17.55,N
01/21/2024,14:00,FO_FORMOSG10, 17.55,N
01/21/2024,14:00,FO_FORMOSG13, 17.55,N
01/21/2024,14:00,FO_FORMOSG14, 17.55,N
01/21/2024,14:00,FO_FORMOSG15, 17.55,N
01/21/2024,14:00,FO_FORMOSG2, 17.55,N
01/21/2024,14:00,FO_FORMOSG3, 17.55,N
01/21/2024,14:00,FO_FORMOSG4, 17.55,N
01/21/2024,14:00,FO_FORMOSG5, 17.55,N
01/21/2024,14:00,FO_FORMOSG6, 17.55,N
01/21/2024,14:00,FO_FORMOSG7, 17.55,N
01/21/2024,14:00,FO_FORMOSG8, 17.55,N
01/21/2024,14:00,FO_FORMOSG9, 17.55,N
01/21/2024,14:00,FPPYD_FPP_G1, 17.76,N
01/21/2024,14:00,FPPYD_FPP_G2, 17.76,N
01/21/2024,14:00,FPPYD_FPP_G3, 17.76,N
01/21/2024,14:00,FREC_1_CCU, 17.18,N
01/21/2024,14:00,FREC_2_CCU, 17.18,N
01/21/2024,14:00,FREC_CC1, 17.18,N
01/21/2024,14:00,FREC_CC2, 17.18,N
01/21/2024,14:00,FRMRSVLW_RN, 17.07,N
01/21/2024,14:00,FRNYPP_1_CCU, 17.09,N
01/21/2024,14:00,FRNYPP_2_CCU, 17.09,N
01/21/2024,14:00,FRNYPP_CC1, 17.09,N
01/21/2024,14:00,FRNYPP_CC2, 17.09,N
01/21/2024,14:00,FRONT_EC_CC1, 17.58,N
01/21/2024,14:00,FRONT_EC_RN1, 17.58,N
01/21/2024,14:00,FRONT_EC_RN2, 17.58,N
01/21/2024,14:00,FRONT_EC_RN3, 17.58,N
01/21/2024,14:00,FRYE_SLR_ALL, 10.78,N
01/21/2024,14:00,FTR_CC1, 17.36,N
01/21/2024,14:00,FTR_FTR_G1_4, 17.36,N
01/21/2024,14:00,FTWIND_UNIT1, 15.71,N
01/21/2024,14:00,FWLR_SLR_1, 15.72,N
01/21/2024,14:00,GALO_RN1, 15.66,N
01/21/2024,14:00,GAMBIT_RN, 17.51,N
01/21/2024,14:00,GARC_BESS_RN, 17.58,N
01/21/2024,14:00,GBY_GT, 17.43,N
01/21/2024,14:00,GID_GIDEONG1, 17.82,N
01/21/2024,14:00,GID_GIDEONG2, 17.82,N
01/21/2024,14:00,GID_GIDEONG3, 17.82,N
01/21/2024,14:00,GIGA_ESS_RN, 17.71,N
01/21/2024,14:00,GOA_GOATWIND, 15.69,N
01/21/2024,14:00,GOLINDA_UN1, 17.33,N
01/21/2024,14:00,GOMZ_RN, 15.72,N
01/21/2024,14:00,GOODNIT1_ALL, 10.78,N
01/21/2024,14:00,GPASTURE_ALL, 16.18,N
01/21/2024,14:00,GRANDVW1_A_B, 10.79,N
01/21/2024,14:00,GRDNE_ESR_RN, 15.84,N
01/21/2024,14:00,GREASWOD_ALL, 15.68,N
01/21/2024,14:00,GRIF_TRL_RN, 16.23,N
01/21/2024,14:00,GRSES_UNIT1, 16.38,N
01/21/2024,14:00,GRSES_UNIT2, 16.28,N
01/21/2024,14:00,GUADG_CC1, 17.73,N
01/21/2024,14:00,GUADG_CC2, 17.73,N
01/21/2024,14:00,GUADG_CCU1, 17.73,N
01/21/2024,14:00,GUADG_CCU2, 17.73,N
01/21/2024,14:00,GUNMTN_NODE, 15.91,N
01/21/2024,14:00,GWEC_G1, 18.54,N
01/21/2024,14:00,HALO_RN1, 17.41,N
01/21/2024,14:00,HAMI_BESS_RN, 16.9,N
01/21/2024,14:00,HAYSEN1_2, 13.96,N
01/21/2024,14:00,HAYSEN3_4, 17.5,N
01/21/2024,14:00,HB_BUSAVG, 17.09,N
01/21/2024,14:00,HB_HOUSTON, 17.44,N
01/21/2024,14:00,HB_HUBAVG, 16.99,N
01/21/2024,14:00,HB_NORTH, 17.1,N
01/21/2024,14:00,HB_PAN, 11.27,N
01/21/2024,14:00,HB_SOUTH, 17.46,N
01/21/2024,14:00,HB_WEST, 15.98,N
01/21/2024,14:00,HELIOS_RN, 19.75,N
01/21/2024,14:00,HHGT_KENDAL, 16.04,N
01/21/2024,14:00,HHOLLW2_WND1, 15.87,N
01/21/2024,14:00,HHOLLW3_WND1, 15.87,N
01/21/2024,14:00,HHOLLW4_WND1, 15.87,N
01/21/2024,14:00,HICK_G1_G2, 10.56,N
01/21/2024,14:00,HI_LONEB_RN1, 10.64,N
01/21/2024,14:00,HI_LONE_ALL, 10.64,N
01/21/2024,14:00,HLSES_UNIT3, 17.06,N
01/21/2024,14:00,HLSES_UNIT4, 17.06,N
01/21/2024,14:00,HLSES_UNIT5, 17.06,N
01/21/2024,14:00,HMNG_ESS_RN, 17,N
01/21/2024,14:00,HOLCOMB_RN1, 17.62,N
01/21/2024,14:00,HOLSTEIN_ALL, 15.9,N
01/21/2024,14:00,HOL_ALL, 17.51,N
01/21/2024,14:00,HOPKNSLR_ALL, 17.07,N
01/21/2024,14:00,HORSCR_RN, 15.71,N
01/21/2024,14:00,HORSECRK_RN, 16.23,N
01/21/2024,14:00,HOUSEMTN_RN, 15.73,N
01/21/2024,14:00,HOVEY_GEN, 15.73,N
01/21/2024,14:00,HRBESS_BESS, 15.76,N
01/21/2024,14:00,HRFDWIND_ALL, 10.77,N
01/21/2024,14:00,HRZN_SLR_UN1, 17.73,N
01/21/2024,14:00,HWF_HWFG1, 16.12,N
01/21/2024,14:00,HYDR_ESS_RN, 15.67,N
01/21/2024,14:00,H_HOLLO_WND1, 15.87,N
01/21/2024,14:00,IMP_RN1, 17.06,N
01/21/2024,14:00,INDNENR_1_RN, 15.68,N
01/21/2024,14:00,INDNENR_2_RN, 15.69,N
01/21/2024,14:00,INDNNWP_RN, 15.69,N
01/21/2024,14:00,IND_INADALE1, 16,N
01/21/2024,14:00,INGLCOSW_CC1, 17.57,N
01/21/2024,14:00,INGLCOSW_STG, 17.57,N
01/21/2024,14:00,INGLCOS_CTG1, 17.57,N
01/21/2024,14:00,INGLCOS_CTG2, 17.57,N
01/21/2024,14:00,INGLCO_PUN1, 17.57,N
01/21/2024,14:00,INGLCO_PUN2, 17.57,N
01/21/2024,14:00,INGLCO_PUN3, 17.57,N
01/21/2024,14:00,INKS_INKS_G1, 19.88,N
01/21/2024,14:00,INRT_W_ALL, 16.24,N
01/21/2024,14:00,JACKCNTY_CC1, 16.94,N
01/21/2024,14:00,JACKCNTY_CT1, 16.94,N
01/21/2024,14:00,JACKCNTY_CT2, 16.94,N
01/21/2024,14:00,JACKCNTY_STG, 16.94,N
01/21/2024,14:00,JADE_SLR_ALL, 16.11,N
01/21/2024,14:00,JAY_RN_1, 17.48,N
01/21/2024,14:00,JCKCNTY2_CC1, 16.95,N
01/21/2024,14:00,JCKCNTY2_CT3, 16.95,N
01/21/2024,14:00,JCKCNTY2_CT4, 16.95,N
01/21/2024,14:00,JCKCNTY2_ST2, 16.95,N
01/21/2024,14:00,JC_BAT_RN, 18.97,N
01/21/2024,14:00,JDKNS_RN, 15.8,N
01/21/2024,14:00,JUNCTION_RN, 21.31,N
01/21/2024,14:00,JUNO_ALL, 15.97,N
01/21/2024,14:00,KARAKAW1_1, 17.56,N
01/21/2024,14:00,KARAKAW2_1, 17.56,N
01/21/2024,14:00,KEECHI_U1, 16.94,N
01/21/2024,14:00,KELAMSL_U1, 17.14,N
01/21/2024,14:00,KEO_KEO_SM1, 15.71,N
01/21/2024,14:00,KINGE_ALL, 15.7,N
01/21/2024,14:00,KINGW_ALL, 15.71,N
01/21/2024,14:00,KMCHI_CC1, 17.06,N
01/21/2024,14:00,KMCHI_CC2, 17.06,N
01/21/2024,14:00,LACY_CRK_ALL, 15.81,N
01/21/2024,14:00,LAMESASLR_G, 15.91,N
01/21/2024,14:00,LAPETUS_U1, 15.82,N
01/21/2024,14:00,LARDVFTN_G4, 17.58,N
01/21/2024,14:00,LARDVFTN_G5, 17.58,N
01/21/2024,14:00,LASSO_GEN, 15.73,N
01/21/2024,14:00,LBRA_BES1, 17.66,N
01/21/2024,14:00,LEG_LEG_G1, 17.27,N
01/21/2024,14:00,LEG_LEG_G2, 17.27,N
01/21/2024,14:00,LEONLCPCT1_2, 18.45,N
01/21/2024,14:00,LEONLCPCT3_4, 18.45,N
01/21/2024,14:00,LFSTH_RN, 17.15,N
01/21/2024,14:00,LGDRAW_S_ALL, 15.97,N
01/21/2024,14:00,LGD_LANGFORD, 14,N
01/21/2024,14:00,LGE_CC1, 17.57,N
01/21/2024,14:00,LGE_LGE_GT1, 17.57,N
01/21/2024,14:00,LGE_LGE_GT2, 17.57,N
01/21/2024,14:00,LGE_LGE_STG, 17.57,N
01/21/2024,14:00,LGE_PUN1, 17.57,N
01/21/2024,14:00,LGE_PUN2, 17.57,N
01/21/2024,14:00,LGW_UNIT_ALL, 18.54,N
01/21/2024,14:00,LHM_CVC_G4, 17.43,N
01/21/2024,14:00,LHM_PUN1, 17.43,N
01/21/2024,14:00,LHM_PUN2, 17.43,N
01/21/2024,14:00,LHORN_N_U1_2, 10.78,N
01/21/2024,14:00,LHSES_UNIT1, 17.09,N
01/21/2024,14:00,LHSES_UNIT2, 17.09,N
01/21/2024,14:00,LIG_RN, 17.43,N
01/21/2024,14:00,LILY_RN, 17.11,N
01/21/2024,14:00,LMAJADAS_ALL, 17.57,N
01/21/2024,14:00,LMO_ESR_RN, 17.36,N
01/21/2024,14:00,LNCRK_ALL, 16.07,N
01/21/2024,14:00,LONESTAR_RN, 15.77,N
01/21/2024,14:00,LONEWOLF_ALL, 15.9,N
01/21/2024,14:00,LON_RN1, 17.48,N
01/21/2024,14:00,LOSTPI_CC1, 17.76,N
01/21/2024,14:00,LOS_LOSTPGT1, 17.76,N
01/21/2024,14:00,LOS_LOSTPGT2, 17.76,N
01/21/2024,14:00,LOS_LOSTPST1, 17.76,N
01/21/2024,14:00,LPCCS_CC1, 17.06,N
01/21/2024,14:00,LPCCS_CC2, 17.06,N
01/21/2024,14:00,LPCCS_CT11, 17.06,N
01/21/2024,14:00,LPCCS_CT12, 17.06,N
01/21/2024,14:00,LPCCS_CT21, 17.06,N
01/21/2024,14:00,LPCCS_CT22, 17.06,N
01/21/2024,14:00,LPCCS_UNIT1, 17.06,N
01/21/2024,14:00,LPCCS_UNIT2, 17.06,N
01/21/2024,14:00,LV1A_LV1B, 17.57,N
01/21/2024,14:00,LV3_RN, 17.58,N
01/21/2024,14:00,LV3_UNIT1, 17.58,N
01/21/2024,14:00,LV4_UNIT_1, 17.58,N
01/21/2024,14:00,LV5_UNIT1, 17.58,N
01/21/2024,14:00,LZ_AEN, 17.95,N
01/21/2024,14:00,LZ_CPS, 18.07,N
01/21/2024,14:00,LZ_HOUSTON, 17.45,N
01/21/2024,14:00,LZ_LCRA, 18.58,N
01/21/2024,14:00,LZ_NORTH, 17.12,N
01/21/2024,14:00,LZ_RAYBN, 17.08,N
01/21/2024,14:00,LZ_SOUTH, 17.71,N
01/21/2024,14:00,LZ_WEST, 15.82,N
01/21/2024,14:00,L_FRE_ESR_RN, 17.57,N
01/21/2024,14:00,MADERO_RN, 17.58,N
01/21/2024,14:00,MAINLAND_RN, 17.46,N
01/21/2024,14:00,MARBFA, 19.52,N
01/21/2024,14:00,MARIAH_ALL, 10.77,N
01/21/2024,14:00,MAR_MARSFOG1, 18.07,N
01/21/2024,14:00,MAR_MARSFOG2, 18.07,N
01/21/2024,14:00,MAR_MARSFOG3, 18.07,N
01/21/2024,14:00,MASSENGL_CC1, 16.1,N
01/21/2024,14:00,MASSENGL_G6, 16.1,N
01/21/2024,14:00,MASSENGL_G7, 16.1,N
01/21/2024,14:00,MASSENGL_G8, 16.1,N
01/21/2024,14:00,MAVCRK_W_ALL, 15.66,N
01/21/2024,14:00,MCDLD_FCSBW1, 15.86,N
01/21/2024,14:00,MCLNSLR_RN, 17.49,N
01/21/2024,14:00,MCSES_UNIT6, 17.09,N
01/21/2024,14:00,MCSES_UNIT7, 17.09,N
01/21/2024,14:00,MCSES_UNIT8, 17.09,N
01/21/2024,14:00,MDANP_CT1_2, 17.1,N
01/21/2024,14:00,MDANP_CT3_4, 17.1,N
01/21/2024,14:00,MDANP_CT5_6, 17.1,N
01/21/2024,14:00,MERCURY_ALL, 17.17,N
01/21/2024,14:00,MESQCRK_ALL, 15.97,N
01/21/2024,14:00,MESTENO_RN, 17.58,N
01/21/2024,14:00,MGSES_CT123, 15.9,N
01/21/2024,14:00,MGSES_CT456, 15.9,N
01/21/2024,14:00,MIAM1_G1_G2, 10.8,N
01/21/2024,14:00,MIDWY_RN, 15.8,N
01/21/2024,14:00,MIL_MILG1_2, 17.05,N
01/21/2024,14:00,MIL_MILG345, 17.05,N
01/21/2024,14:00,MIRAGE_G1, 17.45,N
01/21/2024,14:00,MIRASOLE_GEN, 17.58,N
01/21/2024,14:00,MISAE_GEN_RN, 10.82,N
01/21/2024,14:00,MLSES_UNIT1, 17.13,N
01/21/2024,14:00,MLSES_UNIT2, 17.13,N
01/21/2024,14:00,MLSES_UNIT3, 17.13,N
01/21/2024,14:00,MNWL_BESS_RN, 16.97,N
01/21/2024,14:00,MOZART_WIND1, 16.01,N
01/21/2024,14:00,MUSTNGCK_ALL, 17.65,N
01/21/2024,14:00,MV_VALV4_RN, 17.57,N
01/21/2024,14:00,MWEC_G1, 16.04,N
01/21/2024,14:00,MYRY_ESR_RN, 17.58,N
01/21/2024,14:00,MYR_ALL, 17.49,N
01/21/2024,14:00,NACPW_UNIT1, 17.14,N
01/21/2024,14:00,NBOHR_RN, 15.81,N
01/21/2024,14:00,NCARBIDEG8, 17.58,N
01/21/2024,14:00,NCARBIDE_1_7, 17.58,N
01/21/2024,14:00,NCARBID_PUN1, 17.58,N
01/21/2024,14:00,NCARBID_PUN2, 17.58,N
01/21/2024,14:00,NCO_RN, 17.51,N
01/21/2024,14:00,NEBULA_RN, 17.57,N
01/21/2024,14:00,NEDIN_CC1, 17.41,N
01/21/2024,14:00,NED_NEDIN_G1, 17.57,N
01/21/2024,14:00,NED_NEDIN_G2, 17.33,N
01/21/2024,14:00,NED_NEDIN_G3, 17.33,N
01/21/2024,14:00,NF_BRP_RN, 18.16,N
01/21/2024,14:00,NOBLESLR_ALL, 17,N
01/21/2024,14:00,NOVA1SLR_ALL, 16.14,N
01/21/2024,14:00,NOVA2S_UNIT1, 16.14,N
01/21/2024,14:00,NUECES_B_CC1, 17.57,N
01/21/2024,14:00,NUE_NUECESG7, 17.57,N
01/21/2024,14:00,NUE_NUECESG8, 17.57,N
01/21/2024,14:00,NUE_NUECESG9, 17.57,N
01/21/2024,14:00,NWF_NWF1, 15.81,N
01/21/2024,14:00,N_AL_BESS_RN, 17.57,N
01/21/2024,14:00,N_MRD_ESR_RN, 17.57,N
01/21/2024,14:00,OBERON_U1, 15.8,N
01/21/2024,14:00,ODESW_RN, 15.81,N
01/21/2024,14:00,OECCS_1, 15.81,N
01/21/2024,14:00,OECCS_2, 15.81,N
01/21/2024,14:00,OECCS_CC1, 15.81,N
01/21/2024,14:00,OECCS_CC2, 15.81,N
01/21/2024,14:00,OGSES_1, 17.32,N
01/21/2024,14:00,OGSES_2, 17.32,N
01/21/2024,14:00,OLIN_OLING_1, 17.08,N
01/21/2024,14:00,OLIN_OLING_2, 17.08,N
01/21/2024,14:00,OLIN_OLING_3, 17.08,N
01/21/2024,14:00,OLIN_OLING_4, 17.08,N
01/21/2024,14:00,OLNEYTN_RN, 16.45,N
01/21/2024,14:00,OR_BESS_RN, 17.53,N
01/21/2024,14:00,OWF_OWF, 15.85,N
01/21/2024,14:00,OXY_OXY_CCG1, 17.57,N
01/21/2024,14:00,OXY_PUN1, 17.57,N
01/21/2024,14:00,OXY_PUN2, 17.57,N
01/21/2024,14:00,PALE_ESS_EN, 16.12,N
01/21/2024,14:00,PALMWI_UNIT1, 17.57,N
01/21/2024,14:00,PANDA_S_CC1, 17.05,N
01/21/2024,14:00,PANDA_S_CT1, 17.05,N
01/21/2024,14:00,PANDA_S_CT2, 17.05,N
01/21/2024,14:00,PANDA_S_ST1, 17.05,N
01/21/2024,14:00,PANDA_T1_CC1, 17.4,N
01/21/2024,14:00,PANDA_T1_CT1, 17.4,N
01/21/2024,14:00,PANDA_T1_CT2, 17.4,N
01/21/2024,14:00,PANDA_T1_ST1, 17.4,N
01/21/2024,14:00,PANDA_T2_CC1, 17.4,N
01/21/2024,14:00,PANDA_T2_CT1, 17.4,N
01/21/2024,14:00,PANDA_T2_CT2, 17.4,N
01/21/2024,14:00,PANDA_T2_ST1, 17.4,N
01/21/2024,14:00,PAP1_PAP1, 17.57,N
01/21/2024,14:00,PAULN_RN, 17.14,N
01/21/2024,14:00,PAVLOV_BT_RN, 18.02,N
01/21/2024,14:00,PAVO_ESS_ALL, 15.71,N
01/21/2024,14:00,PB2SES_CT1, 15.79,N
01/21/2024,14:00,PB2SES_CT2, 15.79,N
01/21/2024,14:00,PB2SES_CT3, 15.79,N
01/21/2024,14:00,PB2SES_CT4, 15.79,N
01/21/2024,14:00,PB2SES_CT5, 15.79,N
01/21/2024,14:00,PC_NORTH_1, 15.84,N
01/21/2024,14:00,PC_SOUTH_ALL, 15.84,N
01/21/2024,14:00,PEARSA_1_24, 17.73,N
01/21/2024,14:00,PENA_ALL, 17.57,N
01/21/2024,14:00,PES1_RN, 17.46,N
01/21/2024,14:00,PEY_RN, 17.51,N
01/21/2024,14:00,PH1_UNIT1_2, 10.79,N
01/21/2024,14:00,PH2_U1_U2, 10.79,N
01/21/2024,14:00,PHILLWND_ALL, 17.27,N
01/21/2024,14:00,PHOEBE_ALL, 15.8,N
01/21/2024,14:00,PHOENIX_RN, 17.06,N
01/21/2024,14:00,PHO_ALL, 17.5,N
01/21/2024,14:00,PIONR_DJ_RN, 15.81,N
01/21/2024,14:00,PISG_RN_ALL, 17.17,N
01/21/2024,14:00,PITSDD_UNIT1, 17.18,N
01/21/2024,14:00,PLN_ALL, 17.53,N
01/21/2024,14:00,PNPI_GT2_RN, 17.47,N
01/21/2024,14:00,PORTSL_UNIT1, 16.42,N
01/21/2024,14:00,POTSVIL_RN, 17.82,N
01/21/2024,14:00,PRID_RN, 16.21,N
01/21/2024,14:00,PROSPERO_ALL, 15.82,N
01/21/2024,14:00,PRO_RN, 17.46,N
01/21/2024,14:00,PRSPERO2_ALL, 15.82,N
01/21/2024,14:00,PR_PR_ALL, 17.44,N
01/21/2024,14:00,PR_PR_G2, 17.44,N
01/21/2024,14:00,PSA_CC1, 17.43,N
01/21/2024,14:00,PSA_PSA_G1, 17.43,N
01/21/2024,14:00,PSA_PSA_G2, 17.43,N
01/21/2024,14:00,PSA_PSA_G3, 17.43,N
01/21/2024,14:00,PSA_PSA_G4, 17.43,N
01/21/2024,14:00,PSA_PSA_G5, 17.43,N
01/21/2024,14:00,PSA_PSA_G6, 17.43,N
01/21/2024,14:00,PSA_PSA_G7, 17.43,N
01/21/2024,14:00,PSA_PUN1, 17.43,N
01/21/2024,14:00,PSA_PUN2, 17.43,N
01/21/2024,14:00,PSA_PUN3, 17.43,N
01/21/2024,14:00,PSA_PUN4, 17.43,N
01/21/2024,14:00,PSA_PUN5, 17.43,N
01/21/2024,14:00,PSG_CC1, 17.44,N
01/21/2024,14:00,PSG_PSG_GT2, 17.44,N
01/21/2024,14:00,PSG_PSG_GT3, 17.44,N
01/21/2024,14:00,PSG_PSG_ST1, 17.44,N
01/21/2024,14:00,PTLBES_BESS1, 17.59,N
01/21/2024,14:00,PYR_PYRON1, 16,N
01/21/2024,14:00,QALSW_ALL, 15.81,N
01/21/2024,14:00,QALSW_CC1, 15.81,N
01/21/2024,14:00,QALSW_CC2, 15.81,N
01/21/2024,14:00,QUEEN_BA_RN, 15.73,N
01/21/2024,14:00,QUEEN_SL_RN, 15.73,N
01/21/2024,14:00,RAB_G1-8, 17.46,N
01/21/2024,14:00,RADN_SLR_ALL, 15.88,N
01/21/2024,14:00,RAMBLER_UNIT, 15.49,N
01/21/2024,14:00,RANCHERO_ALL, 10.59,N
01/21/2024,14:00,RAT_RN_1, 13.69,N
01/21/2024,14:00,RAYBURN_CC1, 17.59,N
01/21/2024,14:00,RAYB_G78910, 17.59,N
01/21/2024,14:00,RBN_BESS1, 17.49,N
01/21/2024,14:00,RDCAN_RDCNY1, 16.02,N
01/21/2024,14:00,REDBARN_RN, 15.67,N
01/21/2024,14:00,REDFISH_ALL, 17.57,N
01/21/2024,14:00,REDGATE_ALL, 17.57,N
01/21/2024,14:00,REDGATE_RN, 17.57,N
01/21/2024,14:00,RELOJ_ALL, 17.58,N
01/21/2024,14:00,REROCK_ALL, 15.73,N
01/21/2024,14:00,RHESS2_ESS1, 17.77,N
01/21/2024,14:00,RIGGIN_UNIT1, 15.72,N
01/21/2024,14:00,RIOG_ESR_RN, 17.58,N
01/21/2024,14:00,RIONOG_CC1, 17.81,N
01/21/2024,14:00,RIONOG_CT1, 17.81,N
01/21/2024,14:00,RIONOG_CT2, 17.81,N
01/21/2024,14:00,RIONOG_CT3, 17.81,N
01/21/2024,14:00,RIONOG_ST1, 17.81,N
01/21/2024,14:00,RIPPEY_ALL, 16.99,N
01/21/2024,14:00,RN_APOGEE, 16.12,N
01/21/2024,14:00,RN_BYU_G8, 17.45,N
01/21/2024,14:00,RN_DEC_AGR_A, 17.01,N
01/21/2024,14:00,RN_DEC_AGR_B, 17.01,N
01/21/2024,14:00,RN_DEC_AGR_C, 17.01,N
01/21/2024,14:00,RN_DEC_AGR_D, 17.01,N
01/21/2024,14:00,RN_ECEC_HOLT, 15.81,N
01/21/2024,14:00,RN_OCI_ALAMO, 18.32,N
01/21/2024,14:00,RN_RTS1, 15.77,N
01/21/2024,14:00,RN_SR_WIND1, 17.57,N
01/21/2024,14:00,RN_TOSBATT, 15.88,N
01/21/2024,14:00,ROSELAND_ALL, 17.28,N
01/21/2024,14:00,ROUTE66_RN, 10.79,N
01/21/2024,14:00,ROW_ALL, 17.47,N
01/21/2024,14:00,RPUBRDS_RN, 17.38,N
01/21/2024,14:00,RRANCHES_ALL, 15.77,N
01/21/2024,14:00,RRC_WIND_ALL, 16.4,N
01/21/2024,14:00,RSK_RN, 15.81,N
01/21/2024,14:00,RTLSNAKE_BT, 15.77,N
01/21/2024,14:00,RUSSEKST_RN, 15.46,N
01/21/2024,14:00,RVRVLYS_ALL, 17.69,N
01/21/2024,14:00,SADLBACK_RN, 15.76,N
01/21/2024,14:00,SALVTION_GEN, 16.23,N
01/21/2024,14:00,SAMSON_ALL, 17.07,N
01/21/2024,14:00,SANDHSYD1_2, 17.92,N
01/21/2024,14:00,SANDHSYD3_4, 17.92,N
01/21/2024,14:00,SANDHSYD6_7, 17.92,N
01/21/2024,14:00,SANDHSYD_5AC, 17.92,N
01/21/2024,14:00,SANDHSYD_CC1, 17.92,N
01/21/2024,14:00,SANTACRU_ALL, 17.57,N
01/21/2024,14:00,SAN_SANMIGG1, 17.6,N
01/21/2024,14:00,SBEAN_BESS, 15.77,N
01/21/2024,14:00,SBE_RN_1, 17.57,N
01/21/2024,14:00,SC2SES_UNIT1, 17.14,N
01/21/2024,14:00,SCES_UNIT1, 17.28,N
01/21/2024,14:00,SCLP_PUN1, 17.51,N
01/21/2024,14:00,SCLP_PUN2, 17.51,N
01/21/2024,14:00,SCLP_PUN3, 17.51,N
01/21/2024,14:00,SCLP_PUN4, 17.51,N
01/21/2024,14:00,SCLP_SCLPC_1, 17.51,N
01/21/2024,14:00,SCLP_SCLPC_2, 17.51,N
01/21/2024,14:00,SCLP_SCLPC_3, 17.51,N
01/21/2024,14:00,SCLP_SCLPC_4, 17.51,N
01/21/2024,14:00,SCSES_UNIT2, 17.14,N
01/21/2024,14:00,SDSES_PUN1, 17.59,N
01/21/2024,14:00,SDSES_PUN3, 17.59,N
01/21/2024,14:00,SENATEWD_1, 16.31,N
01/21/2024,14:00,SGM_SIGNALMT, 15.81,N
01/21/2024,14:00,SGSA_DGR, 15.73,N
01/21/2024,14:00,SG_BES_BESS1, 15.72,N
01/21/2024,14:00,SHAFFER_ALL, 17.57,N
01/21/2024,14:00,SHAMROCK_RN, 10.57,N
01/21/2024,14:00,SHANNONW_RN, 16.32,N
01/21/2024,14:00,SHEEPCRK_1, 16.4,N
01/21/2024,14:00,SILASRAY_CC1, 18.37,N
01/21/2024,14:00,SIL_SILAS_10, 18.37,N
01/21/2024,14:00,SIL_SILAS_6, 18.37,N
01/21/2024,14:00,SIL_SILAS_9, 18.37,N
01/21/2024,14:00,SIRIUS_UNIT1, 15.7,N
01/21/2024,14:00,SJS_SJS_G1, 17.44,N
01/21/2024,14:00,SJS_SJS_G2, 17.44,N
01/21/2024,14:00,SKY1, 17.73,N
01/21/2024,14:00,SLCN_ESS_ALL, 17.74,N
01/21/2024,14:00,SLTFRK_UN1_2, 10.8,N
01/21/2024,14:00,SL_PUN1, 17.44,N
01/21/2024,14:00,SL_PUN2, 17.44,N
01/21/2024,14:00,SNY_BESS_RN, 15.99,N
01/21/2024,14:00,SOLARA_UNIT1, 16.04,N
01/21/2024,14:00,SPARTA_ALL, 17.55,N
01/21/2024,14:00,SPLAIN1_RN, 10.77,N
01/21/2024,14:00,SPLAIN2_RN, 10.77,N
01/21/2024,14:00,SPNC_SPNCE_4, 17.01,N
01/21/2024,14:00,SPNC_SPNCE_5, 17.01,N
01/21/2024,14:00,SPTX12B_RN, 15.71,N
01/21/2024,14:00,SROSA_ESR_RN, 17.57,N
01/21/2024,14:00,SRWE1_UNIT1, 15.97,N
01/21/2024,14:00,SSPURT_WIND1, 10.78,N
01/21/2024,14:00,STAM_SLR_ALL, 17.07,N
01/21/2024,14:00,STEAM_ENG123, 17.08,N
01/21/2024,14:00,STEA_STEAM_1, 17.08,N
01/21/2024,14:00,STEA_STEAM_2, 17.08,N
01/21/2024,14:00,STEA_STEAM_3, 17.08,N
01/21/2024,14:00,STELLA_RN, 17.57,N
01/21/2024,14:00,STP_STP_G1, 17.52,N
01/21/2024,14:00,STP_STP_G2, 17.52,N
01/21/2024,14:00,STRATEGC_RN, 17.13,N
01/21/2024,14:00,STWF_T1, 15.93,N
01/21/2024,14:00,SUNVASLR_ALL, 17.18,N
01/21/2024,14:00,SWEC_G1, 15.86,N
01/21/2024,14:00,SWEETWN2_2_4, 15.94,N
01/21/2024,14:00,SWEETWN3_3, 15.94,N
01/21/2024,14:00,SWEETWND_1, 15.94,N
01/21/2024,14:00,SWOOSE1_U1, 15.78,N
01/21/2024,14:00,SWOOSEII_RN, 15.78,N
01/21/2024,14:00,SWTWN4_WND45, 15.94,N
01/21/2024,14:00,SWT_BESS_RN, 15.94,N
01/21/2024,14:00,S_HILLS_RN, 16.4,N
01/21/2024,14:00,TAHOKA_ALL, 16.01,N
01/21/2024,14:00,TAV_RN, 17.53,N
01/21/2024,14:00,TAYGETE2_ALL, 15.74,N
01/21/2024,14:00,TAYGETE_ALL, 15.74,N
01/21/2024,14:00,TBWF_ES_BES1, 15.71,N
01/21/2024,14:00,TC_PUN1, 17.45,N
01/21/2024,14:00,TC_PUN2, 17.45,N
01/21/2024,14:00,TC_TCHP1, 17.45,N
01/21/2024,14:00,TEN_CC1, 17.09,N
01/21/2024,14:00,TEN_CT1_STG, 17.09,N
01/21/2024,14:00,TGCCS_ALL, 17.13,N
01/21/2024,14:00,TGCCS_CC1, 17.13,N
01/21/2024,14:00,TGF_TGFGT, 17.59,N
01/21/2024,14:00,TGS_GT01, 17.59,N
01/21/2024,14:00,TGW_T1_T2, 17.57,N
01/21/2024,14:00,THW_1_CCU, 17.43,N
01/21/2024,14:00,THW_2_CCU, 17.43,N
01/21/2024,14:00,THW_CC1, 17.43,N
01/21/2024,14:00,THW_CC2, 17.43,N
01/21/2024,14:00,THW_THWGT5X, 17.43,N
01/21/2024,14:00,THW_THWGT_1, 17.43,N
01/21/2024,14:00,TI_SOLAR_ALL, 15.77,N
01/21/2024,14:00,TKWSW_CHAMP, 16,N
01/21/2024,14:00,TKWSW_ROSCOE, 16,N
01/21/2024,14:00,TNP_TNP_O_1, 17.35,N
01/21/2024,14:00,TNP_TNP_O_2, 17.35,N
01/21/2024,14:00,TNSKA_CC1, 17.06,N
01/21/2024,14:00,TNSKA_CCU, 17.06,N
01/21/2024,14:00,TOPAZ_ALL, 17.45,N
01/21/2024,14:00,TORR_ALL, 17.59,N
01/21/2024,14:00,TORT_ESS_RN, 17.46,N
01/21/2024,14:00,TOYAH_RN, 15.73,N
01/21/2024,14:00,TREB_SOLAR1, 17.55,N
01/21/2024,14:00,TRENT_TRENT, 15.93,N
01/21/2024,14:00,TRINITY_ALL, 16.28,N
01/21/2024,14:00,TRIPBUT1_RN, 15.72,N
01/21/2024,14:00,TRSES_UNIT6, 17.15,N
01/21/2024,14:00,TRUENO_ALL, 17.57,N
01/21/2024,14:00,TRUSGILL_RN, 16.23,N
01/21/2024,14:00,TTRSW_RN, 17.07,N
01/21/2024,14:00,TTWEC_G1, 15.53,N
01/21/2024,14:00,TURQ_BESS1, 17.08,N
01/21/2024,14:00,TV_RN, 17.48,N
01/21/2024,14:00,TXCTY_CC1, 17.45,N
01/21/2024,14:00,TXCTY_CTA, 17.45,N
01/21/2024,14:00,TXCTY_CTB, 17.45,N
01/21/2024,14:00,TXCTY_CTC, 17.45,N
01/21/2024,14:00,TXCTY_ST, 17.45,N
01/21/2024,14:00,TYLRWIND_RN, 16.95,N
01/21/2024,14:00,T_CK_GT2_RN, 16.09,N
01/21/2024,14:00,T_CK_GT3_RN, 16.09,N
01/21/2024,14:00,UCC_COG_PUN2, 17.45,N
01/21/2024,14:00,UCC_UCC_C_2, 17.45,N
01/21/2024,14:00,VANCOURT_RN, 17.57,N
01/21/2024,14:00,VENADO_ALL, 17.59,N
01/21/2024,14:00,VERAWIND_ALL, 16.23,N
01/21/2024,14:00,VERTIGO_UN1, 16.18,N
01/21/2024,14:00,VICTORIA_CC1, 17.58,N
01/21/2024,14:00,VICTPORT_RN, 17.57,N
01/21/2024,14:00,VIC_VICTORG5, 17.58,N
01/21/2024,14:00,VIC_VICTORG6, 17.58,N
01/21/2024,14:00,VISION_RN, 17.15,N
01/21/2024,14:00,VLSES_UNIT3, 17.06,N
01/21/2024,14:00,VORT_ALL_RN, 16.26,N
01/21/2024,14:00,WAKEWE_ALL, 16.16,N
01/21/2024,14:00,WAP_WAPGT_1, 17.47,N
01/21/2024,14:00,WAP_WAP_G1, 17.47,N
01/21/2024,14:00,WAP_WAP_G2, 17.47,N
01/21/2024,14:00,WAP_WAP_G3, 17.48,N
01/21/2024,14:00,WAP_WAP_G4, 17.48,N
01/21/2024,14:00,WAP_WAP_G5, 17.47,N
01/21/2024,14:00,WAP_WAP_G6, 17.46,N
01/21/2024,14:00,WAP_WAP_G7, 17.46,N
01/21/2024,14:00,WAP_WAP_G8, 17.46,N
01/21/2024,14:00,WAYMARK_RN, 15.67,N
01/21/2024,14:00,WCPP_CC1, 16.96,N
01/21/2024,14:00,WCPP_CT1, 16.96,N
01/21/2024,14:00,WCPP_CT2, 16.96,N
01/21/2024,14:00,WCPP_ST1, 16.96,N
01/21/2024,14:00,WEBBER_WS_T1, 17.81,N
01/21/2024,14:00,WEC_WECG1, 16.11,N
01/21/2024,14:00,WES_ALL, 17.51,N
01/21/2024,14:00,WFCOGEN_13, 16.33,N
01/21/2024,14:00,WFCOGEN_24, 16.33,N
01/21/2024,14:00,WFCOGEN_CC1, 16.33,N
01/21/2024,14:00,WFTANK_ESS1, 17.59,N
01/21/2024,14:00,WGU_RN, 17.5,N
01/21/2024,14:00,WHCCS2_4, 17.04,N
01/21/2024,14:00,WHCCS2_5_6, 17.04,N
01/21/2024,14:00,WHCCS2_CC2, 17.04,N
01/21/2024,14:00,WHCCS_CC1, 17.04,N
01/21/2024,14:00,WHCCS_CT1_ST, 17.04,N
01/21/2024,14:00,WHCCS_CT2, 17.04,N
01/21/2024,14:00,WHITE_PT_UN1, 17.57,N
01/21/2024,14:00,WHMESA_U1, 10.56,N
01/21/2024,14:00,WHTTAIL_WR1, 16.93,N
01/21/2024,14:00,WH_WIND_ALL, 16.09,N
01/21/2024,14:00,WILDWIND_ALL, 17.01,N
01/21/2024,14:00,WIPOPA_1_2, 17.76,N
01/21/2024,14:00,WIPOPA_3_4, 17.76,N
01/21/2024,14:00,WIR_WIRTZ_G1, 19.36,N
01/21/2024,14:00,WIR_WIRTZ_G2, 19.36,N
01/21/2024,14:00,WLTC_ESR_RN, 17.57,N
01/21/2024,14:00,WL_RANCH_RN, 15.45,N
01/21/2024,14:00,WNDTS2_UNIT1, 16.49,N
01/21/2024,14:00,WND_WHITNEY, 17.25,N
01/21/2024,14:00,WOODWRD1_RN, 15.71,N
01/21/2024,14:00,WOODWRD2_RN, 15.71,N
01/21/2024,14:00,WOV_BESS_RN, 15.81,N
01/21/2024,14:00,WRSBES_BESS1, 15.77,N
01/21/2024,14:00,W_HRL_ESR_RN, 17.57,N
01/21/2024,14:00,W_PECO_UNIT1, 15.77,N
01/21/2024,14:00,X443ESRN, 18.66,N
01/21/2024,14:00,YNG_WND_ALL, 16.29,N
01/21/2024,14:00,ZIER_SLR_ALL, 17.03,N
01/21/2024,15:00,7RNCHSLR_ALL, 17.73,N
01/21/2024,15:00,AEEC, 15.79,N
01/21/2024,15:00,AGUAYO_UNIT1, 16,N
01/21/2024,15:00,AJAXWIND_RN, 15.96,N
01/21/2024,15:00,ALGOD_ALL_RN, 17.6,N
01/21/2024,15:00,ALVIN_RN, 17.43,N
01/21/2024,15:00,AMADEUS_ALL, 15.86,N
01/21/2024,15:00,AMISTAD_ALL, 16.49,N
01/21/2024,15:00,AMOCOOIL_CC1, 17.42,N
01/21/2024,15:00,AMOCOOIL_CC2, 17.42,N
01/21/2024,15:00,AMOCO_PUN1, 17.42,N
01/21/2024,15:00,AMOCO_PUN2, 17.42,N
01/21/2024,15:00,AMO_AMOCO_1, 17.42,N
01/21/2024,15:00,AMO_AMOCO_2, 17.42,N
01/21/2024,15:00,AMO_AMOCO_5, 17.42,N
01/21/2024,15:00,AMO_AMOCO_G1, 17.42,N
01/21/2024,15:00,AMO_AMOCO_G2, 17.42,N
01/21/2024,15:00,AMO_AMOCO_G3, 17.42,N
01/21/2024,15:00,AMO_AMOCO_S1, 17.42,N
01/21/2024,15:00,AMO_AMOCO_S2, 17.42,N
01/21/2024,15:00,ANACACHO_ANA, 17.45,N
01/21/2024,15:00,ANCHOR_ALL, 16.07,N
01/21/2024,15:00,ANDMDSLR_ALL, 15.83,N
01/21/2024,15:00,ANEM_ESS_RN, 17.62,N
01/21/2024,15:00,ANG_ALL, 15.14,N
01/21/2024,15:00,ANSON1_ALL, 15.87,N
01/21/2024,15:00,APPALOSA_ALL, 15.17,N
01/21/2024,15:00,AQUI_ALL, 17.09,N
01/21/2024,15:00,ARAGORN_RN, 15.36,N
01/21/2024,15:00,ASTRA_RN, 7.62,N
01/21/2024,15:00,ATK_ATKINSG7, 17.3,N
01/21/2024,15:00,AURO_SLR_RN, 17.31,N
01/21/2024,15:00,AUSTPL_ALL, 17.9,N
01/21/2024,15:00,AVIAT_ALL, 15.3,N
01/21/2024,15:00,AZURE_RN, 15.92,N
01/21/2024,15:00,AZ_ALL, 17.4,N
01/21/2024,15:00,BAC_RN_ALL, 17.42,N
01/21/2024,15:00,BAFFIN_ALL, 17.61,N
01/21/2024,15:00,BAIRDWND_ALL, 15.99,N
01/21/2024,15:00,BARROW_ALL, 15.43,N
01/21/2024,15:00,BASTEN_CC1, 17.78,N
01/21/2024,15:00,BASTEN_CCU, 17.78,N
01/21/2024,15:00,BATCAVE_RN, 23.62,N
01/21/2024,15:00,BAYC_BESS_RN, 17.87,N
01/21/2024,15:00,BBREEZE_1_2, 17.62,N
01/21/2024,15:00,BCATWD_WD_1, 16.07,N
01/21/2024,15:00,BCH_RN, 17.47,N
01/21/2024,15:00,BCK_RN, 17.46,N
01/21/2024,15:00,BELM_SLR_RN, 17.31,N
01/21/2024,15:00,BIGSTAR_ALL, 17.77,N
01/21/2024,15:00,BLACKJAK_RN, 17.61,N
01/21/2024,15:00,BLSMT1_5_A_6, 15.92,N
01/21/2024,15:00,BLUEJAY_RN, 17.29,N
01/21/2024,15:00,BOARDCRK_ALL, 17.09,N
01/21/2024,15:00,BOOTLEG_UN1, 15.22,N
01/21/2024,15:00,BORDAS_345, 17.64,N
01/21/2024,15:00,BOSQUESW_CC1, 17.16,N
01/21/2024,15:00,BOSQUESW_CC2, 17.17,N
01/21/2024,15:00,BOSQ_BSQSU_5, 17.17,N
01/21/2024,15:00,BOSQ_BSQS_12, 17.17,N
01/21/2024,15:00,BOSQ_BSQS_34, 17.16,N
01/21/2024,15:00,BRANDON_RN, 1,N
01/21/2024,15:00,BRAUNIG_CC1, 17.3,N
01/21/2024,15:00,BRAUNIG_VHB1, 18.3,N
01/21/2024,15:00,BRAUNIG_VHB2, 18.3,N
01/21/2024,15:00,BRAUNIG_VHB3, 18.41,N
01/21/2024,15:00,BRAZ_WND_ALL, 15.68,N
01/21/2024,15:00,BRA_AVR1_CT2, 17.3,N
01/21/2024,15:00,BRA_AVR_CST1, 17.3,N
01/21/2024,15:00,BRHEIGHT_RN, 17.42,N
01/21/2024,15:00,BRIGHTSD_RN, 17.68,N
01/21/2024,15:00,BRIGHTSD_U1, 17.68,N
01/21/2024,15:00,BRISCOE_WIND, 7.63,N
01/21/2024,15:00,BRPANGLE_RN, 17.49,N
01/21/2024,15:00,BRPMAGNO_RN, 17.43,N
01/21/2024,15:00,BRP_BRAZ_RN, 17.49,N
01/21/2024,15:00,BRP_DIKN_RN, 17.43,N
01/21/2024,15:00,BRP_LOOP_RN, 17.6,N
01/21/2024,15:00,BRP_LOP1_RN, 17.63,N
01/21/2024,15:00,BRP_PBL1_RN, 39.38,N
01/21/2024,15:00,BRP_PBL2_RN, 39.38,N
01/21/2024,15:00,BRP_RN_UNIT1, 17.87,N
01/21/2024,15:00,BRP_SEMI_RN, 17.43,N
01/21/2024,15:00,BRP_SWNY_RN, 17.49,N
01/21/2024,15:00,BRP_ZPT1_RN, 17.64,N
01/21/2024,15:00,BRP_ZPT2_RN, 17.64,N
01/21/2024,15:00,BRTSW_BCW1, 16.54,N
01/21/2024,15:00,BR_ARROW_ALL, 16.97,N
01/21/2024,15:00,BR_VHB6CT5_6, 18.3,N
01/21/2024,15:00,BR_VHB6CT7_8, 18.3,N
01/21/2024,15:00,BSS_U1, 17.49,N
01/21/2024,15:00,BTE_BTE_G1, 17.4,N
01/21/2024,15:00,BTE_BTE_G2, 17.4,N
01/21/2024,15:00,BTE_BTE_G3, 17.4,N
01/21/2024,15:00,BTE_BTE_G4, 17.4,N
01/21/2024,15:00,BTE_CC1, 17.4,N
01/21/2024,15:00,BTE_PUN1, 17.4,N
01/21/2024,15:00,BTE_PUN2, 17.4,N
01/21/2024,15:00,BTM_ALL, 17.46,N
01/21/2024,15:00,BUCHAN_ALL, 18.73,N
01/21/2024,15:00,BUCKTHRN_RN, 16.95,N
01/21/2024,15:00,BUFF_GAP_ALL, 15.56,N
01/21/2024,15:00,BULLCRK_1_2, 15.65,N
01/21/2024,15:00,BVE_CC1, 17.43,N
01/21/2024,15:00,BVE_UNIT1, 17.43,N
01/21/2024,15:00,BVE_UNIT2, 17.43,N
01/21/2024,15:00,BVE_UNIT3, 17.43,N
01/21/2024,15:00,BYRDR_ES_ALL, 17.49,N
01/21/2024,15:00,BYU_BYU_1, 17.41,N
01/21/2024,15:00,BYU_BYU_12, 17.41,N
01/21/2024,15:00,BYU_BYU_34, 17.41,N
01/21/2024,15:00,BYU_BYU_G8, 17.41,N
01/21/2024,15:00,BYU_CC1, 17.41,N
01/21/2024,15:00,BYU_G4_RN, 17.41,N
01/21/2024,15:00,BYU_PUN1, 17.41,N
01/21/2024,15:00,BYU_PUN2, 17.41,N
01/21/2024,15:00,BYU_PUN3, 17.41,N
01/21/2024,15:00,BYU_PUN4, 17.41,N
01/21/2024,15:00,B_DAVIS_3, 17.61,N
01/21/2024,15:00,B_DAVIS_4, 17.61,N
01/21/2024,15:00,B_DAVIS_CC1, 17.61,N
01/21/2024,15:00,B_D_B_DAVIG1, 17.61,N
01/21/2024,15:00,B_D_B_DAVIG2, 17.61,N
01/21/2024,15:00,CABEZON_ALL, 17.63,N
01/21/2024,15:00,CALAVER_JKS1, 17.46,N
01/21/2024,15:00,CALAVER_JKS2, 17.46,N
01/21/2024,15:00,CALAVER_JTD1, 18.24,N
01/21/2024,15:00,CALAVER_JTD2, 18.24,N
01/21/2024,15:00,CALAVER_OWS1, 18.33,N
01/21/2024,15:00,CALAVER_OWS2, 18.33,N
01/21/2024,15:00,CALHOUN_ALL, 17.56,N
01/21/2024,15:00,CALLAHA_WND1, 15.49,N
01/21/2024,15:00,CAL_CALGT1, 17.4,N
01/21/2024,15:00,CAL_CALSTG1, 17.4,N
01/21/2024,15:00,CAL_CC1, 17.4,N
01/21/2024,15:00,CAL_PUN1, 17.4,N
01/21/2024,15:00,CAL_PUN2, 17.4,N
01/21/2024,15:00,CAMWIND_RN, 17.59,N
01/21/2024,15:00,CANYONWD_ALL, 15.71,N
01/21/2024,15:00,CAPRIDG4_CR4, 15.3,N
01/21/2024,15:00,CAPRIDGE_ALL, 15.3,N
01/21/2024,15:00,CARBN_BSP_1, 15.51,N
01/21/2024,15:00,CASL_GAP_UN1, 15.28,N
01/21/2024,15:00,CATARINA_B1, 19.36,N
01/21/2024,15:00,CBECII_89, 17.48,N
01/21/2024,15:00,CBECII_CC3, 17.48,N
01/21/2024,15:00,CBECII_CT7, 17.48,N
01/21/2024,15:00,CBEC_ALL, 17.61,N
01/21/2024,15:00,CBEC_CC1, 17.61,N
01/21/2024,15:00,CBEC_CC2, 17.61,N
01/21/2024,15:00,CBY4_ALL, 17.4,N
01/21/2024,15:00,CBY4_CC1, 17.4,N
01/21/2024,15:00,CBY_CBY_G1, 17.4,N
01/21/2024,15:00,CBY_CBY_G2, 17.4,N
01/21/2024,15:00,CCEC_CC1, 17.61,N
01/21/2024,15:00,CCEC_GT1, 17.61,N
01/21/2024,15:00,CCEC_GT2, 17.61,N
01/21/2024,15:00,CCEC_PUN1, 17.61,N
01/21/2024,15:00,CCEC_PUN2, 17.61,N
01/21/2024,15:00,CCEC_ST1, 17.61,N
01/21/2024,15:00,CEDROHI_CHW1, 17.64,N
01/21/2024,15:00,CEDRVALE_RN, 15.35,N
01/21/2024,15:00,CFLATS_UNIT, 7.33,N
01/21/2024,15:00,CHALUP_ALL, 17.62,N
01/21/2024,15:00,CHAL_SLR_RN, 15.36,N
01/21/2024,15:00,CHAMON_UN1, 17.39,N
01/21/2024,15:00,CHAMON_UN2, 17.39,N
01/21/2024,15:00,CHEDPW_GT2, 17.39,N
01/21/2024,15:00,CHE_CC1, 17.39,N
01/21/2024,15:00,CHE_LYD, 17.39,N
01/21/2024,15:00,CHE_LYD2, 17.39,N
01/21/2024,15:00,CHE_PUN1, 17.39,N
01/21/2024,15:00,CHE_PUN2, 17.39,N
01/21/2024,15:00,CHISMGRD_RN, 16.9,N
01/21/2024,15:00,CISC_RN, 16.36,N
01/21/2024,15:00,CITYVICT_ALL, 17.6,N
01/21/2024,15:00,CN_BRKS_UNT1, 7.63,N
01/21/2024,15:00,COL_COLETOG1, 17.62,N
01/21/2024,15:00,CONIGLIO_RN, 16.96,N
01/21/2024,15:00,CONTINEN_RN, 17.63,N
01/21/2024,15:00,CORALSLR_ALL, 17.21,N
01/21/2024,15:00,CORAZON_RN, 17.64,N
01/21/2024,15:00,COTPLNS_RN, 7.62,N
01/21/2024,15:00,COTTON_PAP2, 17.6,N
01/21/2024,15:00,COYOTSPR_RN, 15.35,N
01/21/2024,15:00,CPSES_UNIT1, 16.94,N
01/21/2024,15:00,CPSES_UNIT2, 16.94,N
01/21/2024,15:00,CRANELL_ALL, 17.61,N
01/21/2024,15:00,CROSSETT_ALL, 15.28,N
01/21/2024,15:00,CRWN_SLR_UN1, 17.26,N
01/21/2024,15:00,CSC_CSECG1_2, 15.7,N
01/21/2024,15:00,CVC_CC1, 17.39,N
01/21/2024,15:00,CVC_CVCG1_5, 17.39,N
01/21/2024,15:00,CVC_CVC_G2, 17.39,N
01/21/2024,15:00,CVC_CVC_G3, 17.39,N
01/21/2024,15:00,DAG_ALL, 17.52,N
01/21/2024,15:00,DANSBY_ALL, 17.3,N
01/21/2024,15:00,DAN_ALL, 17.5,N
01/21/2024,15:00,DA_BESS, 17.48,N
01/21/2024,15:00,DC2SES_ALL, 16.95,N
01/21/2024,15:00,DC_E, 16.97,N
01/21/2024,15:00,DC_L, 17.64,N
01/21/2024,15:00,DC_N, 15.93,N
01/21/2024,15:00,DC_R, 17.62,N
01/21/2024,15:00,DDPEC_CC1, 17.41,N
01/21/2024,15:00,DDPEC_GT1, 17.41,N
01/21/2024,15:00,DDPEC_GT2, 17.41,N
01/21/2024,15:00,DDPEC_GT3, 17.41,N
01/21/2024,15:00,DDPEC_GT4, 17.41,N
01/21/2024,15:00,DDPEC_GT6, 17.41,N
01/21/2024,15:00,DDPEC_ST1, 17.41,N
01/21/2024,15:00,DECKER_DPG2, 17.85,N
01/21/2024,15:00,DECKER_GT, 17.85,N
01/21/2024,15:00,DENISON_G1_2, 16.95,N
01/21/2024,15:00,DERMOTT_ALL, 15.78,N
01/21/2024,15:00,DIBOL_RN, 17.06,N
01/21/2024,15:00,DIB_CC1, 17.41,N
01/21/2024,15:00,DIB_DIB_G1, 17.41,N
01/21/2024,15:00,DIB_DIB_G2, 17.41,N
01/21/2024,15:00,DIB_DIB_G3, 17.41,N
01/21/2024,15:00,DIB_DIB_G4, 17.41,N
01/21/2024,15:00,DIB_PUN1, 17.41,N
01/21/2024,15:00,DIB_PUN2, 17.41,N
01/21/2024,15:00,DILEOS_UNIT1, 17.18,N
01/21/2024,15:00,DKNS_ESS_RN, 15.84,N
01/21/2024,15:00,DOWGEN_PUN1, 17.47,N
01/21/2024,15:00,DOWGEN_PUN2, 17.47,N
01/21/2024,15:00,DOWGEN_PUN3, 17.47,N
01/21/2024,15:00,DOW_61_2_63, 17.47,N
01/21/2024,15:00,DOW_64, 17.47,N
01/21/2024,15:00,DOW_81_2_84, 17.47,N
01/21/2024,15:00,DOW_G37_G35, 17.47,N
01/21/2024,15:00,DOW_G66_ST65, 17.47,N
01/21/2024,15:00,DOW_G67, 17.47,N
01/21/2024,15:00,DOW_G96_ST95, 17.47,N
01/21/2024,15:00,DUKE_CC1, 17.62,N
01/21/2024,15:00,DUKE_GST1CCU, 17.62,N
01/21/2024,15:00,DUKE_GT2_CCU, 17.62,N
01/21/2024,15:00,DUP_PUN1, 17.6,N
01/21/2024,15:00,DUP_PUN2, 17.6,N
01/21/2024,15:00,DUP_PUN3, 17.6,N
01/21/2024,15:00,DUP_PUN4, 17.6,N
01/21/2024,15:00,EBELLS_UNIT1, 17.31,N
01/21/2024,15:00,EBNY_ESS_RN, 17.9,N
01/21/2024,15:00,ECLIPSE_UN1, 17.41,N
01/21/2024,15:00,EIFSLR_UNIT1, 16.97,N
01/21/2024,15:00,ELB_ELBCREEK, 15.48,N
01/21/2024,15:00,ELECTRAW_1_2, 15.94,N
01/21/2024,15:00,ELSAUZ_ALL, 17.62,N
01/21/2024,15:00,ELSA_ESR_RN, 17.62,N
01/21/2024,15:00,ELS_RN_1, 17,N
01/21/2024,15:00,EL_RAYO_ALL, 17.62,N
01/21/2024,15:00,ENDPARK_ESS1, 15.76,N
01/21/2024,15:00,ERSL_RN, 17.8,N
01/21/2024,15:00,ESTONIAN_ALL, 16.97,N
01/21/2024,15:00,ETCCS_CC1, 17.02,N
01/21/2024,15:00,ETCCS_CCU, 17.02,N
01/21/2024,15:00,EUNICE_ALL, 15.44,N
01/21/2024,15:00,EXGNSND_RN, 17.64,N
01/21/2024,15:00,EXGNWTL_1, 17.64,N
01/21/2024,15:00,EXN_14, 17.4,N
01/21/2024,15:00,EXN_1_3, 17.4,N
01/21/2024,15:00,EXN_4, 17.4,N
01/21/2024,15:00,EXN_8, 17.4,N
01/21/2024,15:00,EXN_9_13, 17.4,N
01/21/2024,15:00,EXN_PUN1, 17.4,N
01/21/2024,15:00,EXN_PUN2, 17.4,N
01/21/2024,15:00,EXN_PUN3, 17.4,N
01/21/2024,15:00,E_BLACK_RN, 17.67,N
01/21/2024,15:00,FALFUR_RN, 17.62,N
01/21/2024,15:00,FAL_FALCONG1, 17.63,N
01/21/2024,15:00,FAL_FALCONG2, 17.63,N
01/21/2024,15:00,FAL_FALCONG3, 17.63,N
01/21/2024,15:00,FAULKNER_RN, 15.35,N
01/21/2024,15:00,FEGC_RN, 17.43,N
01/21/2024,15:00,FENCESLR_ALL, 17.06,N
01/21/2024,15:00,FERGCC_CC1, 19.19,N
01/21/2024,15:00,FERGCC_GT1_1, 19.19,N
01/21/2024,15:00,FERGCC_GT2_3, 19.19,N
01/21/2024,15:00,FERGCC_ST1_5, 19.19,N
01/21/2024,15:00,FERMI_ALL, 11.55,N
01/21/2024,15:00,FILESSLR_PV1, 17.05,N
01/21/2024,15:00,FIVEWSLR_ALL, 17.37,N
01/21/2024,15:00,FLCNS_CC1, 15.51,N
01/21/2024,15:00,FLCNS_UNIT1, 15.51,N
01/21/2024,15:00,FLCNS_UNIT2, 15.51,N
01/21/2024,15:00,FLCNS_UNIT3, 15.51,N
01/21/2024,15:00,FLOWERII_RN, 15.33,N
01/21/2024,15:00,FLTBES1, 15.33,N
01/21/2024,15:00,FLTCK_SSI, 16.76,N
01/21/2024,15:00,FLUVANNA_1_2, 15.76,N
01/21/2024,15:00,FLVABES1_ESR, 15.33,N
01/21/2024,15:00,FOARDCTY_ALL, 15.9,N
01/21/2024,15:00,FORMOSA_CC1, 17.56,N
01/21/2024,15:00,FORMOSA_CC2, 17.56,N
01/21/2024,15:00,FORMOSA_PUN1, 17.56,N
01/21/2024,15:00,FORMOSA_PUN2, 17.56,N
01/21/2024,15:00,FOXTROT_ALL, 17.6,N
01/21/2024,15:00,FO_FORMOSA11, 17.56,N
01/21/2024,15:00,FO_FORMOSA12, 17.56,N
01/21/2024,15:00,FO_FORMOSG1, 17.56,N
01/21/2024,15:00,FO_FORMOSG10, 17.56,N
01/21/2024,15:00,FO_FORMOSG13, 17.56,N
01/21/2024,15:00,FO_FORMOSG14, 17.56,N
01/21/2024,15:00,FO_FORMOSG15, 17.56,N
01/21/2024,15:00,FO_FORMOSG2, 17.56,N
01/21/2024,15:00,FO_FORMOSG3, 17.56,N
01/21/2024,15:00,FO_FORMOSG4, 17.56,N
01/21/2024,15:00,FO_FORMOSG5, 17.56,N
01/21/2024,15:00,FO_FORMOSG6, 17.56,N
01/21/2024,15:00,FO_FORMOSG7, 17.56,N
01/21/2024,15:00,FO_FORMOSG8, 17.56,N
01/21/2024,15:00,FO_FORMOSG9, 17.56,N
01/21/2024,15:00,FPPYD_FPP_G1, 17.73,N
01/21/2024,15:00,FPPYD_FPP_G2, 17.73,N
01/21/2024,15:00,FPPYD_FPP_G3, 17.73,N
01/21/2024,15:00,FREC_1_CCU, 17.1,N
01/21/2024,15:00,FREC_2_CCU, 17.1,N
01/21/2024,15:00,FREC_CC1, 17.1,N
01/21/2024,15:00,FREC_CC2, 17.1,N
01/21/2024,15:00,FRMRSVLW_RN, 16.97,N
01/21/2024,15:00,FRNYPP_1_CCU, 17,N
01/21/2024,15:00,FRNYPP_2_CCU, 17,N
01/21/2024,15:00,FRNYPP_CC1, 17,N
01/21/2024,15:00,FRNYPP_CC2, 17,N
01/21/2024,15:00,FRONT_EC_CC1, 17.62,N
01/21/2024,15:00,FRONT_EC_RN1, 17.62,N
01/21/2024,15:00,FRONT_EC_RN2, 17.62,N
01/21/2024,15:00,FRONT_EC_RN3, 17.62,N
01/21/2024,15:00,FRYE_SLR_ALL, 7.63,N
01/21/2024,15:00,FTR_CC1, 17.31,N
01/21/2024,15:00,FTR_FTR_G1_4, 17.31,N
01/21/2024,15:00,FTWIND_UNIT1, 15.55,N
01/21/2024,15:00,FWLR_SLR_1, 15.29,N
01/21/2024,15:00,GALO_RN1, 15.37,N
01/21/2024,15:00,GAMBIT_RN, 17.49,N
01/21/2024,15:00,GARC_BESS_RN, 17.63,N
01/21/2024,15:00,GBY_GT, 17.4,N
01/21/2024,15:00,GID_GIDEONG1, 17.78,N
01/21/2024,15:00,GID_GIDEONG2, 17.78,N
01/21/2024,15:00,GID_GIDEONG3, 17.78,N
01/21/2024,15:00,GIGA_ESS_RN, 17.68,N
01/21/2024,15:00,GOA_GOATWIND, 15.34,N
01/21/2024,15:00,GOLINDA_UN1, 17.26,N
01/21/2024,15:00,GOMZ_RN, 15.29,N
01/21/2024,15:00,GOODNIT1_ALL, 7.64,N
01/21/2024,15:00,GPASTURE_ALL, 15.86,N
01/21/2024,15:00,GRANDVW1_A_B, 7.64,N
01/21/2024,15:00,GRDNE_ESR_RN, 15.47,N
01/21/2024,15:00,GREASWOD_ALL, 15.23,N
01/21/2024,15:00,GRIF_TRL_RN, 15.91,N
01/21/2024,15:00,GRSES_UNIT1, 16.07,N
01/21/2024,15:00,GRSES_UNIT2, 15.96,N
01/21/2024,15:00,GUADG_CC1, 17.77,N
01/21/2024,15:00,GUADG_CC2, 17.77,N
01/21/2024,15:00,GUADG_CCU1, 17.77,N
01/21/2024,15:00,GUADG_CCU2, 17.77,N
01/21/2024,15:00,GUNMTN_NODE, 15.56,N
01/21/2024,15:00,GWEC_G1, 18.1,N
01/21/2024,15:00,HALO_RN1, 17.35,N
01/21/2024,15:00,HAMI_BESS_RN, 16.49,N
01/21/2024,15:00,HAYSEN1_2, 14.37,N
01/21/2024,15:00,HAYSEN3_4, 17.55,N
01/21/2024,15:00,HB_BUSAVG, 17.01,N
01/21/2024,15:00,HB_HOUSTON, 17.4,N
01/21/2024,15:00,HB_HUBAVG, 16.89,N
01/21/2024,15:00,HB_NORTH, 17.01,N
01/21/2024,15:00,HB_PAN, 8.38,N
01/21/2024,15:00,HB_SOUTH, 17.5,N
01/21/2024,15:00,HB_WEST, 15.64,N
01/21/2024,15:00,HELIOS_RN, 19.7,N
01/21/2024,15:00,HHGT_KENDAL, 16.4,N
01/21/2024,15:00,HHOLLW2_WND1, 15.56,N
01/21/2024,15:00,HHOLLW3_WND1, 15.56,N
01/21/2024,15:00,HHOLLW4_WND1, 15.56,N
01/21/2024,15:00,HICK_G1_G2, 10.81,N
01/21/2024,15:00,HI_LONEB_RN1, 10.93,N
01/21/2024,15:00,HI_LONE_ALL, 10.93,N
01/21/2024,15:00,HLSES_UNIT3, 16.96,N
01/21/2024,15:00,HLSES_UNIT4, 16.96,N
01/21/2024,15:00,HLSES_UNIT5, 16.96,N
01/21/2024,15:00,HMNG_ESS_RN, 16.9,N
01/21/2024,15:00,HOLCOMB_RN1, 17.7,N
01/21/2024,15:00,HOLSTEIN_ALL, 15.59,N
01/21/2024,15:00,HOL_ALL, 17.49,N
01/21/2024,15:00,HOPKNSLR_ALL, 16.97,N
01/21/2024,15:00,HORSCR_RN, 15.27,N
01/21/2024,15:00,HORSECRK_RN, 15.91,N
01/21/2024,15:00,HOUSEMTN_RN, 15.3,N
01/21/2024,15:00,HOVEY_GEN, 15.3,N
01/21/2024,15:00,HRBESS_BESS, 15.53,N
01/21/2024,15:00,HRFDWIND_ALL, 7.62,N
01/21/2024,15:00,HRZN_SLR_UN1, 17.86,N
01/21/2024,15:00,HWF_HWFG1, 15.8,N
01/21/2024,15:00,HYDR_ESS_RN, 15.22,N
01/21/2024,15:00,H_HOLLO_WND1, 15.56,N
01/21/2024,15:00,IMP_RN1, 16.97,N
01/21/2024,15:00,INDNENR_1_RN, 15.23,N
01/21/2024,15:00,INDNENR_2_RN, 15.25,N
01/21/2024,15:00,INDNNWP_RN, 15.24,N
01/21/2024,15:00,IND_INADALE1, 15.67,N
01/21/2024,15:00,INGLCOSW_CC1, 17.6,N
01/21/2024,15:00,INGLCOSW_STG, 17.6,N
01/21/2024,15:00,INGLCOS_CTG1, 17.6,N
01/21/2024,15:00,INGLCOS_CTG2, 17.6,N
01/21/2024,15:00,INGLCO_PUN1, 17.6,N
01/21/2024,15:00,INGLCO_PUN2, 17.6,N
01/21/2024,15:00,INGLCO_PUN3, 17.6,N
01/21/2024,15:00,INKS_INKS_G1, 19.45,N
01/21/2024,15:00,INRT_W_ALL, 15.91,N
01/21/2024,15:00,JACKCNTY_CC1, 16.78,N
01/21/2024,15:00,JACKCNTY_CT1, 16.78,N
01/21/2024,15:00,JACKCNTY_CT2, 16.78,N
01/21/2024,15:00,JACKCNTY_STG, 16.78,N
01/21/2024,15:00,JADE_SLR_ALL, 15.78,N
01/21/2024,15:00,JAY_RN_1, 17.45,N
01/21/2024,15:00,JCKCNTY2_CC1, 16.85,N
01/21/2024,15:00,JCKCNTY2_CT3, 16.85,N
01/21/2024,15:00,JCKCNTY2_CT4, 16.85,N
01/21/2024,15:00,JCKCNTY2_ST2, 16.85,N
01/21/2024,15:00,JC_BAT_RN, 18.77,N
01/21/2024,15:00,JDKNS_RN, 15.41,N
01/21/2024,15:00,JUNCTION_RN, 27.24,N
01/21/2024,15:00,JUNO_ALL, 15.63,N
01/21/2024,15:00,KARAKAW1_1, 17.6,N
01/21/2024,15:00,KARAKAW2_1, 17.6,N
01/21/2024,15:00,KEECHI_U1, 16.78,N
01/21/2024,15:00,KELAMSL_U1, 17.06,N
01/21/2024,15:00,KEO_KEO_SM1, 15.27,N
01/21/2024,15:00,KINGE_ALL, 15.27,N
01/21/2024,15:00,KINGW_ALL, 15.28,N
01/21/2024,15:00,KMCHI_CC1, 16.96,N
01/21/2024,15:00,KMCHI_CC2, 16.96,N
01/21/2024,15:00,LACY_CRK_ALL, 15.45,N
01/21/2024,15:00,LAMESASLR_G, 15.56,N
01/21/2024,15:00,LAPETUS_U1, 15.44,N
01/21/2024,15:00,LARDVFTN_G4, 17.64,N
01/21/2024,15:00,LARDVFTN_G5, 17.64,N
01/21/2024,15:00,LASSO_GEN, 15.3,N
01/21/2024,15:00,LBRA_BES1, 17.7,N
01/21/2024,15:00,LEG_LEG_G1, 17.21,N
01/21/2024,15:00,LEG_LEG_G2, 17.21,N
01/21/2024,15:00,LEONLCPCT1_2, 18.62,N
01/21/2024,15:00,LEONLCPCT3_4, 18.62,N
01/21/2024,15:00,LFSTH_RN, 17.06,N
01/21/2024,15:00,LGDRAW_S_ALL, 15.63,N
01/21/2024,15:00,LGD_LANGFORD, 13.94,N
01/21/2024,15:00,LGE_CC1, 17.6,N
01/21/2024,15:00,LGE_LGE_GT1, 17.6,N
01/21/2024,15:00,LGE_LGE_GT2, 17.6,N
01/21/2024,15:00,LGE_LGE_STG, 17.6,N
01/21/2024,15:00,LGE_PUN1, 17.6,N
01/21/2024,15:00,LGE_PUN2, 17.6,N
01/21/2024,15:00,LGW_UNIT_ALL, 17.84,N
01/21/2024,15:00,LHM_CVC_G4, 17.4,N
01/21/2024,15:00,LHM_PUN1, 17.4,N
01/21/2024,15:00,LHM_PUN2, 17.4,N
01/21/2024,15:00,LHORN_N_U1_2, 7.63,N
01/21/2024,15:00,LHSES_UNIT1, 16.99,N
01/21/2024,15:00,LHSES_UNIT2, 16.99,N
01/21/2024,15:00,LIG_RN, 17.39,N
01/21/2024,15:00,LILY_RN, 17.01,N
01/21/2024,15:00,LMAJADAS_ALL, 17.62,N
01/21/2024,15:00,LMO_ESR_RN, 17.3,N
01/21/2024,15:00,LNCRK_ALL, 15.75,N
01/21/2024,15:00,LONESTAR_RN, 15.37,N
01/21/2024,15:00,LONEWOLF_ALL, 15.56,N
01/21/2024,15:00,LON_RN1, 17.46,N
01/21/2024,15:00,LOSTPI_CC1, 17.73,N
01/21/2024,15:00,LOS_LOSTPGT1, 17.73,N
01/21/2024,15:00,LOS_LOSTPGT2, 17.73,N
01/21/2024,15:00,LOS_LOSTPST1, 17.73,N
01/21/2024,15:00,LPCCS_CC1, 16.96,N
01/21/2024,15:00,LPCCS_CC2, 16.96,N
01/21/2024,15:00,LPCCS_CT11, 16.96,N
01/21/2024,15:00,LPCCS_CT12, 16.96,N
01/21/2024,15:00,LPCCS_CT21, 16.96,N
01/21/2024,15:00,LPCCS_CT22, 16.96,N
01/21/2024,15:00,LPCCS_UNIT1, 16.96,N
01/21/2024,15:00,LPCCS_UNIT2, 16.96,N
01/21/2024,15:00,LV1A_LV1B, 17.62,N
01/21/2024,15:00,LV3_RN, 17.62,N
01/21/2024,15:00,LV3_UNIT1, 17.63,N
01/21/2024,15:00,LV4_UNIT_1, 17.63,N
01/21/2024,15:00,LV5_UNIT1, 17.62,N
01/21/2024,15:00,LZ_AEN, 17.9,N
01/21/2024,15:00,LZ_CPS, 18.18,N
01/21/2024,15:00,LZ_HOUSTON, 17.42,N
01/21/2024,15:00,LZ_LCRA, 18.5,N
01/21/2024,15:00,LZ_NORTH, 17.02,N
01/21/2024,15:00,LZ_RAYBN, 16.99,N
01/21/2024,15:00,LZ_SOUTH, 17.79,N
01/21/2024,15:00,LZ_WEST, 15.43,N
01/21/2024,15:00,L_FRE_ESR_RN, 17.62,N
01/21/2024,15:00,MADERO_RN, 17.62,N
01/21/2024,15:00,MAINLAND_RN, 17.43,N
01/21/2024,15:00,MARBFA, 19.19,N
01/21/2024,15:00,MARIAH_ALL, 7.62,N
01/21/2024,15:00,MAR_MARSFOG1, 17.99,N
01/21/2024,15:00,MAR_MARSFOG2, 17.99,N
01/21/2024,15:00,MAR_MARSFOG3, 17.99,N
01/21/2024,15:00,MASSENGL_CC1, 15.77,N
01/21/2024,15:00,MASSENGL_G6, 15.76,N
01/21/2024,15:00,MASSENGL_G7, 15.76,N
01/21/2024,15:00,MASSENGL_G8, 15.77,N
01/21/2024,15:00,MAVCRK_W_ALL, 15.37,N
01/21/2024,15:00,MCDLD_FCSBW1, 15.5,N
01/21/2024,15:00,MCLNSLR_RN, 17.71,N
01/21/2024,15:00,MCSES_UNIT6, 16.99,N
01/21/2024,15:00,MCSES_UNIT7, 16.99,N
01/21/2024,15:00,MCSES_UNIT8, 16.99,N
01/21/2024,15:00,MDANP_CT1_2, 17.01,N
01/21/2024,15:00,MDANP_CT3_4, 17,N
01/21/2024,15:00,MDANP_CT5_6, 17.01,N
01/21/2024,15:00,MERCURY_ALL, 17.09,N
01/21/2024,15:00,MESQCRK_ALL, 15.63,N
01/21/2024,15:00,MESTENO_RN, 17.63,N
01/21/2024,15:00,MGSES_CT123, 15.56,N
01/21/2024,15:00,MGSES_CT456, 15.56,N
01/21/2024,15:00,MIAM1_G1_G2, 7.65,N
01/21/2024,15:00,MIDWY_RN, 15.41,N
01/21/2024,15:00,MIL_MILG1_2, 16.85,N
01/21/2024,15:00,MIL_MILG345, 16.85,N
01/21/2024,15:00,MIRAGE_G1, 17.41,N
01/21/2024,15:00,MIRASOLE_GEN, 17.62,N
01/21/2024,15:00,MISAE_GEN_RN, 7.68,N
01/21/2024,15:00,MLSES_UNIT1, 17.04,N
01/21/2024,15:00,MLSES_UNIT2, 17.04,N
01/21/2024,15:00,MLSES_UNIT3, 17.04,N
01/21/2024,15:00,MNWL_BESS_RN, 16.79,N
01/21/2024,15:00,MOZART_WIND1, 15.69,N
01/21/2024,15:00,MUSTNGCK_ALL, 17.66,N
01/21/2024,15:00,MV_VALV4_RN, 17.62,N
01/21/2024,15:00,MWEC_G1, 15.71,N
01/21/2024,15:00,MYRY_ESR_RN, 17.62,N
01/21/2024,15:00,MYR_ALL, 17.47,N
01/21/2024,15:00,NACPW_UNIT1, 17.06,N
01/21/2024,15:00,NBOHR_RN, 15.46,N
01/21/2024,15:00,NCARBIDEG8, 17.6,N
01/21/2024,15:00,NCARBIDE_1_7, 17.6,N
01/21/2024,15:00,NCARBID_PUN1, 17.6,N
01/21/2024,15:00,NCARBID_PUN2, 17.6,N
01/21/2024,15:00,NCO_RN, 17.49,N
01/21/2024,15:00,NEBULA_RN, 17.62,N
01/21/2024,15:00,NEDIN_CC1, 17.46,N
01/21/2024,15:00,NED_NEDIN_G1, 17.62,N
01/21/2024,15:00,NED_NEDIN_G2, 17.37,N
01/21/2024,15:00,NED_NEDIN_G3, 17.37,N
01/21/2024,15:00,NF_BRP_RN, 18.04,N
01/21/2024,15:00,NOBLESLR_ALL, 16.9,N
01/21/2024,15:00,NOVA1SLR_ALL, 15.81,N
01/21/2024,15:00,NOVA2S_UNIT1, 15.81,N
01/21/2024,15:00,NUECES_B_CC1, 17.61,N
01/21/2024,15:00,NUE_NUECESG7, 17.61,N
01/21/2024,15:00,NUE_NUECESG8, 17.61,N
01/21/2024,15:00,NUE_NUECESG9, 17.61,N
01/21/2024,15:00,NWF_NWF1, 15.42,N
01/21/2024,15:00,N_AL_BESS_RN, 17.62,N
01/21/2024,15:00,N_MRD_ESR_RN, 17.62,N
01/21/2024,15:00,OBERON_U1, 15.41,N
01/21/2024,15:00,ODESW_RN, 15.42,N
01/21/2024,15:00,OECCS_1, 15.43,N
01/21/2024,15:00,OECCS_2, 15.43,N
01/21/2024,15:00,OECCS_CC1, 15.43,N
01/21/2024,15:00,OECCS_CC2, 15.43,N
01/21/2024,15:00,OGSES_1, 17.26,N
01/21/2024,15:00,OGSES_2, 17.26,N
01/21/2024,15:00,OLIN_OLING_1, 16.98,N
01/21/2024,15:00,OLIN_OLING_2, 16.98,N
01/21/2024,15:00,OLIN_OLING_3, 16.98,N
01/21/2024,15:00,OLIN_OLING_4, 16.98,N
01/21/2024,15:00,OLNEYTN_RN, 16.16,N
01/21/2024,15:00,OR_BESS_RN, 17.51,N
01/21/2024,15:00,OWF_OWF, 15.49,N
01/21/2024,15:00,OXY_OXY_CCG1, 17.61,N
01/21/2024,15:00,OXY_PUN1, 17.61,N
01/21/2024,15:00,OXY_PUN2, 17.61,N
01/21/2024,15:00,PALE_ESS_EN, 15.79,N
01/21/2024,15:00,PALMWI_UNIT1, 17.59,N
01/21/2024,15:00,PANDA_S_CC1, 16.95,N
01/21/2024,15:00,PANDA_S_CT1, 16.95,N
01/21/2024,15:00,PANDA_S_CT2, 16.95,N
01/21/2024,15:00,PANDA_S_ST1, 16.95,N
01/21/2024,15:00,PANDA_T1_CC1, 17.34,N
01/21/2024,15:00,PANDA_T1_CT1, 17.34,N
01/21/2024,15:00,PANDA_T1_CT2, 17.34,N
01/21/2024,15:00,PANDA_T1_ST1, 17.34,N
01/21/2024,15:00,PANDA_T2_CC1, 17.34,N
01/21/2024,15:00,PANDA_T2_CT1, 17.34,N
01/21/2024,15:00,PANDA_T2_CT2, 17.34,N
01/21/2024,15:00,PANDA_T2_ST1, 17.34,N
01/21/2024,15:00,PAP1_PAP1, 17.6,N
01/21/2024,15:00,PAULN_RN, 17.05,N
01/21/2024,15:00,PAVLOV_BT_RN, 18.2,N
01/21/2024,15:00,PAVO_ESS_ALL, 15.27,N
01/21/2024,15:00,PB2SES_CT1, 15.39,N
01/21/2024,15:00,PB2SES_CT2, 15.39,N
01/21/2024,15:00,PB2SES_CT3, 15.39,N
01/21/2024,15:00,PB2SES_CT4, 15.39,N
01/21/2024,15:00,PB2SES_CT5, 15.39,N
01/21/2024,15:00,PC_NORTH_1, 15.48,N
01/21/2024,15:00,PC_SOUTH_ALL, 15.48,N
01/21/2024,15:00,PEARSA_1_24, 17.86,N
01/21/2024,15:00,PENA_ALL, 17.61,N
01/21/2024,15:00,PES1_RN, 17.43,N
01/21/2024,15:00,PEY_RN, 17.49,N
01/21/2024,15:00,PH1_UNIT1_2, 7.64,N
01/21/2024,15:00,PH2_U1_U2, 7.64,N
01/21/2024,15:00,PHILLWND_ALL, 17.2,N
01/21/2024,15:00,PHOEBE_ALL, 15.4,N
01/21/2024,15:00,PHOENIX_RN, 16.96,N
01/21/2024,15:00,PHO_ALL, 17.48,N
01/21/2024,15:00,PIONR_DJ_RN, 15.43,N
01/21/2024,15:00,PISG_RN_ALL, 17.09,N
01/21/2024,15:00,PITSDD_UNIT1, 17.08,N
01/21/2024,15:00,PLN_ALL, 17.5,N
01/21/2024,15:00,PNPI_GT2_RN, 17.45,N
01/21/2024,15:00,PORTSL_UNIT1, 16.09,N
01/21/2024,15:00,POTSVIL_RN, 17.43,N
01/21/2024,15:00,PRID_RN, 15.94,N
01/21/2024,15:00,PROSPERO_ALL, 15.44,N
01/21/2024,15:00,PRO_RN, 17.43,N
01/21/2024,15:00,PRSPERO2_ALL, 15.44,N
01/21/2024,15:00,PR_PR_ALL, 17.4,N
01/21/2024,15:00,PR_PR_G2, 17.4,N
01/21/2024,15:00,PSA_CC1, 17.4,N
01/21/2024,15:00,PSA_PSA_G1, 17.4,N
01/21/2024,15:00,PSA_PSA_G2, 17.4,N
01/21/2024,15:00,PSA_PSA_G3, 17.4,N
01/21/2024,15:00,PSA_PSA_G4, 17.4,N
01/21/2024,15:00,PSA_PSA_G5, 17.4,N
01/21/2024,15:00,PSA_PSA_G6, 17.4,N
01/21/2024,15:00,PSA_PSA_G7, 17.4,N
01/21/2024,15:00,PSA_PUN1, 17.4,N
01/21/2024,15:00,PSA_PUN2, 17.4,N
01/21/2024,15:00,PSA_PUN3, 17.4,N
01/21/2024,15:00,PSA_PUN4, 17.4,N
01/21/2024,15:00,PSA_PUN5, 17.4,N
01/21/2024,15:00,PSG_CC1, 17.4,N
01/21/2024,15:00,PSG_PSG_GT2, 17.4,N
01/21/2024,15:00,PSG_PSG_GT3, 17.4,N
01/21/2024,15:00,PSG_PSG_ST1, 17.4,N
01/21/2024,15:00,PTLBES_BESS1, 17.6,N
01/21/2024,15:00,PYR_PYRON1, 15.67,N
01/21/2024,15:00,QALSW_ALL, 15.43,N
01/21/2024,15:00,QALSW_CC1, 15.43,N
01/21/2024,15:00,QALSW_CC2, 15.43,N
01/21/2024,15:00,QUEEN_BA_RN, 15.3,N
01/21/2024,15:00,QUEEN_SL_RN, 15.3,N
01/21/2024,15:00,RAB_G1-8, 17.43,N
01/21/2024,15:00,RADN_SLR_ALL, 15.62,N
01/21/2024,15:00,RAMBLER_UNIT, 15.14,N
01/21/2024,15:00,RANCHERO_ALL, 10.85,N
01/21/2024,15:00,RAT_RN_1, 13.71,N
01/21/2024,15:00,RAYBURN_CC1, 17.61,N
01/21/2024,15:00,RAYB_G78910, 17.61,N
01/21/2024,15:00,RBN_BESS1, 17.46,N
01/21/2024,15:00,RDCAN_RDCNY1, 15.69,N
01/21/2024,15:00,REDBARN_RN, 15.22,N
01/21/2024,15:00,REDFISH_ALL, 17.62,N
01/21/2024,15:00,REDGATE_ALL, 17.62,N
01/21/2024,15:00,REDGATE_RN, 17.62,N
01/21/2024,15:00,RELOJ_ALL, 17.63,N
01/21/2024,15:00,REROCK_ALL, 15.3,N
01/21/2024,15:00,RHESS2_ESS1, 17.71,N
01/21/2024,15:00,RIGGIN_UNIT1, 15.3,N
01/21/2024,15:00,RIOG_ESR_RN, 17.63,N
01/21/2024,15:00,RIONOG_CC1, 17.82,N
01/21/2024,15:00,RIONOG_CT1, 17.82,N
01/21/2024,15:00,RIONOG_CT2, 17.82,N
01/21/2024,15:00,RIONOG_CT3, 17.82,N
01/21/2024,15:00,RIONOG_ST1, 17.82,N
01/21/2024,15:00,RIPPEY_ALL, 16.88,N
01/21/2024,15:00,RN_APOGEE, 15.8,N
01/21/2024,15:00,RN_BYU_G8, 17.41,N
01/21/2024,15:00,RN_DEC_AGR_A, 16.91,N
01/21/2024,15:00,RN_DEC_AGR_B, 16.91,N
01/21/2024,15:00,RN_DEC_AGR_C, 16.91,N
01/21/2024,15:00,RN_DEC_AGR_D, 16.91,N
01/21/2024,15:00,RN_ECEC_HOLT, 15.43,N
01/21/2024,15:00,RN_OCI_ALAMO, 18.48,N
01/21/2024,15:00,RN_RTS1, 15.49,N
01/21/2024,15:00,RN_SR_WIND1, 17.62,N
01/21/2024,15:00,RN_TOSBATT, 5.07,N
01/21/2024,15:00,ROSELAND_ALL, 17.2,N
01/21/2024,15:00,ROUTE66_RN, 7.64,N
01/21/2024,15:00,ROW_ALL, 17.45,N
01/21/2024,15:00,RPUBRDS_RN, 17.32,N
01/21/2024,15:00,RRANCHES_ALL, 15.36,N
01/21/2024,15:00,RRC_WIND_ALL, 16.08,N
01/21/2024,15:00,RSK_RN, 15.46,N
01/21/2024,15:00,RTLSNAKE_BT, 15.37,N
01/21/2024,15:00,RUSSEKST_RN, 15.07,N
01/21/2024,15:00,RVRVLYS_ALL, 17.64,N
01/21/2024,15:00,SADLBACK_RN, 15.34,N
01/21/2024,15:00,SALVTION_GEN, 15.91,N
01/21/2024,15:00,SAMSON_ALL, 16.97,N
01/21/2024,15:00,SANDHSYD1_2, 17.88,N
01/21/2024,15:00,SANDHSYD3_4, 17.88,N
01/21/2024,15:00,SANDHSYD6_7, 17.88,N
01/21/2024,15:00,SANDHSYD_5AC, 17.88,N
01/21/2024,15:00,SANDHSYD_CC1, 17.88,N
01/21/2024,15:00,SANTACRU_ALL, 17.61,N
01/21/2024,15:00,SAN_SANMIGG1, 17.66,N
01/21/2024,15:00,SBEAN_BESS, 15.36,N
01/21/2024,15:00,SBE_RN_1, 17.56,N
01/21/2024,15:00,SC2SES_UNIT1, 17.06,N
01/21/2024,15:00,SCES_UNIT1, 17.2,N
01/21/2024,15:00,SCLP_PUN1, 17.49,N
01/21/2024,15:00,SCLP_PUN2, 17.49,N
01/21/2024,15:00,SCLP_PUN3, 17.49,N
01/21/2024,15:00,SCLP_PUN4, 17.49,N
01/21/2024,15:00,SCLP_SCLPC_1, 17.49,N
01/21/2024,15:00,SCLP_SCLPC_2, 17.49,N
01/21/2024,15:00,SCLP_SCLPC_3, 17.49,N
01/21/2024,15:00,SCLP_SCLPC_4, 17.49,N
01/21/2024,15:00,SCSES_UNIT2, 17.06,N
01/21/2024,15:00,SDSES_PUN1, 17.54,N
01/21/2024,15:00,SDSES_PUN3, 17.54,N
01/21/2024,15:00,SENATEWD_1, 16,N
01/21/2024,15:00,SGM_SIGNALMT, 15.47,N
01/21/2024,15:00,SGSA_DGR, 15.3,N
01/21/2024,15:00,SG_BES_BESS1, 15.3,N
01/21/2024,15:00,SHAFFER_ALL, 17.61,N
01/21/2024,15:00,SHAMROCK_RN, 10.83,N
01/21/2024,15:00,SHANNONW_RN, 16.01,N
01/21/2024,15:00,SHEEPCRK_1, 16.08,N
01/21/2024,15:00,SILASRAY_CC1, 18.64,N
01/21/2024,15:00,SIL_SILAS_10, 18.64,N
01/21/2024,15:00,SIL_SILAS_6, 18.64,N
01/21/2024,15:00,SIL_SILAS_9, 18.64,N
01/21/2024,15:00,SIRIUS_UNIT1, 15.25,N
01/21/2024,15:00,SJS_SJS_G1, 17.41,N
01/21/2024,15:00,SJS_SJS_G2, 17.41,N
01/21/2024,15:00,SKY1, 17.7,N
01/21/2024,15:00,SLCN_ESS_ALL, 17.7,N
01/21/2024,15:00,SLTFRK_UN1_2, 7.65,N
01/21/2024,15:00,SL_PUN1, 17.4,N
01/21/2024,15:00,SL_PUN2, 17.4,N
01/21/2024,15:00,SNY_BESS_RN, 15.65,N
01/21/2024,15:00,SOLARA_UNIT1, 15.73,N
01/21/2024,15:00,SPARTA_ALL, 17.6,N
01/21/2024,15:00,SPLAIN1_RN, 7.62,N
01/21/2024,15:00,SPLAIN2_RN, 7.62,N
01/21/2024,15:00,SPNC_SPNCE_4, 16.92,N
01/21/2024,15:00,SPNC_SPNCE_5, 16.92,N
01/21/2024,15:00,SPTX12B_RN, 15.28,N
01/21/2024,15:00,SROSA_ESR_RN, 17.62,N
01/21/2024,15:00,SRWE1_UNIT1, 15.63,N
01/21/2024,15:00,SSPURT_WIND1, 7.63,N
01/21/2024,15:00,STAM_SLR_ALL, 16.97,N
01/21/2024,15:00,STEAM_ENG123, 16.98,N
01/21/2024,15:00,STEA_STEAM_1, 16.98,N
01/21/2024,15:00,STEA_STEAM_2, 16.98,N
01/21/2024,15:00,STEA_STEAM_3, 16.98,N
01/21/2024,15:00,STELLA_RN, 17.61,N
01/21/2024,15:00,STP_STP_G1, 17.5,N
01/21/2024,15:00,STP_STP_G2, 17.5,N
01/21/2024,15:00,STRATEGC_RN, 17.05,N
01/21/2024,15:00,STWF_T1, 15.61,N
01/21/2024,15:00,SUNVASLR_ALL, 17.1,N
01/21/2024,15:00,SWEC_G1, 15.5,N
01/21/2024,15:00,SWEETWN2_2_4, 15.61,N
01/21/2024,15:00,SWEETWN3_3, 15.61,N
01/21/2024,15:00,SWEETWND_1, 15.61,N
01/21/2024,15:00,SWOOSE1_U1, 15.38,N
01/21/2024,15:00,SWOOSEII_RN, 15.38,N
01/21/2024,15:00,SWTWN4_WND45, 15.61,N
01/21/2024,15:00,SWT_BESS_RN, 15.61,N
01/21/2024,15:00,S_HILLS_RN, 16.11,N
01/21/2024,15:00,TAHOKA_ALL, 15.67,N
01/21/2024,15:00,TAV_RN, 17.51,N
01/21/2024,15:00,TAYGETE2_ALL, 15.32,N
01/21/2024,15:00,TAYGETE_ALL, 15.32,N
01/21/2024,15:00,TBWF_ES_BES1, 15.28,N
01/21/2024,15:00,TC_PUN1, 17.41,N
01/21/2024,15:00,TC_PUN2, 17.41,N
01/21/2024,15:00,TC_TCHP1, 17.41,N
01/21/2024,15:00,TEN_CC1, 16.98,N
01/21/2024,15:00,TEN_CT1_STG, 16.98,N
01/21/2024,15:00,TGCCS_ALL, 17.05,N
01/21/2024,15:00,TGCCS_CC1, 17.05,N
01/21/2024,15:00,TGF_TGFGT, 17.6,N
01/21/2024,15:00,TGS_GT01, 17.6,N
01/21/2024,15:00,TGW_T1_T2, 17.61,N
01/21/2024,15:00,THW_1_CCU, 17.39,N
01/21/2024,15:00,THW_2_CCU, 17.39,N
01/21/2024,15:00,THW_CC1, 17.39,N
01/21/2024,15:00,THW_CC2, 17.39,N
01/21/2024,15:00,THW_THWGT5X, 17.39,N
01/21/2024,15:00,THW_THWGT_1, 17.39,N
01/21/2024,15:00,TI_SOLAR_ALL, 15.36,N
01/21/2024,15:00,TKWSW_CHAMP, 15.67,N
01/21/2024,15:00,TKWSW_ROSCOE, 15.67,N
01/21/2024,15:00,TNP_TNP_O_1, 17.29,N
01/21/2024,15:00,TNP_TNP_O_2, 17.29,N
01/21/2024,15:00,TNSKA_CC1, 16.97,N
01/21/2024,15:00,TNSKA_CCU, 16.97,N
01/21/2024,15:00,TOPAZ_ALL, 17.42,N
01/21/2024,15:00,TORR_ALL, 17.64,N
01/21/2024,15:00,TORT_ESS_RN, 17.43,N
01/21/2024,15:00,TOYAH_RN, 15.3,N
01/21/2024,15:00,TREB_SOLAR1, 17.56,N
01/21/2024,15:00,TRENT_TRENT, 15.61,N
01/21/2024,15:00,TRINITY_ALL, 15.97,N
01/21/2024,15:00,TRIPBUT1_RN, 15.3,N
01/21/2024,15:00,TRSES_UNIT6, 17.06,N
01/21/2024,15:00,TRUENO_ALL, 17.62,N
01/21/2024,15:00,TRUSGILL_RN, 15.91,N
01/21/2024,15:00,TTRSW_RN, 16.97,N
01/21/2024,15:00,TTWEC_G1, 15.27,N
01/21/2024,15:00,TURQ_BESS1, 16.98,N
01/21/2024,15:00,TV_RN, 17.45,N
01/21/2024,15:00,TXCTY_CC1, 17.42,N
01/21/2024,15:00,TXCTY_CTA, 17.42,N
01/21/2024,15:00,TXCTY_CTB, 17.42,N
01/21/2024,15:00,TXCTY_CTC, 17.42,N
01/21/2024,15:00,TXCTY_ST, 17.42,N
01/21/2024,15:00,TYLRWIND_RN, 16.81,N
01/21/2024,15:00,T_CK_GT2_RN, 15.75,N
01/21/2024,15:00,T_CK_GT3_RN, 15.75,N
01/21/2024,15:00,UCC_COG_PUN2, 17.42,N
01/21/2024,15:00,UCC_UCC_C_2, 17.42,N
01/21/2024,15:00,VANCOURT_RN, 17.62,N
01/21/2024,15:00,VENADO_ALL, 17.63,N
01/21/2024,15:00,VERAWIND_ALL, 15.91,N
01/21/2024,15:00,VERTIGO_UN1, 15.86,N
01/21/2024,15:00,VICTORIA_CC1, 17.6,N
01/21/2024,15:00,VICTPORT_RN, 17.6,N
01/21/2024,15:00,VIC_VICTORG5, 17.6,N
01/21/2024,15:00,VIC_VICTORG6, 17.6,N
01/21/2024,15:00,VISION_RN, 17.07,N
01/21/2024,15:00,VLSES_UNIT3, 16.96,N
01/21/2024,15:00,VORT_ALL_RN, 15.94,N
01/21/2024,15:00,WAKEWE_ALL, 15.84,N
01/21/2024,15:00,WAP_WAPGT_1, 17.45,N
01/21/2024,15:00,WAP_WAP_G1, 17.45,N
01/21/2024,15:00,WAP_WAP_G2, 17.45,N
01/21/2024,15:00,WAP_WAP_G3, 17.45,N
01/21/2024,15:00,WAP_WAP_G4, 17.45,N
01/21/2024,15:00,WAP_WAP_G5, 17.45,N
01/21/2024,15:00,WAP_WAP_G6, 17.43,N
01/21/2024,15:00,WAP_WAP_G7, 17.43,N
01/21/2024,15:00,WAP_WAP_G8, 17.43,N
01/21/2024,15:00,WAYMARK_RN, 15.22,N
01/21/2024,15:00,WCPP_CC1, 16.86,N
01/21/2024,15:00,WCPP_CT1, 16.86,N
01/21/2024,15:00,WCPP_CT2, 16.86,N
01/21/2024,15:00,WCPP_ST1, 16.86,N
01/21/2024,15:00,WEBBER_WS_T1, 17.77,N
01/21/2024,15:00,WEC_WECG1, 15.79,N
01/21/2024,15:00,WES_ALL, 17.49,N
01/21/2024,15:00,WFCOGEN_13, 16.02,N
01/21/2024,15:00,WFCOGEN_24, 16.02,N
01/21/2024,15:00,WFCOGEN_CC1, 16.02,N
01/21/2024,15:00,WFTANK_ESS1, 17.64,N
01/21/2024,15:00,WGU_RN, 17.48,N
01/21/2024,15:00,WHCCS2_4, 16.94,N
01/21/2024,15:00,WHCCS2_5_6, 16.94,N
01/21/2024,15:00,WHCCS2_CC2, 16.94,N
01/21/2024,15:00,WHCCS_CC1, 16.94,N
01/21/2024,15:00,WHCCS_CT1_ST, 16.94,N
01/21/2024,15:00,WHCCS_CT2, 16.94,N
01/21/2024,15:00,WHITE_PT_UN1, 17.6,N
01/21/2024,15:00,WHMESA_U1, 10.81,N
01/21/2024,15:00,WHTTAIL_WR1, 16.79,N
01/21/2024,15:00,WH_WIND_ALL, 15.76,N
01/21/2024,15:00,WILDWIND_ALL, 16.91,N
01/21/2024,15:00,WIPOPA_1_2, 17.73,N
01/21/2024,15:00,WIPOPA_3_4, 17.73,N
01/21/2024,15:00,WIR_WIRTZ_G1, 19.06,N
01/21/2024,15:00,WIR_WIRTZ_G2, 19.06,N
01/21/2024,15:00,WLTC_ESR_RN, 17.61,N
01/21/2024,15:00,WL_RANCH_RN, 14.85,N
01/21/2024,15:00,WNDTS2_UNIT1, 16.23,N
01/21/2024,15:00,WND_WHITNEY, 17.14,N
01/21/2024,15:00,WOODWRD1_RN, 15.27,N
01/21/2024,15:00,WOODWRD2_RN, 15.27,N
01/21/2024,15:00,WOV_BESS_RN, 15.43,N
01/21/2024,15:00,WRSBES_BESS1, 15.36,N
01/21/2024,15:00,W_HRL_ESR_RN, 17.62,N
01/21/2024,15:00,W_PECO_UNIT1, 15.37,N
01/21/2024,15:00,X443ESRN, 18.86,N
01/21/2024,15:00,YNG_WND_ALL, 15.97,N
01/21/2024,15:00,ZIER_SLR_ALL, 17.33,N
01/21/2024,16:00,7RNCHSLR_ALL, 17.7,N
01/21/2024,16:00,AEEC, 15.8,N
01/21/2024,16:00,AGUAYO_UNIT1, 16.08,N
01/21/2024,16:00,AJAXWIND_RN, 15.96,N
01/21/2024,16:00,ALGOD_ALL_RN, 17.56,N
01/21/2024,16:00,ALVIN_RN, 17.38,N
01/21/2024,16:00,AMADEUS_ALL, 15.87,N
01/21/2024,16:00,AMISTAD_ALL, 16.75,N
01/21/2024,16:00,AMOCOOIL_CC1, 17.37,N
01/21/2024,16:00,AMOCOOIL_CC2, 17.37,N
01/21/2024,16:00,AMOCO_PUN1, 17.37,N
01/21/2024,16:00,AMOCO_PUN2, 17.37,N
01/21/2024,16:00,AMO_AMOCO_1, 17.37,N
01/21/2024,16:00,AMO_AMOCO_2, 17.37,N
01/21/2024,16:00,AMO_AMOCO_5, 17.37,N
01/21/2024,16:00,AMO_AMOCO_G1, 17.37,N
01/21/2024,16:00,AMO_AMOCO_G2, 17.37,N
01/21/2024,16:00,AMO_AMOCO_G3, 17.37,N
01/21/2024,16:00,AMO_AMOCO_S1, 17.37,N
01/21/2024,16:00,AMO_AMOCO_S2, 17.37,N
01/21/2024,16:00,ANACACHO_ANA, 17.42,N
01/21/2024,16:00,ANCHOR_ALL, 16.07,N
01/21/2024,16:00,ANDMDSLR_ALL, 15.84,N
01/21/2024,16:00,ANEM_ESS_RN, 17.59,N
01/21/2024,16:00,ANG_ALL, 15.19,N
01/21/2024,16:00,ANSON1_ALL, 15.88,N
01/21/2024,16:00,APPALOSA_ALL, 15.2,N
01/21/2024,16:00,AQUI_ALL, 17.03,N
01/21/2024,16:00,ARAGORN_RN, 15.39,N
01/21/2024,16:00,ASTRA_RN, 7.06,N
01/21/2024,16:00,ATK_ATKINSG7, 17.24,N
01/21/2024,16:00,AURO_SLR_RN, 17.26,N
01/21/2024,16:00,AUSTPL_ALL, 17.85,N
01/21/2024,16:00,AVIAT_ALL, 15.34,N
01/21/2024,16:00,AZURE_RN, 15.92,N
01/21/2024,16:00,AZ_ALL, 17.35,N
01/21/2024,16:00,BAC_RN_ALL, 17.37,N
01/21/2024,16:00,BAFFIN_ALL, 17.57,N
01/21/2024,16:00,BAIRDWND_ALL, 16,N
01/21/2024,16:00,BARROW_ALL, 15.46,N
01/21/2024,16:00,BASTEN_CC1, 17.74,N
01/21/2024,16:00,BASTEN_CCU, 17.74,N
01/21/2024,16:00,BATCAVE_RN, 23.67,N
01/21/2024,16:00,BAYC_BESS_RN, 17.98,N
01/21/2024,16:00,BBREEZE_1_2, 17.58,N
01/21/2024,16:00,BCATWD_WD_1, 16.05,N
01/21/2024,16:00,BCH_RN, 17.42,N
01/21/2024,16:00,BCK_RN, 17.4,N
01/21/2024,16:00,BELM_SLR_RN, 17.27,N
01/21/2024,16:00,BIGSTAR_ALL, 17.73,N
01/21/2024,16:00,BLACKJAK_RN, 17.57,N
01/21/2024,16:00,BLSMT1_5_A_6, 15.92,N
01/21/2024,16:00,BLUEJAY_RN, 17.24,N
01/21/2024,16:00,BOARDCRK_ALL, 17.03,N
01/21/2024,16:00,BOOTLEG_UN1, 15.24,N
01/21/2024,16:00,BORDAS_345, 17.6,N
01/21/2024,16:00,BOSQUESW_CC1, 17.08,N
01/21/2024,16:00,BOSQUESW_CC2, 17.1,N
01/21/2024,16:00,BOSQ_BSQSU_5, 17.1,N
01/21/2024,16:00,BOSQ_BSQS_12, 17.1,N
01/21/2024,16:00,BOSQ_BSQS_34, 17.08,N
01/21/2024,16:00,BRANDON_RN, 15.78,N
01/21/2024,16:00,BRAUNIG_CC1, 17.22,N
01/21/2024,16:00,BRAUNIG_VHB1, 18.39,N
01/21/2024,16:00,BRAUNIG_VHB2, 18.39,N
01/21/2024,16:00,BRAUNIG_VHB3, 18.54,N
01/21/2024,16:00,BRAZ_WND_ALL, 15.7,N
01/21/2024,16:00,BRA_AVR1_CT2, 17.22,N
01/21/2024,16:00,BRA_AVR_CST1, 17.22,N
01/21/2024,16:00,BRHEIGHT_RN, 17.37,N
01/21/2024,16:00,BRIGHTSD_RN, 17.65,N
01/21/2024,16:00,BRIGHTSD_U1, 17.66,N
01/21/2024,16:00,BRISCOE_WIND, 7.07,N
01/21/2024,16:00,BRPANGLE_RN, 17.45,N
01/21/2024,16:00,BRPMAGNO_RN, 17.38,N
01/21/2024,16:00,BRP_BRAZ_RN, 17.45,N
01/21/2024,16:00,BRP_DIKN_RN, 17.37,N
01/21/2024,16:00,BRP_LOOP_RN, 17.59,N
01/21/2024,16:00,BRP_LOP1_RN, 17.65,N
01/21/2024,16:00,BRP_PBL1_RN, 37.56,N
01/21/2024,16:00,BRP_PBL2_RN, 37.56,N
01/21/2024,16:00,BRP_RN_UNIT1, 17.91,N
01/21/2024,16:00,BRP_SEMI_RN, 17.38,N
01/21/2024,16:00,BRP_SWNY_RN, 17.46,N
01/21/2024,16:00,BRP_ZPT1_RN, 17.66,N
01/21/2024,16:00,BRP_ZPT2_RN, 17.66,N
01/21/2024,16:00,BRTSW_BCW1, 16.46,N
01/21/2024,16:00,BR_ARROW_ALL, 16.91,N
01/21/2024,16:00,BR_VHB6CT5_6, 18.39,N
01/21/2024,16:00,BR_VHB6CT7_8, 18.39,N
01/21/2024,16:00,BSS_U1, 17.46,N
01/21/2024,16:00,BTE_BTE_G1, 17.35,N
01/21/2024,16:00,BTE_BTE_G2, 17.35,N
01/21/2024,16:00,BTE_BTE_G3, 17.35,N
01/21/2024,16:00,BTE_BTE_G4, 17.35,N
01/21/2024,16:00,BTE_CC1, 17.35,N
01/21/2024,16:00,BTE_PUN1, 17.35,N
01/21/2024,16:00,BTE_PUN2, 17.35,N
01/21/2024,16:00,BTM_ALL, 17.41,N
01/21/2024,16:00,BUCHAN_ALL, 18.63,N
01/21/2024,16:00,BUCKTHRN_RN, 16.74,N
01/21/2024,16:00,BUFF_GAP_ALL, 15.61,N
01/21/2024,16:00,BULLCRK_1_2, 15.67,N
01/21/2024,16:00,BVE_CC1, 17.38,N
01/21/2024,16:00,BVE_UNIT1, 17.38,N
01/21/2024,16:00,BVE_UNIT2, 17.38,N
01/21/2024,16:00,BVE_UNIT3, 17.38,N
01/21/2024,16:00,BYRDR_ES_ALL, 17.46,N
01/21/2024,16:00,BYU_BYU_1, 17.36,N
01/21/2024,16:00,BYU_BYU_12, 17.36,N
01/21/2024,16:00,BYU_BYU_34, 17.36,N
01/21/2024,16:00,BYU_BYU_G8, 17.36,N
01/21/2024,16:00,BYU_CC1, 17.36,N
01/21/2024,16:00,BYU_G4_RN, 17.36,N
01/21/2024,16:00,BYU_PUN1, 17.36,N
01/21/2024,16:00,BYU_PUN2, 17.36,N
01/21/2024,16:00,BYU_PUN3, 17.36,N
01/21/2024,16:00,BYU_PUN4, 17.36,N
01/21/2024,16:00,B_DAVIS_3, 17.57,N
01/21/2024,16:00,B_DAVIS_4, 17.57,N
01/21/2024,16:00,B_DAVIS_CC1, 17.57,N
01/21/2024,16:00,B_D_B_DAVIG1, 17.57,N
01/21/2024,16:00,B_D_B_DAVIG2, 17.57,N
01/21/2024,16:00,CABEZON_ALL, 17.59,N
01/21/2024,16:00,CALAVER_JKS1, 17.4,N
01/21/2024,16:00,CALAVER_JKS2, 17.4,N
01/21/2024,16:00,CALAVER_JTD1, 18.33,N
01/21/2024,16:00,CALAVER_JTD2, 18.33,N
01/21/2024,16:00,CALAVER_OWS1, 18.43,N
01/21/2024,16:00,CALAVER_OWS2, 18.43,N
01/21/2024,16:00,CALHOUN_ALL, 17.52,N
01/21/2024,16:00,CALLAHA_WND1, 15.51,N
01/21/2024,16:00,CAL_CALGT1, 17.35,N
01/21/2024,16:00,CAL_CALSTG1, 17.35,N
01/21/2024,16:00,CAL_CC1, 17.35,N
01/21/2024,16:00,CAL_PUN1, 17.35,N
01/21/2024,16:00,CAL_PUN2, 17.35,N
01/21/2024,16:00,CAMWIND_RN, 17.42,N
01/21/2024,16:00,CANYONWD_ALL, 15.73,N
01/21/2024,16:00,CAPRIDG4_CR4, 15.34,N
01/21/2024,16:00,CAPRIDGE_ALL, 15.34,N
01/21/2024,16:00,CARBN_BSP_1, 15.54,N
01/21/2024,16:00,CASL_GAP_UN1, 15.31,N
01/21/2024,16:00,CATARINA_B1, 18.61,N
01/21/2024,16:00,CBECII_89, 17.42,N
01/21/2024,16:00,CBECII_CC3, 17.42,N
01/21/2024,16:00,CBECII_CT7, 17.42,N
01/21/2024,16:00,CBEC_ALL, 17.62,N
01/21/2024,16:00,CBEC_CC1, 17.62,N
01/21/2024,16:00,CBEC_CC2, 17.62,N
01/21/2024,16:00,CBY4_ALL, 17.35,N
01/21/2024,16:00,CBY4_CC1, 17.35,N
01/21/2024,16:00,CBY_CBY_G1, 17.35,N
01/21/2024,16:00,CBY_CBY_G2, 17.35,N
01/21/2024,16:00,CCEC_CC1, 17.57,N
01/21/2024,16:00,CCEC_GT1, 17.57,N
01/21/2024,16:00,CCEC_GT2, 17.57,N
01/21/2024,16:00,CCEC_PUN1, 17.57,N
01/21/2024,16:00,CCEC_PUN2, 17.57,N
01/21/2024,16:00,CCEC_ST1, 17.57,N
01/21/2024,16:00,CEDROHI_CHW1, 17.6,N
01/21/2024,16:00,CEDRVALE_RN, 15.38,N
01/21/2024,16:00,CFLATS_UNIT, 7.22,N
01/21/2024,16:00,CHALUP_ALL, 17.58,N
01/21/2024,16:00,CHAL_SLR_RN, 15.39,N
01/21/2024,16:00,CHAMON_UN1, 17.34,N
01/21/2024,16:00,CHAMON_UN2, 17.34,N
01/21/2024,16:00,CHEDPW_GT2, 17.34,N
01/21/2024,16:00,CHE_CC1, 17.34,N
01/21/2024,16:00,CHE_LYD, 17.34,N
01/21/2024,16:00,CHE_LYD2, 17.34,N
01/21/2024,16:00,CHE_PUN1, 17.34,N
01/21/2024,16:00,CHE_PUN2, 17.34,N
01/21/2024,16:00,CHISMGRD_RN, 16.84,N
01/21/2024,16:00,CISC_RN, 16.22,N
01/21/2024,16:00,CITYVICT_ALL, 17.58,N
01/21/2024,16:00,CN_BRKS_UNT1, 7.06,N
01/21/2024,16:00,COL_COLETOG1, 17.59,N
01/21/2024,16:00,CONIGLIO_RN, 16.9,N
01/21/2024,16:00,CONTINEN_RN, 17.59,N
01/21/2024,16:00,CORALSLR_ALL, 17.15,N
01/21/2024,16:00,CORAZON_RN, 17.6,N
01/21/2024,16:00,COTPLNS_RN, 7.05,N
01/21/2024,16:00,COTTON_PAP2, 17.57,N
01/21/2024,16:00,COYOTSPR_RN, 15.38,N
01/21/2024,16:00,CPSES_UNIT1, 16.87,N
01/21/2024,16:00,CPSES_UNIT2, 16.87,N
01/21/2024,16:00,CRANELL_ALL, 17.57,N
01/21/2024,16:00,CROSSETT_ALL, 15.31,N
01/21/2024,16:00,CRWN_SLR_UN1, 17.2,N
01/21/2024,16:00,CSC_CSECG1_2, 15.71,N
01/21/2024,16:00,CVC_CC1, 17.34,N
01/21/2024,16:00,CVC_CVCG1_5, 17.34,N
01/21/2024,16:00,CVC_CVC_G2, 17.34,N
01/21/2024,16:00,CVC_CVC_G3, 17.34,N
01/21/2024,16:00,DAG_ALL, 17.49,N
01/21/2024,16:00,DANSBY_ALL, 17.25,N
01/21/2024,16:00,DAN_ALL, 17.45,N
01/21/2024,16:00,DA_BESS, 17.45,N
01/21/2024,16:00,DC2SES_ALL, 16.85,N
01/21/2024,16:00,DC_E, 16.91,N
01/21/2024,16:00,DC_L, 17.61,N
01/21/2024,16:00,DC_N, 15.93,N
01/21/2024,16:00,DC_R, 17.58,N
01/21/2024,16:00,DDPEC_CC1, 17.36,N
01/21/2024,16:00,DDPEC_GT1, 17.36,N
01/21/2024,16:00,DDPEC_GT2, 17.36,N
01/21/2024,16:00,DDPEC_GT3, 17.36,N
01/21/2024,16:00,DDPEC_GT4, 17.36,N
01/21/2024,16:00,DDPEC_GT6, 17.36,N
01/21/2024,16:00,DDPEC_ST1, 17.36,N
01/21/2024,16:00,DECKER_DPG2, 17.8,N
01/21/2024,16:00,DECKER_GT, 17.8,N
01/21/2024,16:00,DENISON_G1_2, 16.89,N
01/21/2024,16:00,DERMOTT_ALL, 15.8,N
01/21/2024,16:00,DIBOL_RN, 17,N
01/21/2024,16:00,DIB_CC1, 17.35,N
01/21/2024,16:00,DIB_DIB_G1, 17.35,N
01/21/2024,16:00,DIB_DIB_G2, 17.35,N
01/21/2024,16:00,DIB_DIB_G3, 17.35,N
01/21/2024,16:00,DIB_DIB_G4, 17.35,N
01/21/2024,16:00,DIB_PUN1, 17.35,N
01/21/2024,16:00,DIB_PUN2, 17.35,N
01/21/2024,16:00,DILEOS_UNIT1, 17.06,N
01/21/2024,16:00,DKNS_ESS_RN, 15.85,N
01/21/2024,16:00,DOWGEN_PUN1, 17.42,N
01/21/2024,16:00,DOWGEN_PUN2, 17.42,N
01/21/2024,16:00,DOWGEN_PUN3, 17.42,N
01/21/2024,16:00,DOW_61_2_63, 17.42,N
01/21/2024,16:00,DOW_64, 17.42,N
01/21/2024,16:00,DOW_81_2_84, 17.42,N
01/21/2024,16:00,DOW_G37_G35, 17.42,N
01/21/2024,16:00,DOW_G66_ST65, 17.42,N
01/21/2024,16:00,DOW_G67, 17.42,N
01/21/2024,16:00,DOW_G96_ST95, 17.42,N
01/21/2024,16:00,DUKE_CC1, 17.58,N
01/21/2024,16:00,DUKE_GST1CCU, 17.58,N
01/21/2024,16:00,DUKE_GT2_CCU, 17.58,N
01/21/2024,16:00,DUP_PUN1, 17.57,N
01/21/2024,16:00,DUP_PUN2, 17.57,N
01/21/2024,16:00,DUP_PUN3, 17.57,N
01/21/2024,16:00,DUP_PUN4, 17.57,N
01/21/2024,16:00,EBELLS_UNIT1, 17.26,N
01/21/2024,16:00,EBNY_ESS_RN, 17.91,N
01/21/2024,16:00,ECLIPSE_UN1, 17.38,N
01/21/2024,16:00,EIFSLR_UNIT1, 16.9,N
01/21/2024,16:00,ELB_ELBCREEK, 15.51,N
01/21/2024,16:00,ELECTRAW_1_2, 15.94,N
01/21/2024,16:00,ELSAUZ_ALL, 17.58,N
01/21/2024,16:00,ELSA_ESR_RN, 17.58,N
01/21/2024,16:00,ELS_RN_1, 16.94,N
01/21/2024,16:00,EL_RAYO_ALL, 17.58,N
01/21/2024,16:00,ENDPARK_ESS1, 15.77,N
01/21/2024,16:00,ERSL_RN, 17.81,N
01/21/2024,16:00,ESTONIAN_ALL, 16.91,N
01/21/2024,16:00,ETCCS_CC1, 16.96,N
01/21/2024,16:00,ETCCS_CCU, 16.96,N
01/21/2024,16:00,EUNICE_ALL, 15.47,N
01/21/2024,16:00,EXGNSND_RN, 17.66,N
01/21/2024,16:00,EXGNWTL_1, 17.6,N
01/21/2024,16:00,EXN_14, 17.35,N
01/21/2024,16:00,EXN_1_3, 17.35,N
01/21/2024,16:00,EXN_4, 17.35,N
01/21/2024,16:00,EXN_8, 17.35,N
01/21/2024,16:00,EXN_9_13, 17.35,N
01/21/2024,16:00,EXN_PUN1, 17.35,N
01/21/2024,16:00,EXN_PUN2, 17.35,N
01/21/2024,16:00,EXN_PUN3, 17.35,N
01/21/2024,16:00,E_BLACK_RN, 17.63,N
01/21/2024,16:00,FALFUR_RN, 17.59,N
01/21/2024,16:00,FAL_FALCONG1, 17.65,N
01/21/2024,16:00,FAL_FALCONG2, 17.65,N
01/21/2024,16:00,FAL_FALCONG3, 17.65,N
01/21/2024,16:00,FAULKNER_RN, 15.38,N
01/21/2024,16:00,FEGC_RN, 17.38,N
01/21/2024,16:00,FENCESLR_ALL, 17,N
01/21/2024,16:00,FERGCC_CC1, 19.13,N
01/21/2024,16:00,FERGCC_GT1_1, 19.13,N
01/21/2024,16:00,FERGCC_GT2_3, 19.13,N
01/21/2024,16:00,FERGCC_ST1_5, 19.13,N
01/21/2024,16:00,FERMI_ALL, 11.74,N
01/21/2024,16:00,FILESSLR_PV1, 16.99,N
01/21/2024,16:00,FIVEWSLR_ALL, 17.32,N
01/21/2024,16:00,FLCNS_CC1, 15.53,N
01/21/2024,16:00,FLCNS_UNIT1, 15.53,N
01/21/2024,16:00,FLCNS_UNIT2, 15.53,N
01/21/2024,16:00,FLCNS_UNIT3, 15.53,N
01/21/2024,16:00,FLOWERII_RN, 15.36,N
01/21/2024,16:00,FLTBES1, 15.36,N
01/21/2024,16:00,FLTCK_SSI, 16.55,N
01/21/2024,16:00,FLUVANNA_1_2, 15.77,N
01/21/2024,16:00,FLVABES1_ESR, 15.36,N
01/21/2024,16:00,FOARDCTY_ALL, 15.91,N
01/21/2024,16:00,FORMOSA_CC1, 17.51,N
01/21/2024,16:00,FORMOSA_CC2, 17.51,N
01/21/2024,16:00,FORMOSA_PUN1, 17.51,N
01/21/2024,16:00,FORMOSA_PUN2, 17.51,N
01/21/2024,16:00,FOXTROT_ALL, 17.56,N
01/21/2024,16:00,FO_FORMOSA11, 17.51,N
01/21/2024,16:00,FO_FORMOSA12, 17.51,N
01/21/2024,16:00,FO_FORMOSG1, 17.51,N
01/21/2024,16:00,FO_FORMOSG10, 17.51,N
01/21/2024,16:00,FO_FORMOSG13, 17.51,N
01/21/2024,16:00,FO_FORMOSG14, 17.51,N
01/21/2024,16:00,FO_FORMOSG15, 17.51,N
01/21/2024,16:00,FO_FORMOSG2, 17.51,N
01/21/2024,16:00,FO_FORMOSG3, 17.51,N
01/21/2024,16:00,FO_FORMOSG4, 17.51,N
01/21/2024,16:00,FO_FORMOSG5, 17.51,N
01/21/2024,16:00,FO_FORMOSG6, 17.51,N
01/21/2024,16:00,FO_FORMOSG7, 17.51,N
01/21/2024,16:00,FO_FORMOSG8, 17.51,N
01/21/2024,16:00,FO_FORMOSG9, 17.51,N
01/21/2024,16:00,FPPYD_FPP_G1, 17.69,N
01/21/2024,16:00,FPPYD_FPP_G2, 17.69,N
01/21/2024,16:00,FPPYD_FPP_G3, 17.69,N
01/21/2024,16:00,FREC_1_CCU, 17.04,N
01/21/2024,16:00,FREC_2_CCU, 17.04,N
01/21/2024,16:00,FREC_CC1, 17.04,N
01/21/2024,16:00,FREC_CC2, 17.04,N
01/21/2024,16:00,FRMRSVLW_RN, 16.91,N
01/21/2024,16:00,FRNYPP_1_CCU, 16.94,N
01/21/2024,16:00,FRNYPP_2_CCU, 16.94,N
01/21/2024,16:00,FRNYPP_CC1, 16.94,N
01/21/2024,16:00,FRNYPP_CC2, 16.94,N
01/21/2024,16:00,FRONT_EC_CC1, 17.59,N
01/21/2024,16:00,FRONT_EC_RN1, 17.59,N
01/21/2024,16:00,FRONT_EC_RN2, 17.59,N
01/21/2024,16:00,FRONT_EC_RN3, 17.59,N
01/21/2024,16:00,FRYE_SLR_ALL, 7.06,N
01/21/2024,16:00,FTR_CC1, 17.26,N
01/21/2024,16:00,FTR_FTR_G1_4, 17.26,N
01/21/2024,16:00,FTWIND_UNIT1, 15.85,N
01/21/2024,16:00,FWLR_SLR_1, 15.32,N
01/21/2024,16:00,GALO_RN1, 15.45,N
01/21/2024,16:00,GAMBIT_RN, 17.45,N
01/21/2024,16:00,GARC_BESS_RN, 17.59,N
01/21/2024,16:00,GBY_GT, 17.35,N
01/21/2024,16:00,GID_GIDEONG1, 17.74,N
01/21/2024,16:00,GID_GIDEONG2, 17.74,N
01/21/2024,16:00,GID_GIDEONG3, 17.74,N
01/21/2024,16:00,GIGA_ESS_RN, 17.64,N
01/21/2024,16:00,GOA_GOATWIND, 15.38,N
01/21/2024,16:00,GOLINDA_UN1, 17.2,N
01/21/2024,16:00,GOMZ_RN, 15.32,N
01/21/2024,16:00,GOODNIT1_ALL, 7.07,N
01/21/2024,16:00,GPASTURE_ALL, 15.87,N
01/21/2024,16:00,GRANDVW1_A_B, 7.07,N
01/21/2024,16:00,GRDNE_ESR_RN, 15.5,N
01/21/2024,16:00,GREASWOD_ALL, 15.26,N
01/21/2024,16:00,GRIF_TRL_RN, 15.91,N
01/21/2024,16:00,GRSES_UNIT1, 16.05,N
01/21/2024,16:00,GRSES_UNIT2, 15.96,N
01/21/2024,16:00,GUADG_CC1, 17.73,N
01/21/2024,16:00,GUADG_CC2, 17.73,N
01/21/2024,16:00,GUADG_CCU1, 17.73,N
01/21/2024,16:00,GUADG_CCU2, 17.73,N
01/21/2024,16:00,GUNMTN_NODE, 15.59,N
01/21/2024,16:00,GWEC_G1, 17.63,N
01/21/2024,16:00,HALO_RN1, 17.3,N
01/21/2024,16:00,HAMI_BESS_RN, 16.75,N
01/21/2024,16:00,HAYSEN1_2, 14.35,N
01/21/2024,16:00,HAYSEN3_4, 17.51,N
01/21/2024,16:00,HB_BUSAVG, 16.96,N
01/21/2024,16:00,HB_HOUSTON, 17.35,N
01/21/2024,16:00,HB_HUBAVG, 16.85,N
01/21/2024,16:00,HB_NORTH, 16.95,N
01/21/2024,16:00,HB_PAN, 7.87,N
01/21/2024,16:00,HB_SOUTH, 17.45,N
01/21/2024,16:00,HB_WEST, 15.66,N
01/21/2024,16:00,HELIOS_RN, 20.13,N
01/21/2024,16:00,HHGT_KENDAL, 16.36,N
01/21/2024,16:00,HHOLLW2_WND1, 15.61,N
01/21/2024,16:00,HHOLLW3_WND1, 15.61,N
01/21/2024,16:00,HHOLLW4_WND1, 15.61,N
01/21/2024,16:00,HICK_G1_G2, 11.09,N
01/21/2024,16:00,HI_LONEB_RN1, 11.21,N
01/21/2024,16:00,HI_LONE_ALL, 11.21,N
01/21/2024,16:00,HLSES_UNIT3, 16.9,N
01/21/2024,16:00,HLSES_UNIT4, 16.9,N
01/21/2024,16:00,HLSES_UNIT5, 16.9,N
01/21/2024,16:00,HMNG_ESS_RN, 16.84,N
01/21/2024,16:00,HOLCOMB_RN1, 17.7,N
01/21/2024,16:00,HOLSTEIN_ALL, 15.63,N
01/21/2024,16:00,HOL_ALL, 17.44,N
01/21/2024,16:00,HOPKNSLR_ALL, 16.91,N
01/21/2024,16:00,HORSCR_RN, 15.3,N
01/21/2024,16:00,HORSECRK_RN, 15.92,N
01/21/2024,16:00,HOUSEMTN_RN, 15.33,N
01/21/2024,16:00,HOVEY_GEN, 15.32,N
01/21/2024,16:00,HRBESS_BESS, 15.56,N
01/21/2024,16:00,HRFDWIND_ALL, 7.06,N
01/21/2024,16:00,HRZN_SLR_UN1, 17.88,N
01/21/2024,16:00,HWF_HWFG1, 15.81,N
01/21/2024,16:00,HYDR_ESS_RN, 15.24,N
01/21/2024,16:00,H_HOLLO_WND1, 15.61,N
01/21/2024,16:00,IMP_RN1, 16.9,N
01/21/2024,16:00,INDNENR_1_RN, 15.27,N
01/21/2024,16:00,INDNENR_2_RN, 15.28,N
01/21/2024,16:00,INDNNWP_RN, 15.28,N
01/21/2024,16:00,IND_INADALE1, 15.69,N
01/21/2024,16:00,INGLCOSW_CC1, 17.57,N
01/21/2024,16:00,INGLCOSW_STG, 17.57,N
01/21/2024,16:00,INGLCOS_CTG1, 17.57,N
01/21/2024,16:00,INGLCOS_CTG2, 17.57,N
01/21/2024,16:00,INGLCO_PUN1, 17.57,N
01/21/2024,16:00,INGLCO_PUN2, 17.57,N
01/21/2024,16:00,INGLCO_PUN3, 17.57,N
01/21/2024,16:00,INKS_INKS_G1, 19.38,N
01/21/2024,16:00,INRT_W_ALL, 15.92,N
01/21/2024,16:00,JACKCNTY_CC1, 16.71,N
01/21/2024,16:00,JACKCNTY_CT1, 16.71,N
01/21/2024,16:00,JACKCNTY_CT2, 16.71,N
01/21/2024,16:00,JACKCNTY_STG, 16.71,N
01/21/2024,16:00,JADE_SLR_ALL, 15.8,N
01/21/2024,16:00,JAY_RN_1, 17.4,N
01/21/2024,16:00,JCKCNTY2_CC1, 16.79,N
01/21/2024,16:00,JCKCNTY2_CT3, 16.79,N
01/21/2024,16:00,JCKCNTY2_CT4, 16.79,N
01/21/2024,16:00,JCKCNTY2_ST2, 16.79,N
01/21/2024,16:00,JC_BAT_RN, 18.72,N
01/21/2024,16:00,JDKNS_RN, 15.44,N
01/21/2024,16:00,JUNCTION_RN, 27.36,N
01/21/2024,16:00,JUNO_ALL, 15.65,N
01/21/2024,16:00,KARAKAW1_1, 17.56,N
01/21/2024,16:00,KARAKAW2_1, 17.56,N
01/21/2024,16:00,KEECHI_U1, 16.71,N
01/21/2024,16:00,KELAMSL_U1, 17,N
01/21/2024,16:00,KEO_KEO_SM1, 15.3,N
01/21/2024,16:00,KINGE_ALL, 15.3,N
01/21/2024,16:00,KINGW_ALL, 15.31,N
01/21/2024,16:00,KMCHI_CC1, 16.9,N
01/21/2024,16:00,KMCHI_CC2, 16.9,N
01/21/2024,16:00,LACY_CRK_ALL, 15.48,N
01/21/2024,16:00,LAMESASLR_G, 15.58,N
01/21/2024,16:00,LAPETUS_U1, 15.46,N
01/21/2024,16:00,LARDVFTN_G4, 17.61,N
01/21/2024,16:00,LARDVFTN_G5, 17.61,N
01/21/2024,16:00,LASSO_GEN, 15.33,N
01/21/2024,16:00,LBRA_BES1, 17.67,N
01/21/2024,16:00,LEG_LEG_G1, 17.15,N
01/21/2024,16:00,LEG_LEG_G2, 17.15,N
01/21/2024,16:00,LEONLCPCT1_2, 18.8,N
01/21/2024,16:00,LEONLCPCT3_4, 18.8,N
01/21/2024,16:00,LFSTH_RN, 17,N
01/21/2024,16:00,LGDRAW_S_ALL, 15.65,N
01/21/2024,16:00,LGD_LANGFORD, 13.97,N
01/21/2024,16:00,LGE_CC1, 17.57,N
01/21/2024,16:00,LGE_LGE_GT1, 17.57,N
01/21/2024,16:00,LGE_LGE_GT2, 17.57,N
01/21/2024,16:00,LGE_LGE_STG, 17.57,N
01/21/2024,16:00,LGE_PUN1, 17.57,N
01/21/2024,16:00,LGE_PUN2, 17.57,N
01/21/2024,16:00,LGW_UNIT_ALL, 16.93,N
01/21/2024,16:00,LHM_CVC_G4, 17.34,N
01/21/2024,16:00,LHM_PUN1, 17.34,N
01/21/2024,16:00,LHM_PUN2, 17.34,N
01/21/2024,16:00,LHORN_N_U1_2, 7.07,N
01/21/2024,16:00,LHSES_UNIT1, 16.93,N
01/21/2024,16:00,LHSES_UNIT2, 16.93,N
01/21/2024,16:00,LIG_RN, 17.34,N
01/21/2024,16:00,LILY_RN, 16.95,N
01/21/2024,16:00,LMAJADAS_ALL, 17.58,N
01/21/2024,16:00,LMO_ESR_RN, 17.25,N
01/21/2024,16:00,LNCRK_ALL, 15.77,N
01/21/2024,16:00,LONESTAR_RN, 15.39,N
01/21/2024,16:00,LONEWOLF_ALL, 15.59,N
01/21/2024,16:00,LON_RN1, 17.41,N
01/21/2024,16:00,LOSTPI_CC1, 17.69,N
01/21/2024,16:00,LOS_LOSTPGT1, 17.69,N
01/21/2024,16:00,LOS_LOSTPGT2, 17.69,N
01/21/2024,16:00,LOS_LOSTPST1, 17.69,N
01/21/2024,16:00,LPCCS_CC1, 16.9,N
01/21/2024,16:00,LPCCS_CC2, 16.9,N
01/21/2024,16:00,LPCCS_CT11, 16.9,N
01/21/2024,16:00,LPCCS_CT12, 16.9,N
01/21/2024,16:00,LPCCS_CT21, 16.9,N
01/21/2024,16:00,LPCCS_CT22, 16.9,N
01/21/2024,16:00,LPCCS_UNIT1, 16.9,N
01/21/2024,16:00,LPCCS_UNIT2, 16.9,N
01/21/2024,16:00,LV1A_LV1B, 17.58,N
01/21/2024,16:00,LV3_RN, 17.59,N
01/21/2024,16:00,LV3_UNIT1, 17.59,N
01/21/2024,16:00,LV4_UNIT_1, 17.59,N
01/21/2024,16:00,LV5_UNIT1, 17.59,N
01/21/2024,16:00,LZ_AEN, 17.85,N
01/21/2024,16:00,LZ_CPS, 18.26,N
01/21/2024,16:00,LZ_HOUSTON, 17.37,N
01/21/2024,16:00,LZ_LCRA, 18.45,N
01/21/2024,16:00,LZ_NORTH, 16.94,N
01/21/2024,16:00,LZ_RAYBN, 16.93,N
01/21/2024,16:00,LZ_SOUTH, 17.76,N
01/21/2024,16:00,LZ_WEST, 15.49,N
01/21/2024,16:00,L_FRE_ESR_RN, 17.58,N
01/21/2024,16:00,MADERO_RN, 17.58,N
01/21/2024,16:00,MAINLAND_RN, 17.38,N
01/21/2024,16:00,MARBFA, 19.13,N
01/21/2024,16:00,MARIAH_ALL, 7.06,N
01/21/2024,16:00,MAR_MARSFOG1, 17.95,N
01/21/2024,16:00,MAR_MARSFOG2, 17.95,N
01/21/2024,16:00,MAR_MARSFOG3, 17.95,N
01/21/2024,16:00,MASSENGL_CC1, 15.78,N
01/21/2024,16:00,MASSENGL_G6, 15.78,N
01/21/2024,16:00,MASSENGL_G7, 15.78,N
01/21/2024,16:00,MASSENGL_G8, 15.78,N
01/21/2024,16:00,MAVCRK_W_ALL, 15.45,N
01/21/2024,16:00,MCDLD_FCSBW1, 15.53,N
01/21/2024,16:00,MCLNSLR_RN, 17.69,N
01/21/2024,16:00,MCSES_UNIT6, 16.93,N
01/21/2024,16:00,MCSES_UNIT7, 16.93,N
01/21/2024,16:00,MCSES_UNIT8, 16.93,N
01/21/2024,16:00,MDANP_CT1_2, 16.95,N
01/21/2024,16:00,MDANP_CT3_4, 16.94,N
01/21/2024,16:00,MDANP_CT5_6, 16.95,N
01/21/2024,16:00,MERCURY_ALL, 17.03,N
01/21/2024,16:00,MESQCRK_ALL, 15.65,N
01/21/2024,16:00,MESTENO_RN, 17.59,N
01/21/2024,16:00,MGSES_CT123, 15.59,N
01/21/2024,16:00,MGSES_CT456, 15.59,N
01/21/2024,16:00,MIAM1_G1_G2, 7.08,N
01/21/2024,16:00,MIDWY_RN, 15.43,N
01/21/2024,16:00,MIL_MILG1_2, 16.72,N
01/21/2024,16:00,MIL_MILG345, 16.72,N
01/21/2024,16:00,MIRAGE_G1, 17.36,N
01/21/2024,16:00,MIRASOLE_GEN, 17.59,N
01/21/2024,16:00,MISAE_GEN_RN, 7.11,N
01/21/2024,16:00,MLSES_UNIT1, 16.98,N
01/21/2024,16:00,MLSES_UNIT2, 16.98,N
01/21/2024,16:00,MLSES_UNIT3, 16.98,N
01/21/2024,16:00,MNWL_BESS_RN, 16.69,N
01/21/2024,16:00,MOZART_WIND1, 15.69,N
01/21/2024,16:00,MUSTNGCK_ALL, 17.71,N
01/21/2024,16:00,MV_VALV4_RN, 17.58,N
01/21/2024,16:00,MWEC_G1, 15.72,N
01/21/2024,16:00,MYRY_ESR_RN, 17.58,N
01/21/2024,16:00,MYR_ALL, 17.42,N
01/21/2024,16:00,NACPW_UNIT1, 17,N
01/21/2024,16:00,NBOHR_RN, 15.49,N
01/21/2024,16:00,NCARBIDEG8, 17.57,N
01/21/2024,16:00,NCARBIDE_1_7, 17.57,N
01/21/2024,16:00,NCARBID_PUN1, 17.57,N
01/21/2024,16:00,NCARBID_PUN2, 17.57,N
01/21/2024,16:00,NCO_RN, 17.46,N
01/21/2024,16:00,NEBULA_RN, 17.58,N
01/21/2024,16:00,NEDIN_CC1, 17.32,N
01/21/2024,16:00,NED_NEDIN_G1, 17.58,N
01/21/2024,16:00,NED_NEDIN_G2, 17.19,N
01/21/2024,16:00,NED_NEDIN_G3, 17.19,N
01/21/2024,16:00,NF_BRP_RN, 17.97,N
01/21/2024,16:00,NOBLESLR_ALL, 16.84,N
01/21/2024,16:00,NOVA1SLR_ALL, 15.82,N
01/21/2024,16:00,NOVA2S_UNIT1, 15.82,N
01/21/2024,16:00,NUECES_B_CC1, 17.57,N
01/21/2024,16:00,NUE_NUECESG7, 17.57,N
01/21/2024,16:00,NUE_NUECESG8, 17.57,N
01/21/2024,16:00,NUE_NUECESG9, 17.57,N
01/21/2024,16:00,NWF_NWF1, 15.45,N
01/21/2024,16:00,N_AL_BESS_RN, 17.58,N
01/21/2024,16:00,N_MRD_ESR_RN, 17.58,N
01/21/2024,16:00,OBERON_U1, 15.44,N
01/21/2024,16:00,ODESW_RN, 15.45,N
01/21/2024,16:00,OECCS_1, 15.46,N
01/21/2024,16:00,OECCS_2, 15.46,N
01/21/2024,16:00,OECCS_CC1, 15.46,N
01/21/2024,16:00,OECCS_CC2, 15.46,N
01/21/2024,16:00,OGSES_1, 17.2,N
01/21/2024,16:00,OGSES_2, 17.2,N
01/21/2024,16:00,OLIN_OLING_1, 16.92,N
01/21/2024,16:00,OLIN_OLING_2, 16.92,N
01/21/2024,16:00,OLIN_OLING_3, 16.92,N
01/21/2024,16:00,OLIN_OLING_4, 16.92,N
01/21/2024,16:00,OLNEYTN_RN, 16.13,N
01/21/2024,16:00,OR_BESS_RN, 17.48,N
01/21/2024,16:00,OWF_OWF, 15.52,N
01/21/2024,16:00,OXY_OXY_CCG1, 17.57,N
01/21/2024,16:00,OXY_PUN1, 17.57,N
01/21/2024,16:00,OXY_PUN2, 17.57,N
01/21/2024,16:00,PALE_ESS_EN, 15.8,N
01/21/2024,16:00,PALMWI_UNIT1, 17.42,N
01/21/2024,16:00,PANDA_S_CC1, 16.88,N
01/21/2024,16:00,PANDA_S_CT1, 16.88,N
01/21/2024,16:00,PANDA_S_CT2, 16.88,N
01/21/2024,16:00,PANDA_S_ST1, 16.88,N
01/21/2024,16:00,PANDA_T1_CC1, 17.3,N
01/21/2024,16:00,PANDA_T1_CT1, 17.3,N
01/21/2024,16:00,PANDA_T1_CT2, 17.3,N
01/21/2024,16:00,PANDA_T1_ST1, 17.3,N
01/21/2024,16:00,PANDA_T2_CC1, 17.3,N
01/21/2024,16:00,PANDA_T2_CT1, 17.3,N
01/21/2024,16:00,PANDA_T2_CT2, 17.3,N
01/21/2024,16:00,PANDA_T2_ST1, 17.3,N
01/21/2024,16:00,PAP1_PAP1, 17.57,N
01/21/2024,16:00,PAULN_RN, 16.99,N
01/21/2024,16:00,PAVLOV_BT_RN, 18.45,N
01/21/2024,16:00,PAVO_ESS_ALL, 15.3,N
01/21/2024,16:00,PB2SES_CT1, 15.42,N
01/21/2024,16:00,PB2SES_CT2, 15.42,N
01/21/2024,16:00,PB2SES_CT3, 15.42,N
01/21/2024,16:00,PB2SES_CT4, 15.42,N
01/21/2024,16:00,PB2SES_CT5, 15.42,N
01/21/2024,16:00,PC_NORTH_1, 15.51,N
01/21/2024,16:00,PC_SOUTH_ALL, 15.51,N
01/21/2024,16:00,PEARSA_1_24, 17.88,N
01/21/2024,16:00,PENA_ALL, 17.57,N
01/21/2024,16:00,PES1_RN, 17.38,N
01/21/2024,16:00,PEY_RN, 17.44,N
01/21/2024,16:00,PH1_UNIT1_2, 7.08,N
01/21/2024,16:00,PH2_U1_U2, 7.08,N
01/21/2024,16:00,PHILLWND_ALL, 17.14,N
01/21/2024,16:00,PHOEBE_ALL, 15.43,N
01/21/2024,16:00,PHOENIX_RN, 16.9,N
01/21/2024,16:00,PHO_ALL, 17.42,N
01/21/2024,16:00,PIONR_DJ_RN, 15.45,N
01/21/2024,16:00,PISG_RN_ALL, 17.03,N
01/21/2024,16:00,PITSDD_UNIT1, 17.01,N
01/21/2024,16:00,PLN_ALL, 17.45,N
01/21/2024,16:00,PNPI_GT2_RN, 17.4,N
01/21/2024,16:00,PORTSL_UNIT1, 16.08,N
01/21/2024,16:00,POTSVIL_RN, 16.93,N
01/21/2024,16:00,PRID_RN, 16.02,N
01/21/2024,16:00,PROSPERO_ALL, 15.46,N
01/21/2024,16:00,PRO_RN, 17.38,N
01/21/2024,16:00,PRSPERO2_ALL, 15.46,N
01/21/2024,16:00,PR_PR_ALL, 17.35,N
01/21/2024,16:00,PR_PR_G2, 17.35,N
01/21/2024,16:00,PSA_CC1, 17.34,N
01/21/2024,16:00,PSA_PSA_G1, 17.35,N
01/21/2024,16:00,PSA_PSA_G2, 17.35,N
01/21/2024,16:00,PSA_PSA_G3, 17.35,N
01/21/2024,16:00,PSA_PSA_G4, 17.35,N
01/21/2024,16:00,PSA_PSA_G5, 17.34,N
01/21/2024,16:00,PSA_PSA_G6, 17.34,N
01/21/2024,16:00,PSA_PSA_G7, 17.34,N
01/21/2024,16:00,PSA_PUN1, 17.34,N
01/21/2024,16:00,PSA_PUN2, 17.34,N
01/21/2024,16:00,PSA_PUN3, 17.35,N
01/21/2024,16:00,PSA_PUN4, 17.35,N
01/21/2024,16:00,PSA_PUN5, 17.34,N
01/21/2024,16:00,PSG_CC1, 17.35,N
01/21/2024,16:00,PSG_PSG_GT2, 17.35,N
01/21/2024,16:00,PSG_PSG_GT3, 17.35,N
01/21/2024,16:00,PSG_PSG_ST1, 17.35,N
01/21/2024,16:00,PTLBES_BESS1, 17.58,N
01/21/2024,16:00,PYR_PYRON1, 15.69,N
01/21/2024,16:00,QALSW_ALL, 15.46,N
01/21/2024,16:00,QALSW_CC1, 15.46,N
01/21/2024,16:00,QALSW_CC2, 15.46,N
01/21/2024,16:00,QUEEN_BA_RN, 15.33,N
01/21/2024,16:00,QUEEN_SL_RN, 15.33,N
01/21/2024,16:00,RAB_G1-8, 17.38,N
01/21/2024,16:00,RADN_SLR_ALL, 15.73,N
01/21/2024,16:00,RAMBLER_UNIT, 15.19,N
01/21/2024,16:00,RANCHERO_ALL, 11.13,N
01/21/2024,16:00,RAT_RN_1, 13.73,N
01/21/2024,16:00,RAYBURN_CC1, 17.6,N
01/21/2024,16:00,RAYB_G78910, 17.6,N
01/21/2024,16:00,RBN_BESS1, 17.42,N
01/21/2024,16:00,RDCAN_RDCNY1, 15.71,N
01/21/2024,16:00,REDBARN_RN, 15.24,N
01/21/2024,16:00,REDFISH_ALL, 17.58,N
01/21/2024,16:00,REDGATE_ALL, 17.58,N
01/21/2024,16:00,REDGATE_RN, 17.58,N
01/21/2024,16:00,RELOJ_ALL, 17.6,N
01/21/2024,16:00,REROCK_ALL, 15.32,N
01/21/2024,16:00,RHESS2_ESS1, 17.66,N
01/21/2024,16:00,RIGGIN_UNIT1, 15.33,N
01/21/2024,16:00,RIOG_ESR_RN, 17.59,N
01/21/2024,16:00,RIONOG_CC1, 17.79,N
01/21/2024,16:00,RIONOG_CT1, 17.79,N
01/21/2024,16:00,RIONOG_CT2, 17.79,N
01/21/2024,16:00,RIONOG_CT3, 17.79,N
01/21/2024,16:00,RIONOG_ST1, 17.79,N
01/21/2024,16:00,RIPPEY_ALL, 16.82,N
01/21/2024,16:00,RN_APOGEE, 15.81,N
01/21/2024,16:00,RN_BYU_G8, 17.36,N
01/21/2024,16:00,RN_DEC_AGR_A, 16.85,N
01/21/2024,16:00,RN_DEC_AGR_B, 16.85,N
01/21/2024,16:00,RN_DEC_AGR_C, 16.85,N
01/21/2024,16:00,RN_DEC_AGR_D, 16.85,N
01/21/2024,16:00,RN_ECEC_HOLT, 15.45,N
01/21/2024,16:00,RN_OCI_ALAMO, 18.63,N
01/21/2024,16:00,RN_RTS1, 15.58,N
01/21/2024,16:00,RN_SR_WIND1, 17.58,N
01/21/2024,16:00,RN_TOSBATT, 15.55,N
01/21/2024,16:00,ROSELAND_ALL, 17.15,N
01/21/2024,16:00,ROUTE66_RN, 7.07,N
01/21/2024,16:00,ROW_ALL, 17.39,N
01/21/2024,16:00,RPUBRDS_RN, 17.27,N
01/21/2024,16:00,RRANCHES_ALL, 15.39,N
01/21/2024,16:00,RRC_WIND_ALL, 16.08,N
01/21/2024,16:00,RSK_RN, 15.49,N
01/21/2024,16:00,RTLSNAKE_BT, 15.39,N
01/21/2024,16:00,RUSSEKST_RN, 15.11,N
01/21/2024,16:00,RVRVLYS_ALL, 17.6,N
01/21/2024,16:00,SADLBACK_RN, 15.37,N
01/21/2024,16:00,SALVTION_GEN, 15.92,N
01/21/2024,16:00,SAMSON_ALL, 16.91,N
01/21/2024,16:00,SANDHSYD1_2, 17.83,N
01/21/2024,16:00,SANDHSYD3_4, 17.83,N
01/21/2024,16:00,SANDHSYD6_7, 17.83,N
01/21/2024,16:00,SANDHSYD_5AC, 17.83,N
01/21/2024,16:00,SANDHSYD_CC1, 17.83,N
01/21/2024,16:00,SANTACRU_ALL, 17.57,N
01/21/2024,16:00,SAN_SANMIGG1, 17.62,N
01/21/2024,16:00,SBEAN_BESS, 15.39,N
01/21/2024,16:00,SBE_RN_1, 17.55,N
01/21/2024,16:00,SC2SES_UNIT1, 17,N
01/21/2024,16:00,SCES_UNIT1, 17.15,N
01/21/2024,16:00,SCLP_PUN1, 17.46,N
01/21/2024,16:00,SCLP_PUN2, 17.46,N
01/21/2024,16:00,SCLP_PUN3, 17.46,N
01/21/2024,16:00,SCLP_PUN4, 17.46,N
01/21/2024,16:00,SCLP_SCLPC_1, 17.46,N
01/21/2024,16:00,SCLP_SCLPC_2, 17.46,N
01/21/2024,16:00,SCLP_SCLPC_3, 17.46,N
01/21/2024,16:00,SCLP_SCLPC_4, 17.46,N
01/21/2024,16:00,SCSES_UNIT2, 17,N
01/21/2024,16:00,SDSES_PUN1, 17.49,N
01/21/2024,16:00,SDSES_PUN3, 17.49,N
01/21/2024,16:00,SENATEWD_1, 15.99,N
01/21/2024,16:00,SGM_SIGNALMT, 15.51,N
01/21/2024,16:00,SGSA_DGR, 15.32,N
01/21/2024,16:00,SG_BES_BESS1, 15.33,N
01/21/2024,16:00,SHAFFER_ALL, 17.57,N
01/21/2024,16:00,SHAMROCK_RN, 11.11,N
01/21/2024,16:00,SHANNONW_RN, 16,N
01/21/2024,16:00,SHEEPCRK_1, 16.08,N
01/21/2024,16:00,SILASRAY_CC1, 18.37,N
01/21/2024,16:00,SIL_SILAS_10, 18.37,N
01/21/2024,16:00,SIL_SILAS_6, 18.37,N
01/21/2024,16:00,SIL_SILAS_9, 18.37,N
01/21/2024,16:00,SIRIUS_UNIT1, 15.29,N
01/21/2024,16:00,SJS_SJS_G1, 17.36,N
01/21/2024,16:00,SJS_SJS_G2, 17.36,N
01/21/2024,16:00,SKY1, 17.68,N
01/21/2024,16:00,SLCN_ESS_ALL, 17.65,N
01/21/2024,16:00,SLTFRK_UN1_2, 7.08,N
01/21/2024,16:00,SL_PUN1, 17.35,N
01/21/2024,16:00,SL_PUN2, 17.35,N
01/21/2024,16:00,SNY_BESS_RN, 15.67,N
01/21/2024,16:00,SOLARA_UNIT1, 15.73,N
01/21/2024,16:00,SPARTA_ALL, 17.56,N
01/21/2024,16:00,SPLAIN1_RN, 7.05,N
01/21/2024,16:00,SPLAIN2_RN, 7.05,N
01/21/2024,16:00,SPNC_SPNCE_4, 16.85,N
01/21/2024,16:00,SPNC_SPNCE_5, 16.85,N
01/21/2024,16:00,SPTX12B_RN, 15.31,N
01/21/2024,16:00,SROSA_ESR_RN, 17.58,N
01/21/2024,16:00,SRWE1_UNIT1, 15.65,N
01/21/2024,16:00,SSPURT_WIND1, 7.07,N
01/21/2024,16:00,STAM_SLR_ALL, 16.91,N
01/21/2024,16:00,STEAM_ENG123, 16.92,N
01/21/2024,16:00,STEA_STEAM_1, 16.92,N
01/21/2024,16:00,STEA_STEAM_2, 16.92,N
01/21/2024,16:00,STEA_STEAM_3, 16.92,N
01/21/2024,16:00,STELLA_RN, 17.57,N
01/21/2024,16:00,STP_STP_G1, 17.45,N
01/21/2024,16:00,STP_STP_G2, 17.45,N
01/21/2024,16:00,STRATEGC_RN, 16.99,N
01/21/2024,16:00,STWF_T1, 15.62,N
01/21/2024,16:00,SUNVASLR_ALL, 17.04,N
01/21/2024,16:00,SWEC_G1, 15.52,N
01/21/2024,16:00,SWEETWN2_2_4, 15.64,N
01/21/2024,16:00,SWEETWN3_3, 15.64,N
01/21/2024,16:00,SWEETWND_1, 15.64,N
01/21/2024,16:00,SWOOSE1_U1, 15.4,N
01/21/2024,16:00,SWOOSEII_RN, 15.4,N
01/21/2024,16:00,SWTWN4_WND45, 15.64,N
01/21/2024,16:00,SWT_BESS_RN, 15.63,N
01/21/2024,16:00,S_HILLS_RN, 16.09,N
01/21/2024,16:00,TAHOKA_ALL, 15.69,N
01/21/2024,16:00,TAV_RN, 17.49,N
01/21/2024,16:00,TAYGETE2_ALL, 15.35,N
01/21/2024,16:00,TAYGETE_ALL, 15.35,N
01/21/2024,16:00,TBWF_ES_BES1, 15.31,N
01/21/2024,16:00,TC_PUN1, 17.36,N
01/21/2024,16:00,TC_PUN2, 17.36,N
01/21/2024,16:00,TC_TCHP1, 17.36,N
01/21/2024,16:00,TEN_CC1, 16.9,N
01/21/2024,16:00,TEN_CT1_STG, 16.9,N
01/21/2024,16:00,TGCCS_ALL, 16.99,N
01/21/2024,16:00,TGCCS_CC1, 16.99,N
01/21/2024,16:00,TGF_TGFGT, 17.61,N
01/21/2024,16:00,TGS_GT01, 17.61,N
01/21/2024,16:00,TGW_T1_T2, 17.57,N
01/21/2024,16:00,THW_1_CCU, 17.34,N
01/21/2024,16:00,THW_2_CCU, 17.34,N
01/21/2024,16:00,THW_CC1, 17.34,N
01/21/2024,16:00,THW_CC2, 17.34,N
01/21/2024,16:00,THW_THWGT5X, 17.34,N
01/21/2024,16:00,THW_THWGT_1, 17.34,N
01/21/2024,16:00,TI_SOLAR_ALL, 15.39,N
01/21/2024,16:00,TKWSW_CHAMP, 15.69,N
01/21/2024,16:00,TKWSW_ROSCOE, 15.69,N
01/21/2024,16:00,TNP_TNP_O_1, 17.24,N
01/21/2024,16:00,TNP_TNP_O_2, 17.24,N
01/21/2024,16:00,TNSKA_CC1, 16.9,N
01/21/2024,16:00,TNSKA_CCU, 16.9,N
01/21/2024,16:00,TOPAZ_ALL, 17.37,N
01/21/2024,16:00,TORR_ALL, 17.6,N
01/21/2024,16:00,TORT_ESS_RN, 17.38,N
01/21/2024,16:00,TOYAH_RN, 15.32,N
01/21/2024,16:00,TREB_SOLAR1, 17.52,N
01/21/2024,16:00,TRENT_TRENT, 15.62,N
01/21/2024,16:00,TRINITY_ALL, 15.96,N
01/21/2024,16:00,TRIPBUT1_RN, 15.33,N
01/21/2024,16:00,TRSES_UNIT6, 17,N
01/21/2024,16:00,TRUENO_ALL, 17.58,N
01/21/2024,16:00,TRUSGILL_RN, 15.91,N
01/21/2024,16:00,TTRSW_RN, 16.91,N
01/21/2024,16:00,TTWEC_G1, 15.31,N
01/21/2024,16:00,TURQ_BESS1, 16.92,N
01/21/2024,16:00,TV_RN, 17.41,N
01/21/2024,16:00,TXCTY_CC1, 17.37,N
01/21/2024,16:00,TXCTY_CTA, 17.37,N
01/21/2024,16:00,TXCTY_CTB, 17.37,N
01/21/2024,16:00,TXCTY_CTC, 17.37,N
01/21/2024,16:00,TXCTY_ST, 17.37,N
01/21/2024,16:00,TYLRWIND_RN, 16.75,N
01/21/2024,16:00,T_CK_GT2_RN, 15.77,N
01/21/2024,16:00,T_CK_GT3_RN, 15.77,N
01/21/2024,16:00,UCC_COG_PUN2, 17.37,N
01/21/2024,16:00,UCC_UCC_C_2, 17.37,N
01/21/2024,16:00,VANCOURT_RN, 17.58,N
01/21/2024,16:00,VENADO_ALL, 17.65,N
01/21/2024,16:00,VERAWIND_ALL, 15.91,N
01/21/2024,16:00,VERTIGO_UN1, 15.87,N
01/21/2024,16:00,VICTORIA_CC1, 17.58,N
01/21/2024,16:00,VICTPORT_RN, 17.57,N
01/21/2024,16:00,VIC_VICTORG5, 17.58,N
01/21/2024,16:00,VIC_VICTORG6, 17.58,N
01/21/2024,16:00,VISION_RN, 17.01,N
01/21/2024,16:00,VLSES_UNIT3, 16.9,N
01/21/2024,16:00,VORT_ALL_RN, 15.94,N
01/21/2024,16:00,WAKEWE_ALL, 15.85,N
01/21/2024,16:00,WAP_WAPGT_1, 17.4,N
01/21/2024,16:00,WAP_WAP_G1, 17.4,N
01/21/2024,16:00,WAP_WAP_G2, 17.4,N
01/21/2024,16:00,WAP_WAP_G3, 17.41,N
01/21/2024,16:00,WAP_WAP_G4, 17.41,N
01/21/2024,16:00,WAP_WAP_G5, 17.4,N
01/21/2024,16:00,WAP_WAP_G6, 17.38,N
01/21/2024,16:00,WAP_WAP_G7, 17.38,N
01/21/2024,16:00,WAP_WAP_G8, 17.38,N
01/21/2024,16:00,WAYMARK_RN, 15.24,N
01/21/2024,16:00,WCPP_CC1, 16.8,N
01/21/2024,16:00,WCPP_CT1, 16.8,N
01/21/2024,16:00,WCPP_CT2, 16.8,N
01/21/2024,16:00,WCPP_ST1, 16.8,N
01/21/2024,16:00,WEBBER_WS_T1, 17.73,N
01/21/2024,16:00,WEC_WECG1, 15.79,N
01/21/2024,16:00,WES_ALL, 17.45,N
01/21/2024,16:00,WFCOGEN_13, 16.01,N
01/21/2024,16:00,WFCOGEN_24, 16.01,N
01/21/2024,16:00,WFCOGEN_CC1, 16.01,N
01/21/2024,16:00,WFTANK_ESS1, 17.6,N
01/21/2024,16:00,WGU_RN, 17.44,N
01/21/2024,16:00,WHCCS2_4, 16.87,N
01/21/2024,16:00,WHCCS2_5_6, 16.87,N
01/21/2024,16:00,WHCCS2_CC2, 16.87,N
01/21/2024,16:00,WHCCS_CC1, 16.87,N
01/21/2024,16:00,WHCCS_CT1_ST, 16.87,N
01/21/2024,16:00,WHCCS_CT2, 16.87,N
01/21/2024,16:00,WHITE_PT_UN1, 17.57,N
01/21/2024,16:00,WHMESA_U1, 11.09,N
01/21/2024,16:00,WHTTAIL_WR1, 16.72,N
01/21/2024,16:00,WH_WIND_ALL, 15.78,N
01/21/2024,16:00,WILDWIND_ALL, 16.85,N
01/21/2024,16:00,WIPOPA_1_2, 17.69,N
01/21/2024,16:00,WIPOPA_3_4, 17.69,N
01/21/2024,16:00,WIR_WIRTZ_G1, 19,N
01/21/2024,16:00,WIR_WIRTZ_G2, 19,N
01/21/2024,16:00,WLTC_ESR_RN, 17.57,N
01/21/2024,16:00,WL_RANCH_RN, 14.87,N
01/21/2024,16:00,WNDTS2_UNIT1, 16.19,N
01/21/2024,16:00,WND_WHITNEY, 17.06,N
01/21/2024,16:00,WOODWRD1_RN, 15.3,N
01/21/2024,16:00,WOODWRD2_RN, 15.3,N
01/21/2024,16:00,WOV_BESS_RN, 15.45,N
01/21/2024,16:00,WRSBES_BESS1, 15.39,N
01/21/2024,16:00,W_HRL_ESR_RN, 17.58,N
01/21/2024,16:00,W_PECO_UNIT1, 15.39,N
01/21/2024,16:00,X443ESRN, 19.09,N
01/21/2024,16:00,YNG_WND_ALL, 15.97,N
01/21/2024,16:00,ZIER_SLR_ALL, 17.31,N
01/21/2024,17:00,7RNCHSLR_ALL, 19.69,N
01/21/2024,17:00,AEEC, 18.23,N
01/21/2024,17:00,AGUAYO_UNIT1, 18.61,N
01/21/2024,17:00,AJAXWIND_RN, 18.38,N
01/21/2024,17:00,ALGOD_ALL_RN, 19.41,N
01/21/2024,17:00,ALVIN_RN, 19.31,N
01/21/2024,17:00,AMADEUS_ALL, 18.3,N
01/21/2024,17:00,AMISTAD_ALL, 19.35,N
01/21/2024,17:00,AMOCOOIL_CC1, 19.3,N
01/21/2024,17:00,AMOCOOIL_CC2, 19.3,N
01/21/2024,17:00,AMOCO_PUN1, 19.3,N
01/21/2024,17:00,AMOCO_PUN2, 19.3,N
01/21/2024,17:00,AMO_AMOCO_1, 19.3,N
01/21/2024,17:00,AMO_AMOCO_2, 19.3,N
01/21/2024,17:00,AMO_AMOCO_5, 19.3,N
01/21/2024,17:00,AMO_AMOCO_G1, 19.3,N
01/21/2024,17:00,AMO_AMOCO_G2, 19.3,N
01/21/2024,17:00,AMO_AMOCO_G3, 19.3,N
01/21/2024,17:00,AMO_AMOCO_S1, 19.3,N
01/21/2024,17:00,AMO_AMOCO_S2, 19.3,N
01/21/2024,17:00,ANACACHO_ANA, 19.51,N
01/21/2024,17:00,ANCHOR_ALL, 18.58,N
01/21/2024,17:00,ANDMDSLR_ALL, 18.26,N
01/21/2024,17:00,ANEM_ESS_RN, 19.46,N
01/21/2024,17:00,ANG_ALL, 17.57,N
01/21/2024,17:00,ANSON1_ALL, 18.33,N
01/21/2024,17:00,APPALOSA_ALL, 17.7,N
01/21/2024,17:00,AQUI_ALL, 18.91,N
01/21/2024,17:00,ARAGORN_RN, 17.82,N
01/21/2024,17:00,ASTRA_RN, 3.36,N
01/21/2024,17:00,ATK_ATKINSG7, 19.16,N
01/21/2024,17:00,AURO_SLR_RN, 19.18,N
01/21/2024,17:00,AUSTPL_ALL, 20.71,N
01/21/2024,17:00,AVIAT_ALL, 17.73,N
01/21/2024,17:00,AZURE_RN, 18.35,N
01/21/2024,17:00,AZ_ALL, 19.27,N
01/21/2024,17:00,BAC_RN_ALL, 19.3,N
01/21/2024,17:00,BAFFIN_ALL, 19.44,N
01/21/2024,17:00,BAIRDWND_ALL, 18.47,N
01/21/2024,17:00,BARROW_ALL, 17.92,N
01/21/2024,17:00,BASTEN_CC1, 19.72,N
01/21/2024,17:00,BASTEN_CCU, 19.72,N
01/21/2024,17:00,BATCAVE_RN, 24.5,N
01/21/2024,17:00,BAYC_BESS_RN, 20.26,N
01/21/2024,17:00,BBREEZE_1_2, 19.45,N
01/21/2024,17:00,BCATWD_WD_1, 18.43,N
01/21/2024,17:00,BCH_RN, 19.37,N
01/21/2024,17:00,BCK_RN, 19.33,N
01/21/2024,17:00,BELM_SLR_RN, 19.18,N
01/21/2024,17:00,BIGSTAR_ALL, 19.7,N
01/21/2024,17:00,BLACKJAK_RN, 19.43,N
01/21/2024,17:00,BLSMT1_5_A_6, 18.35,N
01/21/2024,17:00,BLUEJAY_RN, 19.15,N
01/21/2024,17:00,BOARDCRK_ALL, 18.93,N
01/21/2024,17:00,BOOTLEG_UN1, 17.63,N
01/21/2024,17:00,BORDAS_345, 19.48,N
01/21/2024,17:00,BOSQUESW_CC1, 18.99,N
01/21/2024,17:00,BOSQUESW_CC2, 19.01,N
01/21/2024,17:00,BOSQ_BSQSU_5, 19.01,N
01/21/2024,17:00,BOSQ_BSQS_12, 19.01,N
01/21/2024,17:00,BOSQ_BSQS_34, 18.99,N
01/21/2024,17:00,BRANDON_RN, 19.19,N
01/21/2024,17:00,BRAUNIG_CC1, 18.62,N
01/21/2024,17:00,BRAUNIG_VHB1, 21.24,N
01/21/2024,17:00,BRAUNIG_VHB2, 21.24,N
01/21/2024,17:00,BRAUNIG_VHB3, 21.61,N
01/21/2024,17:00,BRAZ_WND_ALL, 18.08,N
01/21/2024,17:00,BRA_AVR1_CT2, 18.62,N
01/21/2024,17:00,BRA_AVR_CST1, 18.62,N
01/21/2024,17:00,BRHEIGHT_RN, 19.3,N
01/21/2024,17:00,BRIGHTSD_RN, 19.58,N
01/21/2024,17:00,BRIGHTSD_U1, 19.6,N
01/21/2024,17:00,BRISCOE_WIND, 3.37,N
01/21/2024,17:00,BRPANGLE_RN, 19.41,N
01/21/2024,17:00,BRPMAGNO_RN, 19.3,N
01/21/2024,17:00,BRP_BRAZ_RN, 19.42,N
01/21/2024,17:00,BRP_DIKN_RN, 19.3,N
01/21/2024,17:00,BRP_LOOP_RN, 19.46,N
01/21/2024,17:00,BRP_LOP1_RN, 19.75,N
01/21/2024,17:00,BRP_PBL1_RN, 49.51,N
01/21/2024,17:00,BRP_PBL2_RN, 49.51,N
01/21/2024,17:00,BRP_RN_UNIT1, 20.16,N
01/21/2024,17:00,BRP_SEMI_RN, 19.3,N
01/21/2024,17:00,BRP_SWNY_RN, 19.42,N
01/21/2024,17:00,BRP_ZPT1_RN, 19.77,N
01/21/2024,17:00,BRP_ZPT2_RN, 19.77,N
01/21/2024,17:00,BRTSW_BCW1, 18.73,N
01/21/2024,17:00,BR_ARROW_ALL, 18.82,N
01/21/2024,17:00,BR_VHB6CT5_6, 21.24,N
01/21/2024,17:00,BR_VHB6CT7_8, 21.24,N
01/21/2024,17:00,BSS_U1, 19.42,N
01/21/2024,17:00,BTE_BTE_G1, 19.27,N
01/21/2024,17:00,BTE_BTE_G2, 19.27,N
01/21/2024,17:00,BTE_BTE_G3, 19.27,N
01/21/2024,17:00,BTE_BTE_G4, 19.27,N
01/21/2024,17:00,BTE_CC1, 19.27,N
01/21/2024,17:00,BTE_PUN1, 19.27,N
01/21/2024,17:00,BTE_PUN2, 19.27,N
01/21/2024,17:00,BTM_ALL, 19.36,N
01/21/2024,17:00,BUCHAN_ALL, 20.36,N
01/21/2024,17:00,BUCKTHRN_RN, 18.82,N
01/21/2024,17:00,BUFF_GAP_ALL, 18.04,N
01/21/2024,17:00,BULLCRK_1_2, 18.07,N
01/21/2024,17:00,BVE_CC1, 19.31,N
01/21/2024,17:00,BVE_UNIT1, 19.31,N
01/21/2024,17:00,BVE_UNIT2, 19.31,N
01/21/2024,17:00,BVE_UNIT3, 19.31,N
01/21/2024,17:00,BYRDR_ES_ALL, 19.42,N
01/21/2024,17:00,BYU_BYU_1, 19.29,N
01/21/2024,17:00,BYU_BYU_12, 19.29,N
01/21/2024,17:00,BYU_BYU_34, 19.29,N
01/21/2024,17:00,BYU_BYU_G8, 19.29,N
01/21/2024,17:00,BYU_CC1, 19.29,N
01/21/2024,17:00,BYU_G4_RN, 19.29,N
01/21/2024,17:00,BYU_PUN1, 19.29,N
01/21/2024,17:00,BYU_PUN2, 19.29,N
01/21/2024,17:00,BYU_PUN3, 19.29,N
01/21/2024,17:00,BYU_PUN4, 19.29,N
01/21/2024,17:00,B_DAVIS_3, 19.43,N
01/21/2024,17:00,B_DAVIS_4, 19.43,N
01/21/2024,17:00,B_DAVIS_CC1, 19.43,N
01/21/2024,17:00,B_D_B_DAVIG1, 19.43,N
01/21/2024,17:00,B_D_B_DAVIG2, 19.43,N
01/21/2024,17:00,CABEZON_ALL, 19.47,N
01/21/2024,17:00,CALAVER_JKS1, 19,N
01/21/2024,17:00,CALAVER_JKS2, 19,N
01/21/2024,17:00,CALAVER_JTD1, 21.12,N
01/21/2024,17:00,CALAVER_JTD2, 21.12,N
01/21/2024,17:00,CALAVER_OWS1, 21.33,N
01/21/2024,17:00,CALAVER_OWS2, 21.33,N
01/21/2024,17:00,CALHOUN_ALL, 19.38,N
01/21/2024,17:00,CALLAHA_WND1, 17.91,N
01/21/2024,17:00,CAL_CALGT1, 19.28,N
01/21/2024,17:00,CAL_CALSTG1, 19.28,N
01/21/2024,17:00,CAL_CC1, 19.28,N
01/21/2024,17:00,CAL_PUN1, 19.28,N
01/21/2024,17:00,CAL_PUN2, 19.28,N
01/21/2024,17:00,CAMWIND_RN, 19.21,N
01/21/2024,17:00,CANYONWD_ALL, 18.15,N
01/21/2024,17:00,CAPRIDG4_CR4, 17.73,N
01/21/2024,17:00,CAPRIDGE_ALL, 17.73,N
01/21/2024,17:00,CARBN_BSP_1, 16.84,N
01/21/2024,17:00,CASL_GAP_UN1, 17.74,N
01/21/2024,17:00,CATARINA_B1, 21.02,N
01/21/2024,17:00,CBECII_89, 19.35,N
01/21/2024,17:00,CBECII_CC3, 19.35,N
01/21/2024,17:00,CBECII_CT7, 19.35,N
01/21/2024,17:00,CBEC_ALL, 19.68,N
01/21/2024,17:00,CBEC_CC1, 19.68,N
01/21/2024,17:00,CBEC_CC2, 19.68,N
01/21/2024,17:00,CBY4_ALL, 19.27,N
01/21/2024,17:00,CBY4_CC1, 19.27,N
01/21/2024,17:00,CBY_CBY_G1, 19.27,N
01/21/2024,17:00,CBY_CBY_G2, 19.27,N
01/21/2024,17:00,CCEC_CC1, 19.44,N
01/21/2024,17:00,CCEC_GT1, 19.44,N
01/21/2024,17:00,CCEC_GT2, 19.44,N
01/21/2024,17:00,CCEC_PUN1, 19.44,N
01/21/2024,17:00,CCEC_PUN2, 19.44,N
01/21/2024,17:00,CCEC_ST1, 19.44,N
01/21/2024,17:00,CEDROHI_CHW1, 19.48,N
01/21/2024,17:00,CEDRVALE_RN, 17.8,N
01/21/2024,17:00,CFLATS_UNIT, 10.66,N
01/21/2024,17:00,CHALUP_ALL, 19.45,N
01/21/2024,17:00,CHAL_SLR_RN, 17.82,N
01/21/2024,17:00,CHAMON_UN1, 19.27,N
01/21/2024,17:00,CHAMON_UN2, 19.27,N
01/21/2024,17:00,CHEDPW_GT2, 19.26,N
01/21/2024,17:00,CHE_CC1, 19.26,N
01/21/2024,17:00,CHE_LYD, 19.27,N
01/21/2024,17:00,CHE_LYD2, 19.27,N
01/21/2024,17:00,CHE_PUN1, 19.27,N
01/21/2024,17:00,CHE_PUN2, 19.27,N
01/21/2024,17:00,CHISMGRD_RN, 18.98,N
01/21/2024,17:00,CISC_RN, 18.45,N
01/21/2024,17:00,CITYVICT_ALL, 19.46,N
01/21/2024,17:00,CN_BRKS_UNT1, 3.37,N
01/21/2024,17:00,COL_COLETOG1, 19.47,N
01/21/2024,17:00,CONIGLIO_RN, 18.82,N
01/21/2024,17:00,CONTINEN_RN, 19.48,N
01/21/2024,17:00,CORALSLR_ALL, 19.06,N
01/21/2024,17:00,CORAZON_RN, 19.48,N
01/21/2024,17:00,COTPLNS_RN, 3.36,N
01/21/2024,17:00,COTTON_PAP2, 19.43,N
01/21/2024,17:00,COYOTSPR_RN, 17.8,N
01/21/2024,17:00,CPSES_UNIT1, 18.66,N
01/21/2024,17:00,CPSES_UNIT2, 18.66,N
01/21/2024,17:00,CRANELL_ALL, 19.43,N
01/21/2024,17:00,CROSSETT_ALL, 17.74,N
01/21/2024,17:00,CRWN_SLR_UN1, 19.11,N
01/21/2024,17:00,CSC_CSECG1_2, 18.1,N
01/21/2024,17:00,CVC_CC1, 19.26,N
01/21/2024,17:00,CVC_CVCG1_5, 19.26,N
01/21/2024,17:00,CVC_CVC_G2, 19.26,N
01/21/2024,17:00,CVC_CVC_G3, 19.26,N
01/21/2024,17:00,DAG_ALL, 19.48,N
01/21/2024,17:00,DANSBY_ALL, 19.16,N
01/21/2024,17:00,DAN_ALL, 19.36,N
01/21/2024,17:00,DA_BESS, 19.41,N
01/21/2024,17:00,DC2SES_ALL, 18.75,N
01/21/2024,17:00,DC_E, 18.82,N
01/21/2024,17:00,DC_L, 19.47,N
01/21/2024,17:00,DC_N, 18.36,N
01/21/2024,17:00,DC_R, 19.46,N
01/21/2024,17:00,DDPEC_CC1, 19.28,N
01/21/2024,17:00,DDPEC_GT1, 19.28,N
01/21/2024,17:00,DDPEC_GT2, 19.28,N
01/21/2024,17:00,DDPEC_GT3, 19.28,N
01/21/2024,17:00,DDPEC_GT4, 19.28,N
01/21/2024,17:00,DDPEC_GT6, 19.28,N
01/21/2024,17:00,DDPEC_ST1, 19.28,N
01/21/2024,17:00,DECKER_DPG2, 19.8,N
01/21/2024,17:00,DECKER_GT, 19.8,N
01/21/2024,17:00,DENISON_G1_2, 18.81,N
01/21/2024,17:00,DERMOTT_ALL, 18.21,N
01/21/2024,17:00,DIBOL_RN, 18.91,N
01/21/2024,17:00,DIB_CC1, 19.28,N
01/21/2024,17:00,DIB_DIB_G1, 19.28,N
01/21/2024,17:00,DIB_DIB_G2, 19.28,N
01/21/2024,17:00,DIB_DIB_G3, 19.28,N
01/21/2024,17:00,DIB_DIB_G4, 19.28,N
01/21/2024,17:00,DIB_PUN1, 19.28,N
01/21/2024,17:00,DIB_PUN2, 19.28,N
01/21/2024,17:00,DILEOS_UNIT1, 18.99,N
01/21/2024,17:00,DKNS_ESS_RN, 18.27,N
01/21/2024,17:00,DOWGEN_PUN1, 19.35,N
01/21/2024,17:00,DOWGEN_PUN2, 19.35,N
01/21/2024,17:00,DOWGEN_PUN3, 19.35,N
01/21/2024,17:00,DOW_61_2_63, 19.35,N
01/21/2024,17:00,DOW_64, 19.35,N
01/21/2024,17:00,DOW_81_2_84, 19.35,N
01/21/2024,17:00,DOW_G37_G35, 19.35,N
01/21/2024,17:00,DOW_G66_ST65, 19.35,N
01/21/2024,17:00,DOW_G67, 19.35,N
01/21/2024,17:00,DOW_G96_ST95, 19.35,N
01/21/2024,17:00,DUKE_CC1, 19.46,N
01/21/2024,17:00,DUKE_GST1CCU, 19.46,N
01/21/2024,17:00,DUKE_GT2_CCU, 19.46,N
01/21/2024,17:00,DUP_PUN1, 19.45,N
01/21/2024,17:00,DUP_PUN2, 19.45,N
01/21/2024,17:00,DUP_PUN3, 19.45,N
01/21/2024,17:00,DUP_PUN4, 19.45,N
01/21/2024,17:00,EBELLS_UNIT1, 19.18,N
01/21/2024,17:00,EBNY_ESS_RN, 20.12,N
01/21/2024,17:00,ECLIPSE_UN1, 19.47,N
01/21/2024,17:00,EIFSLR_UNIT1, 18.82,N
01/21/2024,17:00,ELB_ELBCREEK, 17.93,N
01/21/2024,17:00,ELECTRAW_1_2, 18.37,N
01/21/2024,17:00,ELSAUZ_ALL, 19.45,N
01/21/2024,17:00,ELSA_ESR_RN, 19.45,N
01/21/2024,17:00,ELS_RN_1, 18.83,N
01/21/2024,17:00,EL_RAYO_ALL, 19.45,N
01/21/2024,17:00,ENDPARK_ESS1, 18.18,N
01/21/2024,17:00,ERSL_RN, 20.01,N
01/21/2024,17:00,ESTONIAN_ALL, 18.82,N
01/21/2024,17:00,ETCCS_CC1, 18.86,N
01/21/2024,17:00,ETCCS_CCU, 18.86,N
01/21/2024,17:00,EUNICE_ALL, 17.93,N
01/21/2024,17:00,EXGNSND_RN, 19.77,N
01/21/2024,17:00,EXGNWTL_1, 19.48,N
01/21/2024,17:00,EXN_14, 19.27,N
01/21/2024,17:00,EXN_1_3, 19.27,N
01/21/2024,17:00,EXN_4, 19.27,N
01/21/2024,17:00,EXN_8, 19.27,N
01/21/2024,17:00,EXN_9_13, 19.27,N
01/21/2024,17:00,EXN_PUN1, 19.27,N
01/21/2024,17:00,EXN_PUN2, 19.27,N
01/21/2024,17:00,EXN_PUN3, 19.27,N
01/21/2024,17:00,E_BLACK_RN, 19.58,N
01/21/2024,17:00,FALFUR_RN, 19.46,N
01/21/2024,17:00,FAL_FALCONG1, 19.74,N
01/21/2024,17:00,FAL_FALCONG2, 19.74,N
01/21/2024,17:00,FAL_FALCONG3, 19.74,N
01/21/2024,17:00,FAULKNER_RN, 17.8,N
01/21/2024,17:00,FEGC_RN, 19.31,N
01/21/2024,17:00,FENCESLR_ALL, 18.91,N
01/21/2024,17:00,FERGCC_CC1, 20.73,N
01/21/2024,17:00,FERGCC_GT1_1, 20.73,N
01/21/2024,17:00,FERGCC_GT2_3, 20.73,N
01/21/2024,17:00,FERGCC_ST1_5, 20.73,N
01/21/2024,17:00,FERMI_ALL, 16.15,N
01/21/2024,17:00,FILESSLR_PV1, 18.87,N
01/21/2024,17:00,FIVEWSLR_ALL, 19.24,N
01/21/2024,17:00,FLCNS_CC1, 17.97,N
01/21/2024,17:00,FLCNS_UNIT1, 17.97,N
01/21/2024,17:00,FLCNS_UNIT2, 17.97,N
01/21/2024,17:00,FLCNS_UNIT3, 17.97,N
01/21/2024,17:00,FLOWERII_RN, 17.78,N
01/21/2024,17:00,FLTBES1, 17.78,N
01/21/2024,17:00,FLTCK_SSI, 18.67,N
01/21/2024,17:00,FLUVANNA_1_2, 18.18,N
01/21/2024,17:00,FLVABES1_ESR, 17.78,N
01/21/2024,17:00,FOARDCTY_ALL, 18.34,N
01/21/2024,17:00,FORMOSA_CC1, 19.37,N
01/21/2024,17:00,FORMOSA_CC2, 19.37,N
01/21/2024,17:00,FORMOSA_PUN1, 19.37,N
01/21/2024,17:00,FORMOSA_PUN2, 19.37,N
01/21/2024,17:00,FOXTROT_ALL, 19.38,N
01/21/2024,17:00,FO_FORMOSA11, 19.37,N
01/21/2024,17:00,FO_FORMOSA12, 19.37,N
01/21/2024,17:00,FO_FORMOSG1, 19.37,N
01/21/2024,17:00,FO_FORMOSG10, 19.37,N
01/21/2024,17:00,FO_FORMOSG13, 19.37,N
01/21/2024,17:00,FO_FORMOSG14, 19.37,N
01/21/2024,17:00,FO_FORMOSG15, 19.37,N
01/21/2024,17:00,FO_FORMOSG2, 19.37,N
01/21/2024,17:00,FO_FORMOSG3, 19.37,N
01/21/2024,17:00,FO_FORMOSG4, 19.37,N
01/21/2024,17:00,FO_FORMOSG5, 19.37,N
01/21/2024,17:00,FO_FORMOSG6, 19.37,N
01/21/2024,17:00,FO_FORMOSG7, 19.37,N
01/21/2024,17:00,FO_FORMOSG8, 19.37,N
01/21/2024,17:00,FO_FORMOSG9, 19.37,N
01/21/2024,17:00,FPPYD_FPP_G1, 19.66,N
01/21/2024,17:00,FPPYD_FPP_G2, 19.66,N
01/21/2024,17:00,FPPYD_FPP_G3, 19.66,N
01/21/2024,17:00,FREC_1_CCU, 18.94,N
01/21/2024,17:00,FREC_2_CCU, 18.94,N
01/21/2024,17:00,FREC_CC1, 18.94,N
01/21/2024,17:00,FREC_CC2, 18.94,N
01/21/2024,17:00,FRMRSVLW_RN, 18.82,N
01/21/2024,17:00,FRNYPP_1_CCU, 18.85,N
01/21/2024,17:00,FRNYPP_2_CCU, 18.85,N
01/21/2024,17:00,FRNYPP_CC1, 18.85,N
01/21/2024,17:00,FRNYPP_CC2, 18.85,N
01/21/2024,17:00,FRONT_EC_CC1, 19.46,N
01/21/2024,17:00,FRONT_EC_RN1, 19.46,N
01/21/2024,17:00,FRONT_EC_RN2, 19.46,N
01/21/2024,17:00,FRONT_EC_RN3, 19.46,N
01/21/2024,17:00,FRYE_SLR_ALL, 3.37,N
01/21/2024,17:00,FTR_CC1, 19.17,N
01/21/2024,17:00,FTR_FTR_G1_4, 19.17,N
01/21/2024,17:00,FTWIND_UNIT1, 18.38,N
01/21/2024,17:00,FWLR_SLR_1, 17.75,N
01/21/2024,17:00,GALO_RN1, 17.89,N
01/21/2024,17:00,GAMBIT_RN, 19.41,N
01/21/2024,17:00,GARC_BESS_RN, 19.48,N
01/21/2024,17:00,GBY_GT, 19.27,N
01/21/2024,17:00,GID_GIDEONG1, 19.73,N
01/21/2024,17:00,GID_GIDEONG2, 19.73,N
01/21/2024,17:00,GID_GIDEONG3, 19.73,N
01/21/2024,17:00,GIGA_ESS_RN, 19.59,N
01/21/2024,17:00,GOA_GOATWIND, 17.77,N
01/21/2024,17:00,GOLINDA_UN1, 19.11,N
01/21/2024,17:00,GOMZ_RN, 17.73,N
01/21/2024,17:00,GOODNIT1_ALL, 3.37,N
01/21/2024,17:00,GPASTURE_ALL, 18.29,N
01/21/2024,17:00,GRANDVW1_A_B, 3.38,N
01/21/2024,17:00,GRDNE_ESR_RN, 17.85,N
01/21/2024,17:00,GREASWOD_ALL, 17.64,N
01/21/2024,17:00,GRIF_TRL_RN, 18.34,N
01/21/2024,17:00,GRSES_UNIT1, 18.41,N
01/21/2024,17:00,GRSES_UNIT2, 18.34,N
01/21/2024,17:00,GUADG_CC1, 19.66,N
01/21/2024,17:00,GUADG_CC2, 19.66,N
01/21/2024,17:00,GUADG_CCU1, 19.66,N
01/21/2024,17:00,GUADG_CCU2, 19.66,N
01/21/2024,17:00,GUNMTN_NODE, 17.9,N
01/21/2024,17:00,GWEC_G1, 19.37,N
01/21/2024,17:00,HALO_RN1, 19.22,N
01/21/2024,17:00,HAMI_BESS_RN, 19.35,N
01/21/2024,17:00,HAYSEN1_2, 14.48,N
01/21/2024,17:00,HAYSEN3_4, 19.31,N
01/21/2024,17:00,HB_BUSAVG, 18.9,N
01/21/2024,17:00,HB_HOUSTON, 19.27,N
01/21/2024,17:00,HB_HUBAVG, 18.86,N
01/21/2024,17:00,HB_NORTH, 18.84,N
01/21/2024,17:00,HB_PAN, 4.73,N
01/21/2024,17:00,HB_SOUTH, 19.23,N
01/21/2024,17:00,HB_WEST, 18.08,N
01/21/2024,17:00,HELIOS_RN, 23.8,N
01/21/2024,17:00,HHGT_KENDAL, 17.24,N
01/21/2024,17:00,HHOLLW2_WND1, 18.04,N
01/21/2024,17:00,HHOLLW3_WND1, 18.04,N
01/21/2024,17:00,HHOLLW4_WND1, 18.04,N
01/21/2024,17:00,HICK_G1_G2, 13.03,N
01/21/2024,17:00,HI_LONEB_RN1, 13.19,N
01/21/2024,17:00,HI_LONE_ALL, 13.19,N
01/21/2024,17:00,HLSES_UNIT3, 18.91,N
01/21/2024,17:00,HLSES_UNIT4, 18.91,N
01/21/2024,17:00,HLSES_UNIT5, 18.91,N
01/21/2024,17:00,HMNG_ESS_RN, 18.71,N
01/21/2024,17:00,HOLCOMB_RN1, 19.8,N
01/21/2024,17:00,HOLSTEIN_ALL, 18.06,N
01/21/2024,17:00,HOL_ALL, 19.35,N
01/21/2024,17:00,HOPKNSLR_ALL, 18.82,N
01/21/2024,17:00,HORSCR_RN, 17.73,N
01/21/2024,17:00,HORSECRK_RN, 18.35,N
01/21/2024,17:00,HOUSEMTN_RN, 17.74,N
01/21/2024,17:00,HOVEY_GEN, 17.74,N
01/21/2024,17:00,HRBESS_BESS, 18.13,N
01/21/2024,17:00,HRFDWIND_ALL, 3.36,N
01/21/2024,17:00,HRZN_SLR_UN1, 20.13,N
01/21/2024,17:00,HWF_HWFG1, 18.22,N
01/21/2024,17:00,HYDR_ESS_RN, 17.62,N
01/21/2024,17:00,H_HOLLO_WND1, 18.04,N
01/21/2024,17:00,IMP_RN1, 18.82,N
01/21/2024,17:00,INDNENR_1_RN, 17.73,N
01/21/2024,17:00,INDNENR_2_RN, 17.72,N
01/21/2024,17:00,INDNNWP_RN, 17.73,N
01/21/2024,17:00,IND_INADALE1, 18.1,N
01/21/2024,17:00,INGLCOSW_CC1, 19.43,N
01/21/2024,17:00,INGLCOSW_STG, 19.43,N
01/21/2024,17:00,INGLCOS_CTG1, 19.43,N
01/21/2024,17:00,INGLCOS_CTG2, 19.43,N
01/21/2024,17:00,INGLCO_PUN1, 19.43,N
01/21/2024,17:00,INGLCO_PUN2, 19.43,N
01/21/2024,17:00,INGLCO_PUN3, 19.43,N
01/21/2024,17:00,INKS_INKS_G1, 22.33,N
01/21/2024,17:00,INRT_W_ALL, 18.35,N
01/21/2024,17:00,JACKCNTY_CC1, 18.95,N
01/21/2024,17:00,JACKCNTY_CT1, 18.95,N
01/21/2024,17:00,JACKCNTY_CT2, 18.95,N
01/21/2024,17:00,JACKCNTY_STG, 18.95,N
01/21/2024,17:00,JADE_SLR_ALL, 18.22,N
01/21/2024,17:00,JAY_RN_1, 19.32,N
01/21/2024,17:00,JCKCNTY2_CC1, 18.46,N
01/21/2024,17:00,JCKCNTY2_CT3, 18.46,N
01/21/2024,17:00,JCKCNTY2_CT4, 18.46,N
01/21/2024,17:00,JCKCNTY2_ST2, 18.46,N
01/21/2024,17:00,JC_BAT_RN, 20.45,N
01/21/2024,17:00,JDKNS_RN, 17.88,N
01/21/2024,17:00,JUNCTION_RN, 30.22,N
01/21/2024,17:00,JUNO_ALL, 18.06,N
01/21/2024,17:00,KARAKAW1_1, 19.41,N
01/21/2024,17:00,KARAKAW2_1, 19.41,N
01/21/2024,17:00,KEECHI_U1, 18.95,N
01/21/2024,17:00,KELAMSL_U1, 18.9,N
01/21/2024,17:00,KEO_KEO_SM1, 17.73,N
01/21/2024,17:00,KINGE_ALL, 17.72,N
01/21/2024,17:00,KINGW_ALL, 17.73,N
01/21/2024,17:00,KMCHI_CC1, 18.81,N
01/21/2024,17:00,KMCHI_CC2, 18.81,N
01/21/2024,17:00,LACY_CRK_ALL, 17.89,N
01/21/2024,17:00,LAMESASLR_G, 17.98,N
01/21/2024,17:00,LAPETUS_U1, 17.92,N
01/21/2024,17:00,LARDVFTN_G4, 19.47,N
01/21/2024,17:00,LARDVFTN_G5, 19.47,N
01/21/2024,17:00,LASSO_GEN, 17.74,N
01/21/2024,17:00,LBRA_BES1, 19.56,N
01/21/2024,17:00,LEG_LEG_G1, 19.06,N
01/21/2024,17:00,LEG_LEG_G2, 19.06,N
01/21/2024,17:00,LEONLCPCT1_2, 22.21,N
01/21/2024,17:00,LEONLCPCT3_4, 22.21,N
01/21/2024,17:00,LFSTH_RN, 18.91,N
01/21/2024,17:00,LGDRAW_S_ALL, 18.06,N
01/21/2024,17:00,LGD_LANGFORD, 16.58,N
01/21/2024,17:00,LGE_CC1, 19.43,N
01/21/2024,17:00,LGE_LGE_GT1, 19.43,N
01/21/2024,17:00,LGE_LGE_GT2, 19.43,N
01/21/2024,17:00,LGE_LGE_STG, 19.43,N
01/21/2024,17:00,LGE_PUN1, 19.43,N
01/21/2024,17:00,LGE_PUN2, 19.43,N
01/21/2024,17:00,LGW_UNIT_ALL, 18.64,N
01/21/2024,17:00,LHM_CVC_G4, 19.27,N
01/21/2024,17:00,LHM_PUN1, 19.27,N
01/21/2024,17:00,LHM_PUN2, 19.27,N
01/21/2024,17:00,LHORN_N_U1_2, 3.37,N
01/21/2024,17:00,LHSES_UNIT1, 18.84,N
01/21/2024,17:00,LHSES_UNIT2, 18.84,N
01/21/2024,17:00,LIG_RN, 19.27,N
01/21/2024,17:00,LILY_RN, 18.86,N
01/21/2024,17:00,LMAJADAS_ALL, 19.45,N
01/21/2024,17:00,LMO_ESR_RN, 19.17,N
01/21/2024,17:00,LNCRK_ALL, 18.18,N
01/21/2024,17:00,LONESTAR_RN, 17.83,N
01/21/2024,17:00,LONEWOLF_ALL, 18,N
01/21/2024,17:00,LON_RN1, 19.35,N
01/21/2024,17:00,LOSTPI_CC1, 19.66,N
01/21/2024,17:00,LOS_LOSTPGT1, 19.66,N
01/21/2024,17:00,LOS_LOSTPGT2, 19.66,N
01/21/2024,17:00,LOS_LOSTPST1, 19.66,N
01/21/2024,17:00,LPCCS_CC1, 18.81,N
01/21/2024,17:00,LPCCS_CC2, 18.81,N
01/21/2024,17:00,LPCCS_CT11, 18.81,N
01/21/2024,17:00,LPCCS_CT12, 18.81,N
01/21/2024,17:00,LPCCS_CT21, 18.81,N
01/21/2024,17:00,LPCCS_CT22, 18.81,N
01/21/2024,17:00,LPCCS_UNIT1, 18.81,N
01/21/2024,17:00,LPCCS_UNIT2, 18.81,N
01/21/2024,17:00,LV1A_LV1B, 19.45,N
01/21/2024,17:00,LV3_RN, 19.46,N
01/21/2024,17:00,LV3_UNIT1, 19.46,N
01/21/2024,17:00,LV4_UNIT_1, 19.46,N
01/21/2024,17:00,LV5_UNIT1, 19.47,N
01/21/2024,17:00,LZ_AEN, 19.85,N
01/21/2024,17:00,LZ_CPS, 20.91,N
01/21/2024,17:00,LZ_HOUSTON, 19.3,N
01/21/2024,17:00,LZ_LCRA, 20.62,N
01/21/2024,17:00,LZ_NORTH, 18.9,N
01/21/2024,17:00,LZ_RAYBN, 18.84,N
01/21/2024,17:00,LZ_SOUTH, 19.74,N
01/21/2024,17:00,LZ_WEST, 17.91,N
01/21/2024,17:00,L_FRE_ESR_RN, 19.45,N
01/21/2024,17:00,MADERO_RN, 19.46,N
01/21/2024,17:00,MAINLAND_RN, 19.3,N
01/21/2024,17:00,MARBFA, 20.73,N
01/21/2024,17:00,MARIAH_ALL, 3.36,N
01/21/2024,17:00,MAR_MARSFOG1, 19.94,N
01/21/2024,17:00,MAR_MARSFOG2, 19.94,N
01/21/2024,17:00,MAR_MARSFOG3, 19.94,N
01/21/2024,17:00,MASSENGL_CC1, 18.2,N
01/21/2024,17:00,MASSENGL_G6, 18.2,N
01/21/2024,17:00,MASSENGL_G7, 18.2,N
01/21/2024,17:00,MASSENGL_G8, 18.2,N
01/21/2024,17:00,MAVCRK_W_ALL, 17.89,N
01/21/2024,17:00,MCDLD_FCSBW1, 17.84,N
01/21/2024,17:00,MCLNSLR_RN, 19.81,N
01/21/2024,17:00,MCSES_UNIT6, 18.84,N
01/21/2024,17:00,MCSES_UNIT7, 18.84,N
01/21/2024,17:00,MCSES_UNIT8, 18.84,N
01/21/2024,17:00,MDANP_CT1_2, 18.84,N
01/21/2024,17:00,MDANP_CT3_4, 18.82,N
01/21/2024,17:00,MDANP_CT5_6, 18.84,N
01/21/2024,17:00,MERCURY_ALL, 18.91,N
01/21/2024,17:00,MESQCRK_ALL, 18.06,N
01/21/2024,17:00,MESTENO_RN, 19.46,N
01/21/2024,17:00,MGSES_CT123, 17.94,N
01/21/2024,17:00,MGSES_CT456, 17.94,N
01/21/2024,17:00,MIAM1_G1_G2, 3.39,N
01/21/2024,17:00,MIDWY_RN, 17.88,N
01/21/2024,17:00,MIL_MILG1_2, 18.85,N
01/21/2024,17:00,MIL_MILG345, 18.85,N
01/21/2024,17:00,MIRAGE_G1, 19.29,N
01/21/2024,17:00,MIRASOLE_GEN, 19.46,N
01/21/2024,17:00,MISAE_GEN_RN, 3.41,N
01/21/2024,17:00,MLSES_UNIT1, 18.89,N
01/21/2024,17:00,MLSES_UNIT2, 18.89,N
01/21/2024,17:00,MLSES_UNIT3, 18.89,N
01/21/2024,17:00,MNWL_BESS_RN, 18.88,N
01/21/2024,17:00,MOZART_WIND1, 18.07,N
01/21/2024,17:00,MUSTNGCK_ALL, 19.66,N
01/21/2024,17:00,MV_VALV4_RN, 19.45,N
01/21/2024,17:00,MWEC_G1, 18.11,N
01/21/2024,17:00,MYRY_ESR_RN, 19.46,N
01/21/2024,17:00,MYR_ALL, 19.37,N
01/21/2024,17:00,NACPW_UNIT1, 18.9,N
01/21/2024,17:00,NBOHR_RN, 17.89,N
01/21/2024,17:00,NCARBIDEG8, 19.45,N
01/21/2024,17:00,NCARBIDE_1_7, 19.45,N
01/21/2024,17:00,NCARBID_PUN1, 19.45,N
01/21/2024,17:00,NCARBID_PUN2, 19.45,N
01/21/2024,17:00,NCO_RN, 19.42,N
01/21/2024,17:00,NEBULA_RN, 19.45,N
01/21/2024,17:00,NEDIN_CC1, 18.07,N
01/21/2024,17:00,NED_NEDIN_G1, 19.45,N
01/21/2024,17:00,NED_NEDIN_G2, 17.4,N
01/21/2024,17:00,NED_NEDIN_G3, 17.39,N
01/21/2024,17:00,NF_BRP_RN, 19.85,N
01/21/2024,17:00,NOBLESLR_ALL, 18.71,N
01/21/2024,17:00,NOVA1SLR_ALL, 18.24,N
01/21/2024,17:00,NOVA2S_UNIT1, 18.24,N
01/21/2024,17:00,NUECES_B_CC1, 19.44,N
01/21/2024,17:00,NUE_NUECESG7, 19.44,N
01/21/2024,17:00,NUE_NUECESG8, 19.44,N
01/21/2024,17:00,NUE_NUECESG9, 19.44,N
01/21/2024,17:00,NWF_NWF1, 17.9,N
01/21/2024,17:00,N_AL_BESS_RN, 19.45,N
01/21/2024,17:00,N_MRD_ESR_RN, 19.45,N
01/21/2024,17:00,OBERON_U1, 17.88,N
01/21/2024,17:00,ODESW_RN, 17.9,N
01/21/2024,17:00,OECCS_1, 17.9,N
01/21/2024,17:00,OECCS_2, 17.9,N
01/21/2024,17:00,OECCS_CC1, 17.9,N
01/21/2024,17:00,OECCS_CC2, 17.9,N
01/21/2024,17:00,OGSES_1, 19.11,N
01/21/2024,17:00,OGSES_2, 19.11,N
01/21/2024,17:00,OLIN_OLING_1, 18.83,N
01/21/2024,17:00,OLIN_OLING_2, 18.83,N
01/21/2024,17:00,OLIN_OLING_3, 18.83,N
01/21/2024,17:00,OLIN_OLING_4, 18.83,N
01/21/2024,17:00,OLNEYTN_RN, 18.48,N
01/21/2024,17:00,OR_BESS_RN, 19.46,N
01/21/2024,17:00,OWF_OWF, 17.87,N
01/21/2024,17:00,OXY_OXY_CCG1, 19.44,N
01/21/2024,17:00,OXY_PUN1, 19.44,N
01/21/2024,17:00,OXY_PUN2, 19.44,N
01/21/2024,17:00,PALE_ESS_EN, 18.23,N
01/21/2024,17:00,PALMWI_UNIT1, 19.21,N
01/21/2024,17:00,PANDA_S_CC1, 18.81,N
01/21/2024,17:00,PANDA_S_CT1, 18.81,N
01/21/2024,17:00,PANDA_S_CT2, 18.81,N
01/21/2024,17:00,PANDA_S_ST1, 18.81,N
01/21/2024,17:00,PANDA_T1_CC1, 19.21,N
01/21/2024,17:00,PANDA_T1_CT1, 19.21,N
01/21/2024,17:00,PANDA_T1_CT2, 19.21,N
01/21/2024,17:00,PANDA_T1_ST1, 19.21,N
01/21/2024,17:00,PANDA_T2_CC1, 19.21,N
01/21/2024,17:00,PANDA_T2_CT1, 19.21,N
01/21/2024,17:00,PANDA_T2_CT2, 19.21,N
01/21/2024,17:00,PANDA_T2_ST1, 19.21,N
01/21/2024,17:00,PAP1_PAP1, 19.43,N
01/21/2024,17:00,PAULN_RN, 18.9,N
01/21/2024,17:00,PAVLOV_BT_RN, 21.1,N
01/21/2024,17:00,PAVO_ESS_ALL, 17.73,N
01/21/2024,17:00,PB2SES_CT1, 17.85,N
01/21/2024,17:00,PB2SES_CT2, 17.85,N
01/21/2024,17:00,PB2SES_CT3, 17.85,N
01/21/2024,17:00,PB2SES_CT4, 17.85,N
01/21/2024,17:00,PB2SES_CT5, 17.85,N
01/21/2024,17:00,PC_NORTH_1, 17.93,N
01/21/2024,17:00,PC_SOUTH_ALL, 17.93,N
01/21/2024,17:00,PEARSA_1_24, 20.13,N
01/21/2024,17:00,PENA_ALL, 19.44,N
01/21/2024,17:00,PES1_RN, 19.31,N
01/21/2024,17:00,PEY_RN, 19.34,N
01/21/2024,17:00,PH1_UNIT1_2, 3.38,N
01/21/2024,17:00,PH2_U1_U2, 3.38,N
01/21/2024,17:00,PHILLWND_ALL, 19.04,N
01/21/2024,17:00,PHOEBE_ALL, 17.87,N
01/21/2024,17:00,PHOENIX_RN, 18.82,N
01/21/2024,17:00,PHO_ALL, 19.35,N
01/21/2024,17:00,PIONR_DJ_RN, 17.89,N
01/21/2024,17:00,PISG_RN_ALL, 18.93,N
01/21/2024,17:00,PITSDD_UNIT1, 18.92,N
01/21/2024,17:00,PLN_ALL, 19.36,N
01/21/2024,17:00,PNPI_GT2_RN, 19.34,N
01/21/2024,17:00,PORTSL_UNIT1, 18.64,N
01/21/2024,17:00,POTSVIL_RN, 18.99,N
01/21/2024,17:00,PRID_RN, 18.54,N
01/21/2024,17:00,PROSPERO_ALL, 17.93,N
01/21/2024,17:00,PRO_RN, 19.31,N
01/21/2024,17:00,PRSPERO2_ALL, 17.93,N
01/21/2024,17:00,PR_PR_ALL, 19.28,N
01/21/2024,17:00,PR_PR_G2, 19.28,N
01/21/2024,17:00,PSA_CC1, 19.27,N
01/21/2024,17:00,PSA_PSA_G1, 19.27,N
01/21/2024,17:00,PSA_PSA_G2, 19.27,N
01/21/2024,17:00,PSA_PSA_G3, 19.27,N
01/21/2024,17:00,PSA_PSA_G4, 19.27,N
01/21/2024,17:00,PSA_PSA_G5, 19.27,N
01/21/2024,17:00,PSA_PSA_G6, 19.27,N
01/21/2024,17:00,PSA_PSA_G7, 19.27,N
01/21/2024,17:00,PSA_PUN1, 19.27,N
01/21/2024,17:00,PSA_PUN2, 19.27,N
01/21/2024,17:00,PSA_PUN3, 19.27,N
01/21/2024,17:00,PSA_PUN4, 19.27,N
01/21/2024,17:00,PSA_PUN5, 19.27,N
01/21/2024,17:00,PSG_CC1, 19.28,N
01/21/2024,17:00,PSG_PSG_GT2, 19.28,N
01/21/2024,17:00,PSG_PSG_GT3, 19.28,N
01/21/2024,17:00,PSG_PSG_ST1, 19.28,N
01/21/2024,17:00,PTLBES_BESS1, 19.46,N
01/21/2024,17:00,PYR_PYRON1, 18.1,N
01/21/2024,17:00,QALSW_ALL, 17.9,N
01/21/2024,17:00,QALSW_CC1, 17.9,N
01/21/2024,17:00,QALSW_CC2, 17.9,N
01/21/2024,17:00,QUEEN_BA_RN, 17.74,N
01/21/2024,17:00,QUEEN_SL_RN, 17.74,N
01/21/2024,17:00,RAB_G1-8, 19.31,N
01/21/2024,17:00,RADN_SLR_ALL, 18.21,N
01/21/2024,17:00,RAMBLER_UNIT, 17.57,N
01/21/2024,17:00,RANCHERO_ALL, 13.08,N
01/21/2024,17:00,RAT_RN_1, 16.34,N
01/21/2024,17:00,RAYBURN_CC1, 19.47,N
01/21/2024,17:00,RAYB_G78910, 19.47,N
01/21/2024,17:00,RBN_BESS1, 19.37,N
01/21/2024,17:00,RDCAN_RDCNY1, 18.09,N
01/21/2024,17:00,REDBARN_RN, 17.63,N
01/21/2024,17:00,REDFISH_ALL, 19.45,N
01/21/2024,17:00,REDGATE_ALL, 19.46,N
01/21/2024,17:00,REDGATE_RN, 19.46,N
01/21/2024,17:00,RELOJ_ALL, 19.47,N
01/21/2024,17:00,REROCK_ALL, 17.74,N
01/21/2024,17:00,RHESS2_ESS1, 19.59,N
01/21/2024,17:00,RIGGIN_UNIT1, 17.75,N
01/21/2024,17:00,RIOG_ESR_RN, 19.47,N
01/21/2024,17:00,RIONOG_CC1, 19.76,N
01/21/2024,17:00,RIONOG_CT1, 19.76,N
01/21/2024,17:00,RIONOG_CT2, 19.76,N
01/21/2024,17:00,RIONOG_CT3, 19.76,N
01/21/2024,17:00,RIONOG_ST1, 19.76,N
01/21/2024,17:00,RIPPEY_ALL, 18.84,N
01/21/2024,17:00,RN_APOGEE, 18.24,N
01/21/2024,17:00,RN_BYU_G8, 19.29,N
01/21/2024,17:00,RN_DEC_AGR_A, 18.79,N
01/21/2024,17:00,RN_DEC_AGR_B, 18.79,N
01/21/2024,17:00,RN_DEC_AGR_C, 18.79,N
01/21/2024,17:00,RN_DEC_AGR_D, 18.79,N
01/21/2024,17:00,RN_ECEC_HOLT, 17.9,N
01/21/2024,17:00,RN_OCI_ALAMO, 21.82,N
01/21/2024,17:00,RN_RTS1, 18.04,N
01/21/2024,17:00,RN_SR_WIND1, 19.45,N
01/21/2024,17:00,RN_TOSBATT, 17.91,N
01/21/2024,17:00,ROSELAND_ALL, 19.05,N
01/21/2024,17:00,ROUTE66_RN, 3.38,N
01/21/2024,17:00,ROW_ALL, 19.32,N
01/21/2024,17:00,RPUBRDS_RN, 19.19,N
01/21/2024,17:00,RRANCHES_ALL, 17.82,N
01/21/2024,17:00,RRC_WIND_ALL, 18.59,N
01/21/2024,17:00,RSK_RN, 17.89,N
01/21/2024,17:00,RTLSNAKE_BT, 17.82,N
01/21/2024,17:00,RUSSEKST_RN, 17.69,N
01/21/2024,17:00,RVRVLYS_ALL, 19.55,N
01/21/2024,17:00,SADLBACK_RN, 17.8,N
01/21/2024,17:00,SALVTION_GEN, 18.35,N
01/21/2024,17:00,SAMSON_ALL, 18.82,N
01/21/2024,17:00,SANDHSYD1_2, 19.83,N
01/21/2024,17:00,SANDHSYD3_4, 19.83,N
01/21/2024,17:00,SANDHSYD6_7, 19.83,N
01/21/2024,17:00,SANDHSYD_5AC, 19.83,N
01/21/2024,17:00,SANDHSYD_CC1, 19.83,N
01/21/2024,17:00,SANTACRU_ALL, 19.43,N
01/21/2024,17:00,SAN_SANMIGG1, 19.51,N
01/21/2024,17:00,SBEAN_BESS, 17.82,N
01/21/2024,17:00,SBE_RN_1, 19.56,N
01/21/2024,17:00,SC2SES_UNIT1, 18.9,N
01/21/2024,17:00,SCES_UNIT1, 19.05,N
01/21/2024,17:00,SCLP_PUN1, 19.42,N
01/21/2024,17:00,SCLP_PUN2, 19.42,N
01/21/2024,17:00,SCLP_PUN3, 19.42,N
01/21/2024,17:00,SCLP_PUN4, 19.42,N
01/21/2024,17:00,SCLP_SCLPC_1, 19.42,N
01/21/2024,17:00,SCLP_SCLPC_2, 19.42,N
01/21/2024,17:00,SCLP_SCLPC_3, 19.42,N
01/21/2024,17:00,SCLP_SCLPC_4, 19.42,N
01/21/2024,17:00,SCSES_UNIT2, 18.9,N
01/21/2024,17:00,SDSES_PUN1, 19.43,N
01/21/2024,17:00,SDSES_PUN3, 19.43,N
01/21/2024,17:00,SENATEWD_1, 18.38,N
01/21/2024,17:00,SGM_SIGNALMT, 16.74,N
01/21/2024,17:00,SGSA_DGR, 17.74,N
01/21/2024,17:00,SG_BES_BESS1, 17.75,N
01/21/2024,17:00,SHAFFER_ALL, 19.43,N
01/21/2024,17:00,SHAMROCK_RN, 13.05,N
01/21/2024,17:00,SHANNONW_RN, 18.4,N
01/21/2024,17:00,SHEEPCRK_1, 18.59,N
01/21/2024,17:00,SILASRAY_CC1, 20.21,N
01/21/2024,17:00,SIL_SILAS_10, 20.21,N
01/21/2024,17:00,SIL_SILAS_6, 20.21,N
01/21/2024,17:00,SIL_SILAS_9, 20.21,N
01/21/2024,17:00,SIRIUS_UNIT1, 17.73,N
01/21/2024,17:00,SJS_SJS_G1, 19.28,N
01/21/2024,17:00,SJS_SJS_G2, 19.28,N
01/21/2024,17:00,SKY1, 19.66,N
01/21/2024,17:00,SLCN_ESS_ALL, 19.61,N
01/21/2024,17:00,SLTFRK_UN1_2, 3.39,N
01/21/2024,17:00,SL_PUN1, 19.27,N
01/21/2024,17:00,SL_PUN2, 19.27,N
01/21/2024,17:00,SNY_BESS_RN, 18.03,N
01/21/2024,17:00,SOLARA_UNIT1, 18.11,N
01/21/2024,17:00,SPARTA_ALL, 19.38,N
01/21/2024,17:00,SPLAIN1_RN, 3.36,N
01/21/2024,17:00,SPLAIN2_RN, 3.36,N
01/21/2024,17:00,SPNC_SPNCE_4, 18.8,N
01/21/2024,17:00,SPNC_SPNCE_5, 18.8,N
01/21/2024,17:00,SPTX12B_RN, 17.74,N
01/21/2024,17:00,SROSA_ESR_RN, 19.45,N
01/21/2024,17:00,SRWE1_UNIT1, 18.06,N
01/21/2024,17:00,SSPURT_WIND1, 3.37,N
01/21/2024,17:00,STAM_SLR_ALL, 18.82,N
01/21/2024,17:00,STEAM_ENG123, 18.83,N
01/21/2024,17:00,STEA_STEAM_1, 18.84,N
01/21/2024,17:00,STEA_STEAM_2, 18.83,N
01/21/2024,17:00,STEA_STEAM_3, 18.83,N
01/21/2024,17:00,STELLA_RN, 19.44,N
01/21/2024,17:00,STP_STP_G1, 19.35,N
01/21/2024,17:00,STP_STP_G2, 19.35,N
01/21/2024,17:00,STRATEGC_RN, 18.88,N
01/21/2024,17:00,STWF_T1, 17.99,N
01/21/2024,17:00,SUNVASLR_ALL, 18.93,N
01/21/2024,17:00,SWEC_G1, 18.51,N
01/21/2024,17:00,SWEETWN2_2_4, 18.06,N
01/21/2024,17:00,SWEETWN3_3, 18.06,N
01/21/2024,17:00,SWEETWND_1, 18.06,N
01/21/2024,17:00,SWOOSE1_U1, 17.84,N
01/21/2024,17:00,SWOOSEII_RN, 17.84,N
01/21/2024,17:00,SWTWN4_WND45, 18.06,N
01/21/2024,17:00,SWT_BESS_RN, 17.96,N
01/21/2024,17:00,S_HILLS_RN, 18.45,N
01/21/2024,17:00,TAHOKA_ALL, 18.1,N
01/21/2024,17:00,TAV_RN, 19.47,N
01/21/2024,17:00,TAYGETE2_ALL, 17.77,N
01/21/2024,17:00,TAYGETE_ALL, 17.77,N
01/21/2024,17:00,TBWF_ES_BES1, 17.73,N
01/21/2024,17:00,TC_PUN1, 19.29,N
01/21/2024,17:00,TC_PUN2, 19.29,N
01/21/2024,17:00,TC_TCHP1, 19.29,N
01/21/2024,17:00,TEN_CC1, 18.78,N
01/21/2024,17:00,TEN_CT1_STG, 18.78,N
01/21/2024,17:00,TGCCS_ALL, 18.89,N
01/21/2024,17:00,TGCCS_CC1, 18.89,N
01/21/2024,17:00,TGF_TGFGT, 19.66,N
01/21/2024,17:00,TGS_GT01, 19.66,N
01/21/2024,17:00,TGW_T1_T2, 19.44,N
01/21/2024,17:00,THW_1_CCU, 19.27,N
01/21/2024,17:00,THW_2_CCU, 19.27,N
01/21/2024,17:00,THW_CC1, 19.27,N
01/21/2024,17:00,THW_CC2, 19.27,N
01/21/2024,17:00,THW_THWGT5X, 19.26,N
01/21/2024,17:00,THW_THWGT_1, 19.26,N
01/21/2024,17:00,TI_SOLAR_ALL, 17.82,N
01/21/2024,17:00,TKWSW_CHAMP, 18.1,N
01/21/2024,17:00,TKWSW_ROSCOE, 18.1,N
01/21/2024,17:00,TNP_TNP_O_1, 19.15,N
01/21/2024,17:00,TNP_TNP_O_2, 19.15,N
01/21/2024,17:00,TNSKA_CC1, 18.82,N
01/21/2024,17:00,TNSKA_CCU, 18.82,N
01/21/2024,17:00,TOPAZ_ALL, 19.3,N
01/21/2024,17:00,TORR_ALL, 19.48,N
01/21/2024,17:00,TORT_ESS_RN, 19.31,N
01/21/2024,17:00,TOYAH_RN, 17.74,N
01/21/2024,17:00,TREB_SOLAR1, 19.38,N
01/21/2024,17:00,TRENT_TRENT, 17.99,N
01/21/2024,17:00,TRINITY_ALL, 18.36,N
01/21/2024,17:00,TRIPBUT1_RN, 17.75,N
01/21/2024,17:00,TRSES_UNIT6, 18.91,N
01/21/2024,17:00,TRUENO_ALL, 19.45,N
01/21/2024,17:00,TRUSGILL_RN, 18.34,N
01/21/2024,17:00,TTRSW_RN, 18.82,N
01/21/2024,17:00,TTWEC_G1, 17.73,N
01/21/2024,17:00,TURQ_BESS1, 18.83,N
01/21/2024,17:00,TV_RN, 19.35,N
01/21/2024,17:00,TXCTY_CC1, 19.3,N
01/21/2024,17:00,TXCTY_CTA, 19.3,N
01/21/2024,17:00,TXCTY_CTB, 19.3,N
01/21/2024,17:00,TXCTY_CTC, 19.3,N
01/21/2024,17:00,TXCTY_ST, 19.3,N
01/21/2024,17:00,TYLRWIND_RN, 18.85,N
01/21/2024,17:00,T_CK_GT2_RN, 18.19,N
01/21/2024,17:00,T_CK_GT3_RN, 18.19,N
01/21/2024,17:00,UCC_COG_PUN2, 19.3,N
01/21/2024,17:00,UCC_UCC_C_2, 19.3,N
01/21/2024,17:00,VANCOURT_RN, 19.45,N
01/21/2024,17:00,VENADO_ALL, 19.75,N
01/21/2024,17:00,VERAWIND_ALL, 18.34,N
01/21/2024,17:00,VERTIGO_UN1, 18.29,N
01/21/2024,17:00,VICTORIA_CC1, 19.46,N
01/21/2024,17:00,VICTPORT_RN, 19.45,N
01/21/2024,17:00,VIC_VICTORG5, 19.46,N
01/21/2024,17:00,VIC_VICTORG6, 19.46,N
01/21/2024,17:00,VISION_RN, 18.9,N
01/21/2024,17:00,VLSES_UNIT3, 18.81,N
01/21/2024,17:00,VORT_ALL_RN, 18.36,N
01/21/2024,17:00,WAKEWE_ALL, 18.27,N
01/21/2024,17:00,WAP_WAPGT_1, 19.34,N
01/21/2024,17:00,WAP_WAP_G1, 19.34,N
01/21/2024,17:00,WAP_WAP_G2, 19.34,N
01/21/2024,17:00,WAP_WAP_G3, 19.35,N
01/21/2024,17:00,WAP_WAP_G4, 19.35,N
01/21/2024,17:00,WAP_WAP_G5, 19.34,N
01/21/2024,17:00,WAP_WAP_G6, 19.3,N
01/21/2024,17:00,WAP_WAP_G7, 19.3,N
01/21/2024,17:00,WAP_WAP_G8, 19.31,N
01/21/2024,17:00,WAYMARK_RN, 17.63,N
01/21/2024,17:00,WCPP_CC1, 18.46,N
01/21/2024,17:00,WCPP_CT1, 18.46,N
01/21/2024,17:00,WCPP_CT2, 18.46,N
01/21/2024,17:00,WCPP_ST1, 18.46,N
01/21/2024,17:00,WEBBER_WS_T1, 19.71,N
01/21/2024,17:00,WEC_WECG1, 18.18,N
01/21/2024,17:00,WES_ALL, 19.41,N
01/21/2024,17:00,WFCOGEN_13, 18.41,N
01/21/2024,17:00,WFCOGEN_24, 18.41,N
01/21/2024,17:00,WFCOGEN_CC1, 18.41,N
01/21/2024,17:00,WFTANK_ESS1, 19.48,N
01/21/2024,17:00,WGU_RN, 19.4,N
01/21/2024,17:00,WHCCS2_4, 18.68,N
01/21/2024,17:00,WHCCS2_5_6, 18.68,N
01/21/2024,17:00,WHCCS2_CC2, 18.68,N
01/21/2024,17:00,WHCCS_CC1, 18.67,N
01/21/2024,17:00,WHCCS_CT1_ST, 18.67,N
01/21/2024,17:00,WHCCS_CT2, 18.67,N
01/21/2024,17:00,WHITE_PT_UN1, 19.43,N
01/21/2024,17:00,WHMESA_U1, 13.03,N
01/21/2024,17:00,WHTTAIL_WR1, 18.85,N
01/21/2024,17:00,WH_WIND_ALL, 18.2,N
01/21/2024,17:00,WILDWIND_ALL, 18.72,N
01/21/2024,17:00,WIPOPA_1_2, 19.67,N
01/21/2024,17:00,WIPOPA_3_4, 19.67,N
01/21/2024,17:00,WIR_WIRTZ_G1, 20.63,N
01/21/2024,17:00,WIR_WIRTZ_G2, 20.63,N
01/21/2024,17:00,WLTC_ESR_RN, 19.44,N
01/21/2024,17:00,WL_RANCH_RN, 17.07,N
01/21/2024,17:00,WNDTS2_UNIT1, 18.54,N
01/21/2024,17:00,WND_WHITNEY, 18.98,N
01/21/2024,17:00,WOODWRD1_RN, 17.73,N
01/21/2024,17:00,WOODWRD2_RN, 17.73,N
01/21/2024,17:00,WOV_BESS_RN, 17.9,N
01/21/2024,17:00,WRSBES_BESS1, 17.82,N
01/21/2024,17:00,W_HRL_ESR_RN, 19.45,N
01/21/2024,17:00,W_PECO_UNIT1, 17.82,N
01/21/2024,17:00,X443ESRN, 22.9,N
01/21/2024,17:00,YNG_WND_ALL, 18.37,N
01/21/2024,17:00,ZIER_SLR_ALL, 19.43,N
01/21/2024,18:00,7RNCHSLR_ALL, 24.32,N
01/21/2024,18:00,AEEC, 20.01,N
01/21/2024,18:00,AGUAYO_UNIT1, 23.29,N
01/21/2024,18:00,AJAXWIND_RN, 22.56,N
01/21/2024,18:00,ALGOD_ALL_RN, 23.92,N
01/21/2024,18:00,ALVIN_RN, 23.82,N
01/21/2024,18:00,AMADEUS_ALL, 22.58,N
01/21/2024,18:00,AMISTAD_ALL, 25.58,N
01/21/2024,18:00,AMOCOOIL_CC1, 23.82,N
01/21/2024,18:00,AMOCOOIL_CC2, 23.82,N
01/21/2024,18:00,AMOCO_PUN1, 23.82,N
01/21/2024,18:00,AMOCO_PUN2, 23.82,N
01/21/2024,18:00,AMO_AMOCO_1, 23.82,N
01/21/2024,18:00,AMO_AMOCO_2, 23.82,N
01/21/2024,18:00,AMO_AMOCO_5, 23.82,N
01/21/2024,18:00,AMO_AMOCO_G1, 23.82,N
01/21/2024,18:00,AMO_AMOCO_G2, 23.82,N
01/21/2024,18:00,AMO_AMOCO_G3, 23.82,N
01/21/2024,18:00,AMO_AMOCO_S1, 23.82,N
01/21/2024,18:00,AMO_AMOCO_S2, 23.82,N
01/21/2024,18:00,ANACACHO_ANA, 25.53,N
01/21/2024,18:00,ANCHOR_ALL, 23,N
01/21/2024,18:00,ANDMDSLR_ALL, 22.56,N
01/21/2024,18:00,ANEM_ESS_RN, 24,N
01/21/2024,18:00,ANG_ALL, 22.45,N
01/21/2024,18:00,ANSON1_ALL, 22.79,N
01/21/2024,18:00,APPALOSA_ALL, 26.62,N
01/21/2024,18:00,AQUI_ALL, 23.33,N
01/21/2024,18:00,ARAGORN_RN, 25.18,N
01/21/2024,18:00,ASTRA_RN, 4.5,N
01/21/2024,18:00,ATK_ATKINSG7, 23.64,N
01/21/2024,18:00,AURO_SLR_RN, 23.67,N
01/21/2024,18:00,AUSTPL_ALL, 25.56,N
01/21/2024,18:00,AVIAT_ALL, 22.71,N
01/21/2024,18:00,AZURE_RN, 22.61,N
01/21/2024,18:00,AZ_ALL, 23.79,N
01/21/2024,18:00,BAC_RN_ALL, 23.81,N
01/21/2024,18:00,BAFFIN_ALL, 23.97,N
01/21/2024,18:00,BAIRDWND_ALL, 22.86,N
01/21/2024,18:00,BARROW_ALL, 26.77,N
01/21/2024,18:00,BASTEN_CC1, 24.31,N
01/21/2024,18:00,BASTEN_CCU, 24.31,N
01/21/2024,18:00,BATCAVE_RN, 28.69,N
01/21/2024,18:00,BAYC_BESS_RN, 25.87,N
01/21/2024,18:00,BBREEZE_1_2, 23.99,N
01/21/2024,18:00,BCATWD_WD_1, 22.74,N
01/21/2024,18:00,BCH_RN, 23.94,N
01/21/2024,18:00,BCK_RN, 23.84,N
01/21/2024,18:00,BELM_SLR_RN, 23.67,N
01/21/2024,18:00,BIGSTAR_ALL, 24.29,N
01/21/2024,18:00,BLACKJAK_RN, 23.96,N
01/21/2024,18:00,BLSMT1_5_A_6, 22.33,N
01/21/2024,18:00,BLUEJAY_RN, 23.63,N
01/21/2024,18:00,BOARDCRK_ALL, 23.34,N
01/21/2024,18:00,BOOTLEG_UN1, 24.61,N
01/21/2024,18:00,BORDAS_345, 24.03,N
01/21/2024,18:00,BOSQUESW_CC1, 23.43,N
01/21/2024,18:00,BOSQUESW_CC2, 23.45,N
01/21/2024,18:00,BOSQ_BSQSU_5, 23.45,N
01/21/2024,18:00,BOSQ_BSQS_12, 23.45,N
01/21/2024,18:00,BOSQ_BSQS_34, 23.43,N
01/21/2024,18:00,BRANDON_RN, 23.7,N
01/21/2024,18:00,BRAUNIG_CC1, 22.11,N
01/21/2024,18:00,BRAUNIG_VHB1, 28.53,N
01/21/2024,18:00,BRAUNIG_VHB2, 28.53,N
01/21/2024,18:00,BRAUNIG_VHB3, 29.6,N
01/21/2024,18:00,BRAZ_WND_ALL, 22.53,N
01/21/2024,18:00,BRA_AVR1_CT2, 22.11,N
01/21/2024,18:00,BRA_AVR_CST1, 22.11,N
01/21/2024,18:00,BRHEIGHT_RN, 23.82,N
01/21/2024,18:00,BRIGHTSD_RN, 24.33,N
01/21/2024,18:00,BRIGHTSD_U1, 24.37,N
01/21/2024,18:00,BRISCOE_WIND, 4.74,N
01/21/2024,18:00,BRPANGLE_RN, 24.03,N
01/21/2024,18:00,BRPMAGNO_RN, 23.82,N
01/21/2024,18:00,BRP_BRAZ_RN, 24.04,N
01/21/2024,18:00,BRP_DIKN_RN, 23.82,N
01/21/2024,18:00,BRP_LOOP_RN, 24.04,N
01/21/2024,18:00,BRP_LOP1_RN, 25.51,N
01/21/2024,18:00,BRP_PBL1_RN, 41.85,N
01/21/2024,18:00,BRP_PBL2_RN, 41.85,N
01/21/2024,18:00,BRP_RN_UNIT1, 26.11,N
01/21/2024,18:00,BRP_SEMI_RN, 23.82,N
01/21/2024,18:00,BRP_SWNY_RN, 24.04,N
01/21/2024,18:00,BRP_ZPT1_RN, 25.57,N
01/21/2024,18:00,BRP_ZPT2_RN, 25.57,N
01/21/2024,18:00,BRTSW_BCW1, 23.07,N
01/21/2024,18:00,BR_ARROW_ALL, 23.18,N
01/21/2024,18:00,BR_VHB6CT5_6, 28.53,N
01/21/2024,18:00,BR_VHB6CT7_8, 28.53,N
01/21/2024,18:00,BSS_U1, 24.05,N
01/21/2024,18:00,BTE_BTE_G1, 23.78,N
01/21/2024,18:00,BTE_BTE_G2, 23.78,N
01/21/2024,18:00,BTE_BTE_G3, 23.78,N
01/21/2024,18:00,BTE_BTE_G4, 23.78,N
01/21/2024,18:00,BTE_CC1, 23.78,N
01/21/2024,18:00,BTE_PUN1, 23.78,N
01/21/2024,18:00,BTE_PUN2, 23.78,N
01/21/2024,18:00,BTM_ALL, 23.92,N
01/21/2024,18:00,BUCHAN_ALL, 24.22,N
01/21/2024,18:00,BUCKTHRN_RN, 23.17,N
01/21/2024,18:00,BUFF_GAP_ALL, 22.8,N
01/21/2024,18:00,BULLCRK_1_2, 21.33,N
01/21/2024,18:00,BVE_CC1, 23.82,N
01/21/2024,18:00,BVE_UNIT1, 23.82,N
01/21/2024,18:00,BVE_UNIT2, 23.82,N
01/21/2024,18:00,BVE_UNIT3, 23.82,N
01/21/2024,18:00,BYRDR_ES_ALL, 24.04,N
01/21/2024,18:00,BYU_BYU_1, 23.8,N
01/21/2024,18:00,BYU_BYU_12, 23.8,N
01/21/2024,18:00,BYU_BYU_34, 23.8,N
01/21/2024,18:00,BYU_BYU_G8, 23.8,N
01/21/2024,18:00,BYU_CC1, 23.8,N
01/21/2024,18:00,BYU_G4_RN, 23.8,N
01/21/2024,18:00,BYU_PUN1, 23.8,N
01/21/2024,18:00,BYU_PUN2, 23.8,N
01/21/2024,18:00,BYU_PUN3, 23.8,N
01/21/2024,18:00,BYU_PUN4, 23.8,N
01/21/2024,18:00,B_DAVIS_3, 23.97,N
01/21/2024,18:00,B_DAVIS_4, 23.97,N
01/21/2024,18:00,B_DAVIS_CC1, 23.97,N
01/21/2024,18:00,B_D_B_DAVIG1, 23.97,N
01/21/2024,18:00,B_D_B_DAVIG2, 23.97,N
01/21/2024,18:00,CABEZON_ALL, 24.02,N
01/21/2024,18:00,CALAVER_JKS1, 22.98,N
01/21/2024,18:00,CALAVER_JKS2, 22.98,N
01/21/2024,18:00,CALAVER_JTD1, 28.32,N
01/21/2024,18:00,CALAVER_JTD2, 28.32,N
01/21/2024,18:00,CALAVER_OWS1, 28.8,N
01/21/2024,18:00,CALAVER_OWS2, 28.8,N
01/21/2024,18:00,CALHOUN_ALL, 23.86,N
01/21/2024,18:00,CALLAHA_WND1, 22.61,N
01/21/2024,18:00,CAL_CALGT1, 23.79,N
01/21/2024,18:00,CAL_CALSTG1, 23.79,N
01/21/2024,18:00,CAL_CC1, 23.79,N
01/21/2024,18:00,CAL_PUN1, 23.79,N
01/21/2024,18:00,CAL_PUN2, 23.79,N
01/21/2024,18:00,CAMWIND_RN, 23.97,N
01/21/2024,18:00,CANYONWD_ALL, 22.77,N
01/21/2024,18:00,CAPRIDG4_CR4, 22.71,N
01/21/2024,18:00,CAPRIDGE_ALL, 22.71,N
01/21/2024,18:00,CARBN_BSP_1, 22.08,N
01/21/2024,18:00,CASL_GAP_UN1, 24.99,N
01/21/2024,18:00,CATARINA_B1, 27.79,N
01/21/2024,18:00,CBECII_89, 23.86,N
01/21/2024,18:00,CBECII_CC3, 23.86,N
01/21/2024,18:00,CBECII_CT7, 23.86,N
01/21/2024,18:00,CBEC_ALL, 24.59,N
01/21/2024,18:00,CBEC_CC1, 24.59,N
01/21/2024,18:00,CBEC_CC2, 24.59,N
01/21/2024,18:00,CBY4_ALL, 23.78,N
01/21/2024,18:00,CBY4_CC1, 23.78,N
01/21/2024,18:00,CBY_CBY_G1, 23.78,N
01/21/2024,18:00,CBY_CBY_G2, 23.78,N
01/21/2024,18:00,CCEC_CC1, 23.97,N
01/21/2024,18:00,CCEC_GT1, 23.97,N
01/21/2024,18:00,CCEC_GT2, 23.97,N
01/21/2024,18:00,CCEC_PUN1, 23.97,N
01/21/2024,18:00,CCEC_PUN2, 23.97,N
01/21/2024,18:00,CCEC_ST1, 23.97,N
01/21/2024,18:00,CEDROHI_CHW1, 24.05,N
01/21/2024,18:00,CEDRVALE_RN, 25.16,N
01/21/2024,18:00,CFLATS_UNIT, 17.29,N
01/21/2024,18:00,CHALUP_ALL, 23.99,N
01/21/2024,18:00,CHAL_SLR_RN, 25.19,N
01/21/2024,18:00,CHAMON_UN1, 23.78,N
01/21/2024,18:00,CHAMON_UN2, 23.78,N
01/21/2024,18:00,CHEDPW_GT2, 23.77,N
01/21/2024,18:00,CHE_CC1, 23.77,N
01/21/2024,18:00,CHE_LYD, 23.77,N
01/21/2024,18:00,CHE_LYD2, 23.77,N
01/21/2024,18:00,CHE_PUN1, 23.77,N
01/21/2024,18:00,CHE_PUN2, 23.77,N
01/21/2024,18:00,CHISMGRD_RN, 23.26,N
01/21/2024,18:00,CISC_RN, 22.92,N
01/21/2024,18:00,CITYVICT_ALL, 24.03,N
01/21/2024,18:00,CN_BRKS_UNT1, 4.58,N
01/21/2024,18:00,COL_COLETOG1, 24.06,N
01/21/2024,18:00,CONIGLIO_RN, 23.17,N
01/21/2024,18:00,CONTINEN_RN, 24.08,N
01/21/2024,18:00,CORALSLR_ALL, 23.51,N
01/21/2024,18:00,CORAZON_RN, 24.04,N
01/21/2024,18:00,COTPLNS_RN, 4.7,N
01/21/2024,18:00,COTTON_PAP2, 23.97,N
01/21/2024,18:00,COYOTSPR_RN, 25.16,N
01/21/2024,18:00,CPSES_UNIT1, 23.06,N
01/21/2024,18:00,CPSES_UNIT2, 23.06,N
01/21/2024,18:00,CRANELL_ALL, 23.96,N
01/21/2024,18:00,CROSSETT_ALL, 25.01,N
01/21/2024,18:00,CRWN_SLR_UN1, 23.58,N
01/21/2024,18:00,CSC_CSECG1_2, 22.52,N
01/21/2024,18:00,CVC_CC1, 23.77,N
01/21/2024,18:00,CVC_CVCG1_5, 23.77,N
01/21/2024,18:00,CVC_CVC_G2, 23.77,N
01/21/2024,18:00,CVC_CVC_G3, 23.77,N
01/21/2024,18:00,DAG_ALL, 24.17,N
01/21/2024,18:00,DANSBY_ALL, 23.64,N
01/21/2024,18:00,DAN_ALL, 23.86,N
01/21/2024,18:00,DA_BESS, 24.02,N
01/21/2024,18:00,DC2SES_ALL, 23.12,N
01/21/2024,18:00,DC_E, 23.18,N
01/21/2024,18:00,DC_L, 23.96,N
01/21/2024,18:00,DC_N, 22.47,N
01/21/2024,18:00,DC_R, 24.02,N
01/21/2024,18:00,DDPEC_CC1, 23.79,N
01/21/2024,18:00,DDPEC_GT1, 23.79,N
01/21/2024,18:00,DDPEC_GT2, 23.79,N
01/21/2024,18:00,DDPEC_GT3, 23.79,N
01/21/2024,18:00,DDPEC_GT4, 23.79,N
01/21/2024,18:00,DDPEC_GT6, 23.79,N
01/21/2024,18:00,DDPEC_ST1, 23.79,N
01/21/2024,18:00,DECKER_DPG2, 24.38,N
01/21/2024,18:00,DECKER_GT, 24.38,N
01/21/2024,18:00,DENISON_G1_2, 23.16,N
01/21/2024,18:00,DERMOTT_ALL, 22.52,N
01/21/2024,18:00,DIBOL_RN, 23.3,N
01/21/2024,18:00,DIB_CC1, 23.79,N
01/21/2024,18:00,DIB_DIB_G1, 23.79,N
01/21/2024,18:00,DIB_DIB_G2, 23.79,N
01/21/2024,18:00,DIB_DIB_G3, 23.79,N
01/21/2024,18:00,DIB_DIB_G4, 23.79,N
01/21/2024,18:00,DIB_PUN1, 23.79,N
01/21/2024,18:00,DIB_PUN2, 23.79,N
01/21/2024,18:00,DILEOS_UNIT1, 23.41,N
01/21/2024,18:00,DKNS_ESS_RN, 21.88,N
01/21/2024,18:00,DOWGEN_PUN1, 23.88,N
01/21/2024,18:00,DOWGEN_PUN2, 23.88,N
01/21/2024,18:00,DOWGEN_PUN3, 23.88,N
01/21/2024,18:00,DOW_61_2_63, 23.88,N
01/21/2024,18:00,DOW_64, 23.88,N
01/21/2024,18:00,DOW_81_2_84, 23.88,N
01/21/2024,18:00,DOW_G37_G35, 23.88,N
01/21/2024,18:00,DOW_G66_ST65, 23.88,N
01/21/2024,18:00,DOW_G67, 23.88,N
01/21/2024,18:00,DOW_G96_ST95, 23.88,N
01/21/2024,18:00,DUKE_CC1, 24.01,N
01/21/2024,18:00,DUKE_GST1CCU, 24.01,N
01/21/2024,18:00,DUKE_GT2_CCU, 24.01,N
01/21/2024,18:00,DUP_PUN1, 24.01,N
01/21/2024,18:00,DUP_PUN2, 24.01,N
01/21/2024,18:00,DUP_PUN3, 24.01,N
01/21/2024,18:00,DUP_PUN4, 24.01,N
01/21/2024,18:00,EBELLS_UNIT1, 23.67,N
01/21/2024,18:00,EBNY_ESS_RN, 25.62,N
01/21/2024,18:00,ECLIPSE_UN1, 25.54,N
01/21/2024,18:00,EIFSLR_UNIT1, 23.17,N
01/21/2024,18:00,ELB_ELBCREEK, 23.17,N
01/21/2024,18:00,ELECTRAW_1_2, 22.47,N
01/21/2024,18:00,ELSAUZ_ALL, 23.99,N
01/21/2024,18:00,ELSA_ESR_RN, 24.01,N
01/21/2024,18:00,ELS_RN_1, 23.21,N
01/21/2024,18:00,EL_RAYO_ALL, 23.99,N
01/21/2024,18:00,ENDPARK_ESS1, 22.49,N
01/21/2024,18:00,ERSL_RN, 25.69,N
01/21/2024,18:00,ESTONIAN_ALL, 23.17,N
01/21/2024,18:00,ETCCS_CC1, 23.25,N
01/21/2024,18:00,ETCCS_CCU, 23.25,N
01/21/2024,18:00,EUNICE_ALL, 25.89,N
01/21/2024,18:00,EXGNSND_RN, 25.57,N
01/21/2024,18:00,EXGNWTL_1, 24.05,N
01/21/2024,18:00,EXN_14, 23.78,N
01/21/2024,18:00,EXN_1_3, 23.78,N
01/21/2024,18:00,EXN_4, 23.78,N
01/21/2024,18:00,EXN_8, 23.78,N
01/21/2024,18:00,EXN_9_13, 23.78,N
01/21/2024,18:00,EXN_PUN1, 23.78,N
01/21/2024,18:00,EXN_PUN2, 23.78,N
01/21/2024,18:00,EXN_PUN3, 23.78,N
01/21/2024,18:00,E_BLACK_RN, 24.14,N
01/21/2024,18:00,FALFUR_RN, 24.03,N
01/21/2024,18:00,FAL_FALCONG1, 25.47,N
01/21/2024,18:00,FAL_FALCONG2, 25.47,N
01/21/2024,18:00,FAL_FALCONG3, 25.47,N
01/21/2024,18:00,FAULKNER_RN, 25.16,N
01/21/2024,18:00,FEGC_RN, 23.85,N
01/21/2024,18:00,FENCESLR_ALL, 23.31,N
01/21/2024,18:00,FERGCC_CC1, 24.85,N
01/21/2024,18:00,FERGCC_GT1_1, 24.85,N
01/21/2024,18:00,FERGCC_GT2_3, 24.85,N
01/21/2024,18:00,FERGCC_ST1_5, 24.85,N
01/21/2024,18:00,FERMI_ALL, 24.58,N
01/21/2024,18:00,FILESSLR_PV1, 23.27,N
01/21/2024,18:00,FIVEWSLR_ALL, 23.75,N
01/21/2024,18:00,FLCNS_CC1, 25.36,N
01/21/2024,18:00,FLCNS_UNIT1, 25.36,N
01/21/2024,18:00,FLCNS_UNIT2, 25.36,N
01/21/2024,18:00,FLCNS_UNIT3, 25.36,N
01/21/2024,18:00,FLOWERII_RN, 25.11,N
01/21/2024,18:00,FLTBES1, 25.11,N
01/21/2024,18:00,FLTCK_SSI, 23.06,N
01/21/2024,18:00,FLUVANNA_1_2, 22.49,N
01/21/2024,18:00,FLVABES1_ESR, 25.11,N
01/21/2024,18:00,FOARDCTY_ALL, 22.31,N
01/21/2024,18:00,FORMOSA_CC1, 23.83,N
01/21/2024,18:00,FORMOSA_CC2, 23.83,N
01/21/2024,18:00,FORMOSA_PUN1, 23.83,N
01/21/2024,18:00,FORMOSA_PUN2, 23.83,N
01/21/2024,18:00,FOXTROT_ALL, 23.83,N
01/21/2024,18:00,FO_FORMOSA11, 23.83,N
01/21/2024,18:00,FO_FORMOSA12, 23.83,N
01/21/2024,18:00,FO_FORMOSG1, 23.83,N
01/21/2024,18:00,FO_FORMOSG10, 23.83,N
01/21/2024,18:00,FO_FORMOSG13, 23.83,N
01/21/2024,18:00,FO_FORMOSG14, 23.83,N
01/21/2024,18:00,FO_FORMOSG15, 23.83,N
01/21/2024,18:00,FO_FORMOSG2, 23.83,N
01/21/2024,18:00,FO_FORMOSG3, 23.83,N
01/21/2024,18:00,FO_FORMOSG4, 23.83,N
01/21/2024,18:00,FO_FORMOSG5, 23.83,N
01/21/2024,18:00,FO_FORMOSG6, 23.83,N
01/21/2024,18:00,FO_FORMOSG7, 23.83,N
01/21/2024,18:00,FO_FORMOSG8, 23.83,N
01/21/2024,18:00,FO_FORMOSG9, 23.83,N
01/21/2024,18:00,FPPYD_FPP_G1, 24.24,N
01/21/2024,18:00,FPPYD_FPP_G2, 24.24,N
01/21/2024,18:00,FPPYD_FPP_G3, 24.24,N
01/21/2024,18:00,FREC_1_CCU, 23.35,N
01/21/2024,18:00,FREC_2_CCU, 23.35,N
01/21/2024,18:00,FREC_CC1, 23.35,N
01/21/2024,18:00,FREC_CC2, 23.35,N
01/21/2024,18:00,FRMRSVLW_RN, 23.18,N
01/21/2024,18:00,FRNYPP_1_CCU, 23.21,N
01/21/2024,18:00,FRNYPP_2_CCU, 23.21,N
01/21/2024,18:00,FRNYPP_CC1, 23.21,N
01/21/2024,18:00,FRNYPP_CC2, 23.21,N
01/21/2024,18:00,FRONT_EC_CC1, 24.02,N
01/21/2024,18:00,FRONT_EC_RN1, 24.02,N
01/21/2024,18:00,FRONT_EC_RN2, 24.02,N
01/21/2024,18:00,FRONT_EC_RN3, 24.02,N
01/21/2024,18:00,FRYE_SLR_ALL, 4.64,N
01/21/2024,18:00,FTR_CC1, 23.66,N
01/21/2024,18:00,FTR_FTR_G1_4, 23.66,N
01/21/2024,18:00,FTWIND_UNIT1, 23.03,N
01/21/2024,18:00,FWLR_SLR_1, 25,N
01/21/2024,18:00,GALO_RN1, 22.69,N
01/21/2024,18:00,GAMBIT_RN, 24.03,N
01/21/2024,18:00,GARC_BESS_RN, 24.09,N
01/21/2024,18:00,GBY_GT, 23.78,N
01/21/2024,18:00,GID_GIDEONG1, 24.32,N
01/21/2024,18:00,GID_GIDEONG2, 24.32,N
01/21/2024,18:00,GID_GIDEONG3, 24.32,N
01/21/2024,18:00,GIGA_ESS_RN, 24.17,N
01/21/2024,18:00,GOA_GOATWIND, 22.76,N
01/21/2024,18:00,GOLINDA_UN1, 23.58,N
01/21/2024,18:00,GOMZ_RN, 24.97,N
01/21/2024,18:00,GOODNIT1_ALL, 4.77,N
01/21/2024,18:00,GPASTURE_ALL, 22.57,N
01/21/2024,18:00,GRANDVW1_A_B, 4.78,N
01/21/2024,18:00,GRDNE_ESR_RN, 23.62,N
01/21/2024,18:00,GREASWOD_ALL, 24.66,N
01/21/2024,18:00,GRIF_TRL_RN, 22.42,N
01/21/2024,18:00,GRSES_UNIT1, 22.82,N
01/21/2024,18:00,GRSES_UNIT2, 22.81,N
01/21/2024,18:00,GUADG_CC1, 24.26,N
01/21/2024,18:00,GUADG_CC2, 24.26,N
01/21/2024,18:00,GUADG_CCU1, 24.26,N
01/21/2024,18:00,GUADG_CCU2, 24.26,N
01/21/2024,18:00,GUNMTN_NODE, 20.74,N
01/21/2024,18:00,GWEC_G1, 23.74,N
01/21/2024,18:00,HALO_RN1, 23.72,N
01/21/2024,18:00,HAMI_BESS_RN, 25.58,N
01/21/2024,18:00,HAYSEN1_2, 17.94,N
01/21/2024,18:00,HAYSEN3_4, 23.81,N
01/21/2024,18:00,HB_BUSAVG, 23.41,N
01/21/2024,18:00,HB_HOUSTON, 23.78,N
01/21/2024,18:00,HB_HUBAVG, 23.5,N
01/21/2024,18:00,HB_NORTH, 23.24,N
01/21/2024,18:00,HB_PAN, 6.34,N
01/21/2024,18:00,HB_SOUTH, 23.6,N
01/21/2024,18:00,HB_WEST, 23.39,N
01/21/2024,18:00,HELIOS_RN, 29.48,N
01/21/2024,18:00,HHGT_KENDAL, 20.81,N
01/21/2024,18:00,HHOLLW2_WND1, 22.8,N
01/21/2024,18:00,HHOLLW3_WND1, 22.8,N
01/21/2024,18:00,HHOLLW4_WND1, 22.8,N
01/21/2024,18:00,HICK_G1_G2, 21.78,N
01/21/2024,18:00,HI_LONEB_RN1, 22.3,N
01/21/2024,18:00,HI_LONE_ALL, 22.3,N
01/21/2024,18:00,HLSES_UNIT3, 23.25,N
01/21/2024,18:00,HLSES_UNIT4, 23.25,N
01/21/2024,18:00,HLSES_UNIT5, 23.25,N
01/21/2024,18:00,HMNG_ESS_RN, 23.02,N
01/21/2024,18:00,HOLCOMB_RN1, 25.37,N
01/21/2024,18:00,HOLSTEIN_ALL, 22.83,N
01/21/2024,18:00,HOL_ALL, 23.86,N
01/21/2024,18:00,HOPKNSLR_ALL, 23.18,N
01/21/2024,18:00,HORSCR_RN, 25.04,N
01/21/2024,18:00,HORSECRK_RN, 22.51,N
01/21/2024,18:00,HOUSEMTN_RN, 29.93,N
01/21/2024,18:00,HOVEY_GEN, 24.93,N
01/21/2024,18:00,HRBESS_BESS, 25.34,N
01/21/2024,18:00,HRFDWIND_ALL, 4.5,N
01/21/2024,18:00,HRZN_SLR_UN1, 25.89,N
01/21/2024,18:00,HWF_HWFG1, 22.81,N
01/21/2024,18:00,HYDR_ESS_RN, 24.54,N
01/21/2024,18:00,H_HOLLO_WND1, 22.8,N
01/21/2024,18:00,IMP_RN1, 23.17,N
01/21/2024,18:00,INDNENR_1_RN, 25.17,N
01/21/2024,18:00,INDNENR_2_RN, 25.09,N
01/21/2024,18:00,INDNNWP_RN, 25.13,N
01/21/2024,18:00,IND_INADALE1, 22.85,N
01/21/2024,18:00,INGLCOSW_CC1, 23.97,N
01/21/2024,18:00,INGLCOSW_STG, 23.97,N
01/21/2024,18:00,INGLCOS_CTG1, 23.97,N
01/21/2024,18:00,INGLCOS_CTG2, 23.97,N
01/21/2024,18:00,INGLCO_PUN1, 23.97,N
01/21/2024,18:00,INGLCO_PUN2, 23.97,N
01/21/2024,18:00,INGLCO_PUN3, 23.97,N
01/21/2024,18:00,INKS_INKS_G1, 29.86,N
01/21/2024,18:00,INRT_W_ALL, 22.56,N
01/21/2024,18:00,JACKCNTY_CC1, 23.24,N
01/21/2024,18:00,JACKCNTY_CT1, 23.24,N
01/21/2024,18:00,JACKCNTY_CT2, 23.24,N
01/21/2024,18:00,JACKCNTY_STG, 23.24,N
01/21/2024,18:00,JADE_SLR_ALL, 22.5,N
01/21/2024,18:00,JAY_RN_1, 23.82,N
01/21/2024,18:00,JCKCNTY2_CC1, 22.83,N
01/21/2024,18:00,JCKCNTY2_CT3, 22.83,N
01/21/2024,18:00,JCKCNTY2_CT4, 22.83,N
01/21/2024,18:00,JCKCNTY2_ST2, 22.83,N
01/21/2024,18:00,JC_BAT_RN, 24.72,N
01/21/2024,18:00,JDKNS_RN, 25.23,N
01/21/2024,18:00,JUNCTION_RN, 26.87,N
01/21/2024,18:00,JUNO_ALL, 23.17,N
01/21/2024,18:00,KARAKAW1_1, 23.9,N
01/21/2024,18:00,KARAKAW2_1, 23.9,N
01/21/2024,18:00,KEECHI_U1, 23.24,N
01/21/2024,18:00,KELAMSL_U1, 23.3,N
01/21/2024,18:00,KEO_KEO_SM1, 25.04,N
01/21/2024,18:00,KINGE_ALL, 25.01,N
01/21/2024,18:00,KINGW_ALL, 25,N
01/21/2024,18:00,KMCHI_CC1, 23.16,N
01/21/2024,18:00,KMCHI_CC2, 23.16,N
01/21/2024,18:00,LACY_CRK_ALL, 23.1,N
01/21/2024,18:00,LAMESASLR_G, 10,N
01/21/2024,18:00,LAPETUS_U1, 27.72,N
01/21/2024,18:00,LARDVFTN_G4, 23.96,N
01/21/2024,18:00,LARDVFTN_G5, 23.96,N
01/21/2024,18:00,LASSO_GEN, 29.93,N
01/21/2024,18:00,LBRA_BES1, 24.13,N
01/21/2024,18:00,LEG_LEG_G1, 23.51,N
01/21/2024,18:00,LEG_LEG_G2, 23.51,N
01/21/2024,18:00,LEONLCPCT1_2, 31.17,N
01/21/2024,18:00,LEONLCPCT3_4, 31.17,N
01/21/2024,18:00,LFSTH_RN, 23.3,N
01/21/2024,18:00,LGDRAW_S_ALL, 23.17,N
01/21/2024,18:00,LGD_LANGFORD, 22.56,N
01/21/2024,18:00,LGE_CC1, 23.97,N
01/21/2024,18:00,LGE_LGE_GT1, 23.97,N
01/21/2024,18:00,LGE_LGE_GT2, 23.97,N
01/21/2024,18:00,LGE_LGE_STG, 23.97,N
01/21/2024,18:00,LGE_PUN1, 23.97,N
01/21/2024,18:00,LGE_PUN2, 23.97,N
01/21/2024,18:00,LGW_UNIT_ALL, 23.23,N
01/21/2024,18:00,LHM_CVC_G4, 23.78,N
01/21/2024,18:00,LHM_PUN1, 23.78,N
01/21/2024,18:00,LHM_PUN2, 23.78,N
01/21/2024,18:00,LHORN_N_U1_2, 4.74,N
01/21/2024,18:00,LHSES_UNIT1, 23.21,N
01/21/2024,18:00,LHSES_UNIT2, 23.21,N
01/21/2024,18:00,LIG_RN, 23.78,N
01/21/2024,18:00,LILY_RN, 23.23,N
01/21/2024,18:00,LMAJADAS_ALL, 23.99,N
01/21/2024,18:00,LMO_ESR_RN, 23.65,N
01/21/2024,18:00,LNCRK_ALL, 22.81,N
01/21/2024,18:00,LONESTAR_RN, 25.28,N
01/21/2024,18:00,LONEWOLF_ALL, 23,N
01/21/2024,18:00,LON_RN1, 23.91,N
01/21/2024,18:00,LOSTPI_CC1, 24.24,N
01/21/2024,18:00,LOS_LOSTPGT1, 24.24,N
01/21/2024,18:00,LOS_LOSTPGT2, 24.24,N
01/21/2024,18:00,LOS_LOSTPST1, 24.24,N
01/21/2024,18:00,LPCCS_CC1, 23.16,N
01/21/2024,18:00,LPCCS_CC2, 23.16,N
01/21/2024,18:00,LPCCS_CT11, 23.16,N
01/21/2024,18:00,LPCCS_CT12, 23.16,N
01/21/2024,18:00,LPCCS_CT21, 23.16,N
01/21/2024,18:00,LPCCS_CT22, 23.16,N
01/21/2024,18:00,LPCCS_UNIT1, 23.16,N
01/21/2024,18:00,LPCCS_UNIT2, 23.16,N
01/21/2024,18:00,LV1A_LV1B, 23.99,N
01/21/2024,18:00,LV3_RN, 24.01,N
01/21/2024,18:00,LV3_UNIT1, 24.01,N
01/21/2024,18:00,LV4_UNIT_1, 24.01,N
01/21/2024,18:00,LV5_UNIT1, 24.06,N
01/21/2024,18:00,LZ_AEN, 24.43,N
01/21/2024,18:00,LZ_CPS, 27.69,N
01/21/2024,18:00,LZ_HOUSTON, 23.82,N
01/21/2024,18:00,LZ_LCRA, 25.31,N
01/21/2024,18:00,LZ_NORTH, 23.26,N
01/21/2024,18:00,LZ_RAYBN, 23.2,N
01/21/2024,18:00,LZ_SOUTH, 24.46,N
01/21/2024,18:00,LZ_WEST, 24.57,N
01/21/2024,18:00,L_FRE_ESR_RN, 23.99,N
01/21/2024,18:00,MADERO_RN, 24.02,N
01/21/2024,18:00,MAINLAND_RN, 23.82,N
01/21/2024,18:00,MARBFA, 24.85,N
01/21/2024,18:00,MARIAH_ALL, 4.5,N
01/21/2024,18:00,MAR_MARSFOG1, 24.5,N
01/21/2024,18:00,MAR_MARSFOG2, 24.5,N
01/21/2024,18:00,MAR_MARSFOG3, 24.5,N
01/21/2024,18:00,MASSENGL_CC1, 18.05,N
01/21/2024,18:00,MASSENGL_G6, 20.81,N
01/21/2024,18:00,MASSENGL_G7, 20.81,N
01/21/2024,18:00,MASSENGL_G8, 15.43,N
01/21/2024,18:00,MAVCRK_W_ALL, 22.69,N
01/21/2024,18:00,MCDLD_FCSBW1, 23.11,N
01/21/2024,18:00,MCLNSLR_RN, 25.55,N
01/21/2024,18:00,MCSES_UNIT6, 23.21,N
01/21/2024,18:00,MCSES_UNIT7, 23.21,N
01/21/2024,18:00,MCSES_UNIT8, 23.21,N
01/21/2024,18:00,MDANP_CT1_2, 23.22,N
01/21/2024,18:00,MDANP_CT3_4, 23.2,N
01/21/2024,18:00,MDANP_CT5_6, 23.22,N
01/21/2024,18:00,MERCURY_ALL, 23.33,N
01/21/2024,18:00,MESQCRK_ALL, 23.17,N
01/21/2024,18:00,MESTENO_RN, 24.01,N
01/21/2024,18:00,MGSES_CT123, 22.82,N
01/21/2024,18:00,MGSES_CT456, 22.82,N
01/21/2024,18:00,MIAM1_G1_G2, 4.93,N
01/21/2024,18:00,MIDWY_RN, 25.47,N
01/21/2024,18:00,MIL_MILG1_2, 23.19,N
01/21/2024,18:00,MIL_MILG345, 23.19,N
01/21/2024,18:00,MIRAGE_G1, 23.8,N
01/21/2024,18:00,MIRASOLE_GEN, 24,N
01/21/2024,18:00,MISAE_GEN_RN, 5.33,N
01/21/2024,18:00,MLSES_UNIT1, 23.27,N
01/21/2024,18:00,MLSES_UNIT2, 23.27,N
01/21/2024,18:00,MLSES_UNIT3, 23.27,N
01/21/2024,18:00,MNWL_BESS_RN, 23.19,N
01/21/2024,18:00,MOZART_WIND1, 22.63,N
01/21/2024,18:00,MUSTNGCK_ALL, 24.49,N
01/21/2024,18:00,MV_VALV4_RN, 24.01,N
01/21/2024,18:00,MWEC_G1, 22.56,N
01/21/2024,18:00,MYRY_ESR_RN, 24.02,N
01/21/2024,18:00,MYR_ALL, 23.94,N
01/21/2024,18:00,NACPW_UNIT1, 23.29,N
01/21/2024,18:00,NBOHR_RN, 23.13,N
01/21/2024,18:00,NCARBIDEG8, 23.99,N
01/21/2024,18:00,NCARBIDE_1_7, 23.99,N
01/21/2024,18:00,NCARBID_PUN1, 23.99,N
01/21/2024,18:00,NCARBID_PUN2, 23.99,N
01/21/2024,18:00,NCO_RN, 24.05,N
01/21/2024,18:00,NEBULA_RN, 24,N
01/21/2024,18:00,NEDIN_CC1, 17.93,N
01/21/2024,18:00,NED_NEDIN_G1, 24.01,N
01/21/2024,18:00,NED_NEDIN_G2, 20.01,N
01/21/2024,18:00,NED_NEDIN_G3, 10.06,N
01/21/2024,18:00,NF_BRP_RN, 24.3,N
01/21/2024,18:00,NOBLESLR_ALL, 23.02,N
01/21/2024,18:00,NOVA1SLR_ALL, 22.22,N
01/21/2024,18:00,NOVA2S_UNIT1, 22.22,N
01/21/2024,18:00,NUECES_B_CC1, 23.97,N
01/21/2024,18:00,NUE_NUECESG7, 23.97,N
01/21/2024,18:00,NUE_NUECESG8, 23.97,N
01/21/2024,18:00,NUE_NUECESG9, 23.97,N
01/21/2024,18:00,NWF_NWF1, 26,N
01/21/2024,18:00,N_AL_BESS_RN, 24.01,N
01/21/2024,18:00,N_MRD_ESR_RN, 24,N
01/21/2024,18:00,OBERON_U1, 25.43,N
01/21/2024,18:00,ODESW_RN, 25.35,N
01/21/2024,18:00,OECCS_1, 25.11,N
01/21/2024,18:00,OECCS_2, 25.11,N
01/21/2024,18:00,OECCS_CC1, 25.11,N
01/21/2024,18:00,OECCS_CC2, 25.11,N
01/21/2024,18:00,OGSES_1, 23.58,N
01/21/2024,18:00,OGSES_2, 23.58,N
01/21/2024,18:00,OLIN_OLING_1, 23.2,N
01/21/2024,18:00,OLIN_OLING_2, 23.2,N
01/21/2024,18:00,OLIN_OLING_3, 23.2,N
01/21/2024,18:00,OLIN_OLING_4, 23.2,N
01/21/2024,18:00,OLNEYTN_RN, 22.83,N
01/21/2024,18:00,OR_BESS_RN, 24.13,N
01/21/2024,18:00,OWF_OWF, 23.33,N
01/21/2024,18:00,OXY_OXY_CCG1, 23.97,N
01/21/2024,18:00,OXY_PUN1, 23.97,N
01/21/2024,18:00,OXY_PUN2, 23.97,N
01/21/2024,18:00,PALE_ESS_EN, 20.36,N
01/21/2024,18:00,PALMWI_UNIT1, 23.97,N
01/21/2024,18:00,PANDA_S_CC1, 23.16,N
01/21/2024,18:00,PANDA_S_CT1, 23.16,N
01/21/2024,18:00,PANDA_S_CT2, 23.16,N
01/21/2024,18:00,PANDA_S_ST1, 23.16,N
01/21/2024,18:00,PANDA_T1_CC1, 23.72,N
01/21/2024,18:00,PANDA_T1_CT1, 23.72,N
01/21/2024,18:00,PANDA_T1_CT2, 23.72,N
01/21/2024,18:00,PANDA_T1_ST1, 23.72,N
01/21/2024,18:00,PANDA_T2_CC1, 23.72,N
01/21/2024,18:00,PANDA_T2_CT1, 23.72,N
01/21/2024,18:00,PANDA_T2_CT2, 23.72,N
01/21/2024,18:00,PANDA_T2_ST1, 23.72,N
01/21/2024,18:00,PAP1_PAP1, 23.97,N
01/21/2024,18:00,PAULN_RN, 23.29,N
01/21/2024,18:00,PAVLOV_BT_RN, 27.77,N
01/21/2024,18:00,PAVO_ESS_ALL, 25.04,N
01/21/2024,18:00,PB2SES_CT1, 25.32,N
01/21/2024,18:00,PB2SES_CT2, 25.32,N
01/21/2024,18:00,PB2SES_CT3, 25.32,N
01/21/2024,18:00,PB2SES_CT4, 25.32,N
01/21/2024,18:00,PB2SES_CT5, 25.32,N
01/21/2024,18:00,PC_NORTH_1, 23.17,N
01/21/2024,18:00,PC_SOUTH_ALL, 23.17,N
01/21/2024,18:00,PEARSA_1_24, 25.89,N
01/21/2024,18:00,PENA_ALL, 23.97,N
01/21/2024,18:00,PES1_RN, 23.85,N
01/21/2024,18:00,PEY_RN, 23.81,N
01/21/2024,18:00,PH1_UNIT1_2, 4.86,N
01/21/2024,18:00,PH2_U1_U2, 4.86,N
01/21/2024,18:00,PHILLWND_ALL, 23.49,N
01/21/2024,18:00,PHOEBE_ALL, 25.46,N
01/21/2024,18:00,PHOENIX_RN, 23.16,N
01/21/2024,18:00,PHO_ALL, 23.86,N
01/21/2024,18:00,PIONR_DJ_RN, 24.65,N
01/21/2024,18:00,PISG_RN_ALL, 23.34,N
01/21/2024,18:00,PITSDD_UNIT1, 23.33,N
01/21/2024,18:00,PLN_ALL, 23.86,N
01/21/2024,18:00,PNPI_GT2_RN, 23.9,N
01/21/2024,18:00,PORTSL_UNIT1, 23.01,N
01/21/2024,18:00,POTSVIL_RN, 23.29,N
01/21/2024,18:00,PRID_RN, 23.22,N
01/21/2024,18:00,PROSPERO_ALL, 26,N
01/21/2024,18:00,PRO_RN, 23.85,N
01/21/2024,18:00,PRSPERO2_ALL, 26,N
01/21/2024,18:00,PR_PR_ALL, 23.79,N
01/21/2024,18:00,PR_PR_G2, 23.79,N
01/21/2024,18:00,PSA_CC1, 23.78,N
01/21/2024,18:00,PSA_PSA_G1, 23.78,N
01/21/2024,18:00,PSA_PSA_G2, 23.78,N
01/21/2024,18:00,PSA_PSA_G3, 23.78,N
01/21/2024,18:00,PSA_PSA_G4, 23.78,N
01/21/2024,18:00,PSA_PSA_G5, 23.78,N
01/21/2024,18:00,PSA_PSA_G6, 23.78,N
01/21/2024,18:00,PSA_PSA_G7, 23.78,N
01/21/2024,18:00,PSA_PUN1, 23.78,N
01/21/2024,18:00,PSA_PUN2, 23.78,N
01/21/2024,18:00,PSA_PUN3, 23.78,N
01/21/2024,18:00,PSA_PUN4, 23.78,N
01/21/2024,18:00,PSA_PUN5, 23.78,N
01/21/2024,18:00,PSG_CC1, 23.79,N
01/21/2024,18:00,PSG_PSG_GT2, 23.79,N
01/21/2024,18:00,PSG_PSG_GT3, 23.79,N
01/21/2024,18:00,PSG_PSG_ST1, 23.79,N
01/21/2024,18:00,PTLBES_BESS1, 24.01,N
01/21/2024,18:00,PYR_PYRON1, 22.85,N
01/21/2024,18:00,QALSW_ALL, 25.11,N
01/21/2024,18:00,QALSW_CC1, 25.11,N
01/21/2024,18:00,QALSW_CC2, 25.11,N
01/21/2024,18:00,QUEEN_BA_RN, 24.89,N
01/21/2024,18:00,QUEEN_SL_RN, 24.89,N
01/21/2024,18:00,RAB_G1-8, 23.82,N
01/21/2024,18:00,RADN_SLR_ALL, 22.94,N
01/21/2024,18:00,RAMBLER_UNIT, 22.45,N
01/21/2024,18:00,RANCHERO_ALL, 21.95,N
01/21/2024,18:00,RAT_RN_1, 21.69,N
01/21/2024,18:00,RAYBURN_CC1, 24.06,N
01/21/2024,18:00,RAYB_G78910, 24.06,N
01/21/2024,18:00,RBN_BESS1, 23.96,N
01/21/2024,18:00,RDCAN_RDCNY1, 22.53,N
01/21/2024,18:00,REDBARN_RN, 24.61,N
01/21/2024,18:00,REDFISH_ALL, 23.99,N
01/21/2024,18:00,REDGATE_ALL, 24.02,N
01/21/2024,18:00,REDGATE_RN, 24.02,N
01/21/2024,18:00,RELOJ_ALL, 24.03,N
01/21/2024,18:00,REROCK_ALL, 24.93,N
01/21/2024,18:00,RHESS2_ESS1, 24.12,N
01/21/2024,18:00,RIGGIN_UNIT1, 25.15,N
01/21/2024,18:00,RIOG_ESR_RN, 24.08,N
01/21/2024,18:00,RIONOG_CC1, 24.38,N
01/21/2024,18:00,RIONOG_CT1, 24.38,N
01/21/2024,18:00,RIONOG_CT2, 24.38,N
01/21/2024,18:00,RIONOG_CT3, 24.38,N
01/21/2024,18:00,RIONOG_ST1, 24.38,N
01/21/2024,18:00,RIPPEY_ALL, 23.15,N
01/21/2024,18:00,RN_APOGEE, 22.64,N
01/21/2024,18:00,RN_BYU_G8, 23.8,N
01/21/2024,18:00,RN_DEC_AGR_A, 23.11,N
01/21/2024,18:00,RN_DEC_AGR_B, 23.11,N
01/21/2024,18:00,RN_DEC_AGR_C, 23.11,N
01/21/2024,18:00,RN_DEC_AGR_D, 23.11,N
01/21/2024,18:00,RN_ECEC_HOLT, 26.26,N
01/21/2024,18:00,RN_OCI_ALAMO, 30.15,N
01/21/2024,18:00,RN_RTS1, 22.81,N
01/21/2024,18:00,RN_SR_WIND1, 23.99,N
01/21/2024,18:00,RN_TOSBATT, 23.1,N
01/21/2024,18:00,ROSELAND_ALL, 23.5,N
01/21/2024,18:00,ROUTE66_RN, 4.78,N
01/21/2024,18:00,ROW_ALL, 23.83,N
01/21/2024,18:00,RPUBRDS_RN, 23.67,N
01/21/2024,18:00,RRANCHES_ALL, 25.2,N
01/21/2024,18:00,RRC_WIND_ALL, 23.01,N
01/21/2024,18:00,RSK_RN, 23.13,N
01/21/2024,18:00,RTLSNAKE_BT, 25.22,N
01/21/2024,18:00,RUSSEKST_RN, 28.3,N
01/21/2024,18:00,RVRVLYS_ALL, 24.11,N
01/21/2024,18:00,SADLBACK_RN, 25.15,N
01/21/2024,18:00,SALVTION_GEN, 22.51,N
01/21/2024,18:00,SAMSON_ALL, 23.18,N
01/21/2024,18:00,SANDHSYD1_2, 24.42,N
01/21/2024,18:00,SANDHSYD3_4, 24.42,N
01/21/2024,18:00,SANDHSYD6_7, 24.42,N
01/21/2024,18:00,SANDHSYD_5AC, 24.42,N
01/21/2024,18:00,SANDHSYD_CC1, 24.42,N
01/21/2024,18:00,SANTACRU_ALL, 23.96,N
01/21/2024,18:00,SAN_SANMIGG1, 24.11,N
01/21/2024,18:00,SBEAN_BESS, 25.19,N
01/21/2024,18:00,SBE_RN_1, 24.33,N
01/21/2024,18:00,SC2SES_UNIT1, 23.29,N
01/21/2024,18:00,SCES_UNIT1, 23.5,N
01/21/2024,18:00,SCLP_PUN1, 24.05,N
01/21/2024,18:00,SCLP_PUN2, 24.05,N
01/21/2024,18:00,SCLP_PUN3, 24.05,N
01/21/2024,18:00,SCLP_PUN4, 24.05,N
01/21/2024,18:00,SCLP_SCLPC_1, 24.05,N
01/21/2024,18:00,SCLP_SCLPC_2, 24.05,N
01/21/2024,18:00,SCLP_SCLPC_3, 24.05,N
01/21/2024,18:00,SCLP_SCLPC_4, 24.05,N
01/21/2024,18:00,SCSES_UNIT2, 23.29,N
01/21/2024,18:00,SDSES_PUN1, 23.97,N
01/21/2024,18:00,SDSES_PUN3, 23.97,N
01/21/2024,18:00,SENATEWD_1, 22.81,N
01/21/2024,18:00,SGM_SIGNALMT, 22.06,N
01/21/2024,18:00,SGSA_DGR, 24.93,N
01/21/2024,18:00,SG_BES_BESS1, 25.15,N
01/21/2024,18:00,SHAFFER_ALL, 23.96,N
01/21/2024,18:00,SHAMROCK_RN, 21.86,N
01/21/2024,18:00,SHANNONW_RN, 22.73,N
01/21/2024,18:00,SHEEPCRK_1, 23.01,N
01/21/2024,18:00,SILASRAY_CC1, 25.07,N
01/21/2024,18:00,SIL_SILAS_10, 25.07,N
01/21/2024,18:00,SIL_SILAS_6, 25.07,N
01/21/2024,18:00,SIL_SILAS_9, 25.07,N
01/21/2024,18:00,SIRIUS_UNIT1, 25.09,N
01/21/2024,18:00,SJS_SJS_G1, 23.8,N
01/21/2024,18:00,SJS_SJS_G2, 23.8,N
01/21/2024,18:00,SKY1, 24.31,N
01/21/2024,18:00,SLCN_ESS_ALL, 24.17,N
01/21/2024,18:00,SLTFRK_UN1_2, 4.93,N
01/21/2024,18:00,SL_PUN1, 23.79,N
01/21/2024,18:00,SL_PUN2, 23.79,N
01/21/2024,18:00,SNY_BESS_RN, 22.44,N
01/21/2024,18:00,SOLARA_UNIT1, 22.66,N
01/21/2024,18:00,SPARTA_ALL, 23.83,N
01/21/2024,18:00,SPLAIN1_RN, 4.7,N
01/21/2024,18:00,SPLAIN2_RN, 4.7,N
01/21/2024,18:00,SPNC_SPNCE_4, 23.12,N
01/21/2024,18:00,SPNC_SPNCE_5, 23.12,N
01/21/2024,18:00,SPTX12B_RN, 24.99,N
01/21/2024,18:00,SROSA_ESR_RN, 23.99,N
01/21/2024,18:00,SRWE1_UNIT1, 23.17,N
01/21/2024,18:00,SSPURT_WIND1, 4.64,N
01/21/2024,18:00,STAM_SLR_ALL, 23.18,N
01/21/2024,18:00,STEAM_ENG123, 23.2,N
01/21/2024,18:00,STEA_STEAM_1, 23.2,N
01/21/2024,18:00,STEA_STEAM_2, 23.2,N
01/21/2024,18:00,STEA_STEAM_3, 23.2,N
01/21/2024,18:00,STELLA_RN, 23.97,N
01/21/2024,18:00,STP_STP_G1, 23.82,N
01/21/2024,18:00,STP_STP_G2, 23.82,N
01/21/2024,18:00,STRATEGC_RN, 23.28,N
01/21/2024,18:00,STWF_T1, 22.71,N
01/21/2024,18:00,SUNVASLR_ALL, 23.35,N
01/21/2024,18:00,SWEC_G1, 24.99,N
01/21/2024,18:00,SWEETWN2_2_4, 22.91,N
01/21/2024,18:00,SWEETWN3_3, 22.91,N
01/21/2024,18:00,SWEETWND_1, 22.91,N
01/21/2024,18:00,SWOOSE1_U1, 25.25,N
01/21/2024,18:00,SWOOSEII_RN, 25.25,N
01/21/2024,18:00,SWTWN4_WND45, 22.91,N
01/21/2024,18:00,SWT_BESS_RN, 22.66,N
01/21/2024,18:00,S_HILLS_RN, 22.77,N
01/21/2024,18:00,TAHOKA_ALL, 24.32,N
01/21/2024,18:00,TAV_RN, 24.14,N
01/21/2024,18:00,TAYGETE2_ALL, 25.08,N
01/21/2024,18:00,TAYGETE_ALL, 25.08,N
01/21/2024,18:00,TBWF_ES_BES1, 25,N
01/21/2024,18:00,TC_PUN1, 23.81,N
01/21/2024,18:00,TC_PUN2, 23.81,N
01/21/2024,18:00,TC_TCHP1, 23.81,N
01/21/2024,18:00,TEN_CC1, 23.17,N
01/21/2024,18:00,TEN_CT1_STG, 23.17,N
01/21/2024,18:00,TGCCS_ALL, 23.28,N
01/21/2024,18:00,TGCCS_CC1, 23.28,N
01/21/2024,18:00,TGF_TGFGT, 24.56,N
01/21/2024,18:00,TGS_GT01, 24.56,N
01/21/2024,18:00,TGW_T1_T2, 23.97,N
01/21/2024,18:00,THW_1_CCU, 23.77,N
01/21/2024,18:00,THW_2_CCU, 23.77,N
01/21/2024,18:00,THW_CC1, 23.77,N
01/21/2024,18:00,THW_CC2, 23.77,N
01/21/2024,18:00,THW_THWGT5X, 23.77,N
01/21/2024,18:00,THW_THWGT_1, 23.77,N
01/21/2024,18:00,TI_SOLAR_ALL, 25.18,N
01/21/2024,18:00,TKWSW_CHAMP, 22.85,N
01/21/2024,18:00,TKWSW_ROSCOE, 22.85,N
01/21/2024,18:00,TNP_TNP_O_1, 23.63,N
01/21/2024,18:00,TNP_TNP_O_2, 23.63,N
01/21/2024,18:00,TNSKA_CC1, 23.17,N
01/21/2024,18:00,TNSKA_CCU, 23.17,N
01/21/2024,18:00,TOPAZ_ALL, 23.82,N
01/21/2024,18:00,TORR_ALL, 24.04,N
01/21/2024,18:00,TORT_ESS_RN, 23.82,N
01/21/2024,18:00,TOYAH_RN, 24.93,N
01/21/2024,18:00,TREB_SOLAR1, 23.86,N
01/21/2024,18:00,TRENT_TRENT, 22.71,N
01/21/2024,18:00,TRINITY_ALL, 22.74,N
01/21/2024,18:00,TRIPBUT1_RN, 28.82,N
01/21/2024,18:00,TRSES_UNIT6, 23.3,N
01/21/2024,18:00,TRUENO_ALL, 23.99,N
01/21/2024,18:00,TRUSGILL_RN, 22.47,N
01/21/2024,18:00,TTRSW_RN, 23.18,N
01/21/2024,18:00,TTWEC_G1, 22.5,N
01/21/2024,18:00,TURQ_BESS1, 23.19,N
01/21/2024,18:00,TV_RN, 23.91,N
01/21/2024,18:00,TXCTY_CC1, 23.82,N
01/21/2024,18:00,TXCTY_CTA, 23.82,N
01/21/2024,18:00,TXCTY_CTB, 23.82,N
01/21/2024,18:00,TXCTY_CTC, 23.82,N
01/21/2024,18:00,TXCTY_ST, 23.82,N
01/21/2024,18:00,TYLRWIND_RN, 23.15,N
01/21/2024,18:00,T_CK_GT2_RN, 27.65,N
01/21/2024,18:00,T_CK_GT3_RN, 27.65,N
01/21/2024,18:00,UCC_COG_PUN2, 23.82,N
01/21/2024,18:00,UCC_UCC_C_2, 23.82,N
01/21/2024,18:00,VANCOURT_RN, 24,N
01/21/2024,18:00,VENADO_ALL, 25.5,N
01/21/2024,18:00,VERAWIND_ALL, 22.47,N
01/21/2024,18:00,VERTIGO_UN1, 22.57,N
01/21/2024,18:00,VICTORIA_CC1, 24.03,N
01/21/2024,18:00,VICTPORT_RN, 24.01,N
01/21/2024,18:00,VIC_VICTORG5, 24.03,N
01/21/2024,18:00,VIC_VICTORG6, 24.03,N
01/21/2024,18:00,VISION_RN, 23.3,N
01/21/2024,18:00,VLSES_UNIT3, 23.16,N
01/21/2024,18:00,VORT_ALL_RN, 22.65,N
01/21/2024,18:00,WAKEWE_ALL, 21.88,N
01/21/2024,18:00,WAP_WAPGT_1, 23.9,N
01/21/2024,18:00,WAP_WAP_G1, 23.9,N
01/21/2024,18:00,WAP_WAP_G2, 23.9,N
01/21/2024,18:00,WAP_WAP_G3, 23.91,N
01/21/2024,18:00,WAP_WAP_G4, 23.91,N
01/21/2024,18:00,WAP_WAP_G5, 23.9,N
01/21/2024,18:00,WAP_WAP_G6, 23.81,N
01/21/2024,18:00,WAP_WAP_G7, 23.81,N
01/21/2024,18:00,WAP_WAP_G8, 23.82,N
01/21/2024,18:00,WAYMARK_RN, 24.61,N
01/21/2024,18:00,WCPP_CC1, 22.83,N
01/21/2024,18:00,WCPP_CT1, 22.83,N
01/21/2024,18:00,WCPP_CT2, 22.83,N
01/21/2024,18:00,WCPP_ST1, 22.83,N
01/21/2024,18:00,WEBBER_WS_T1, 24.29,N
01/21/2024,18:00,WEC_WECG1, 22.6,N
01/21/2024,18:00,WES_ALL, 24.04,N
01/21/2024,18:00,WFCOGEN_13, 22.67,N
01/21/2024,18:00,WFCOGEN_24, 22.67,N
01/21/2024,18:00,WFCOGEN_CC1, 22.67,N
01/21/2024,18:00,WFTANK_ESS1, 24.02,N
01/21/2024,18:00,WGU_RN, 24.01,N
01/21/2024,18:00,WHCCS2_4, 23.07,N
01/21/2024,18:00,WHCCS2_5_6, 23.07,N
01/21/2024,18:00,WHCCS2_CC2, 23.07,N
01/21/2024,18:00,WHCCS_CC1, 23.07,N
01/21/2024,18:00,WHCCS_CT1_ST, 23.07,N
01/21/2024,18:00,WHCCS_CT2, 23.07,N
01/21/2024,18:00,WHITE_PT_UN1, 23.97,N
01/21/2024,18:00,WHMESA_U1, 21.78,N
01/21/2024,18:00,WHTTAIL_WR1, 23.15,N
01/21/2024,18:00,WH_WIND_ALL, 22.78,N
01/21/2024,18:00,WILDWIND_ALL, 23.04,N
01/21/2024,18:00,WIPOPA_1_2, 24.27,N
01/21/2024,18:00,WIPOPA_3_4, 24.27,N
01/21/2024,18:00,WIR_WIRTZ_G1, 24.8,N
01/21/2024,18:00,WIR_WIRTZ_G2, 24.8,N
01/21/2024,18:00,WLTC_ESR_RN, 23.97,N
01/21/2024,18:00,WL_RANCH_RN, 22.2,N
01/21/2024,18:00,WNDTS2_UNIT1, 22.86,N
01/21/2024,18:00,WND_WHITNEY, 23.41,N
01/21/2024,18:00,WOODWRD1_RN, 25.04,N
01/21/2024,18:00,WOODWRD2_RN, 25.04,N
01/21/2024,18:00,WOV_BESS_RN, 25.54,N
01/21/2024,18:00,WRSBES_BESS1, 25.2,N
01/21/2024,18:00,W_HRL_ESR_RN, 23.99,N
01/21/2024,18:00,W_PECO_UNIT1, 25.2,N
01/21/2024,18:00,X443ESRN, 32.98,N
01/21/2024,18:00,YNG_WND_ALL, 22.7,N
01/21/2024,18:00,ZIER_SLR_ALL, 25.56,N
01/21/2024,19:00,7RNCHSLR_ALL, 25.64,N
01/21/2024,19:00,AEEC, 18.49,N
01/21/2024,19:00,AGUAYO_UNIT1, 24.77,N
01/21/2024,19:00,AJAXWIND_RN, 23.49,N
01/21/2024,19:00,ALGOD_ALL_RN, 25.55,N
01/21/2024,19:00,ALVIN_RN, 25.17,N
01/21/2024,19:00,AMADEUS_ALL, 23.64,N
01/21/2024,19:00,AMISTAD_ALL, 32.14,N
01/21/2024,19:00,AMOCOOIL_CC1, 25.16,N
01/21/2024,19:00,AMOCOOIL_CC2, 25.16,N
01/21/2024,19:00,AMOCO_PUN1, 25.16,N
01/21/2024,19:00,AMOCO_PUN2, 25.16,N
01/21/2024,19:00,AMO_AMOCO_1, 25.16,N
01/21/2024,19:00,AMO_AMOCO_2, 25.16,N
01/21/2024,19:00,AMO_AMOCO_5, 25.16,N
01/21/2024,19:00,AMO_AMOCO_G1, 25.16,N
01/21/2024,19:00,AMO_AMOCO_G2, 25.16,N
01/21/2024,19:00,AMO_AMOCO_G3, 25.16,N
01/21/2024,19:00,AMO_AMOCO_S1, 25.16,N
01/21/2024,19:00,AMO_AMOCO_S2, 25.16,N
01/21/2024,19:00,ANACACHO_ANA, 31.28,N
01/21/2024,19:00,ANCHOR_ALL, 24.21,N
01/21/2024,19:00,ANDMDSLR_ALL, 23.63,N
01/21/2024,19:00,ANEM_ESS_RN, 25.73,N
01/21/2024,19:00,ANG_ALL, 24.44,N
01/21/2024,19:00,ANSON1_ALL, 24.07,N
01/21/2024,19:00,APPALOSA_ALL, 35.97,N
01/21/2024,19:00,AQUI_ALL, 24.59,N
01/21/2024,19:00,ARAGORN_RN, 33,N
01/21/2024,19:00,ASTRA_RN, 6.58,N
01/21/2024,19:00,ATK_ATKINSG7, 24.94,N
01/21/2024,19:00,AURO_SLR_RN, 24.95,N
01/21/2024,19:00,AUSTPL_ALL, 25.88,N
01/21/2024,19:00,AVIAT_ALL, 24.54,N
01/21/2024,19:00,AZURE_RN, 23.64,N
01/21/2024,19:00,AZ_ALL, 25.13,N
01/21/2024,19:00,BAC_RN_ALL, 25.16,N
01/21/2024,19:00,BAFFIN_ALL, 25.66,N
01/21/2024,19:00,BAIRDWND_ALL, 24.05,N
01/21/2024,19:00,BARROW_ALL, 35.74,N
01/21/2024,19:00,BASTEN_CC1, 25.51,N
01/21/2024,19:00,BASTEN_CCU, 25.51,N
01/21/2024,19:00,BATCAVE_RN, 27.86,N
01/21/2024,19:00,BAYC_BESS_RN, 28.77,N
01/21/2024,19:00,BBREEZE_1_2, 25.71,N
01/21/2024,19:00,BCATWD_WD_1, 23.83,N
01/21/2024,19:00,BCH_RN, 25.35,N
01/21/2024,19:00,BCK_RN, 25.18,N
01/21/2024,19:00,BELM_SLR_RN, 24.95,N
01/21/2024,19:00,BIGSTAR_ALL, 25.51,N
01/21/2024,19:00,BLACKJAK_RN, 25.62,N
01/21/2024,19:00,BLSMT1_5_A_6, 23.06,N
01/21/2024,19:00,BLUEJAY_RN, 24.93,N
01/21/2024,19:00,BOARDCRK_ALL, 24.61,N
01/21/2024,19:00,BOOTLEG_UN1, 31.57,N
01/21/2024,19:00,BORDAS_345, 25.81,N
01/21/2024,19:00,BOSQUESW_CC1, 24.7,N
01/21/2024,19:00,BOSQUESW_CC2, 24.73,N
01/21/2024,19:00,BOSQ_BSQSU_5, 24.73,N
01/21/2024,19:00,BOSQ_BSQS_12, 24.73,N
01/21/2024,19:00,BOSQ_BSQS_34, 24.7,N
01/21/2024,19:00,BRANDON_RN, 23.15,N
01/21/2024,19:00,BRAUNIG_CC1, 22.64,N
01/21/2024,19:00,BRAUNIG_VHB1, 34.16,N
01/21/2024,19:00,BRAUNIG_VHB2, 34.16,N
01/21/2024,19:00,BRAUNIG_VHB3, 36.34,N
01/21/2024,19:00,BRAZ_WND_ALL, 23.2,N
01/21/2024,19:00,BRA_AVR1_CT2, 22.64,N
01/21/2024,19:00,BRA_AVR_CST1, 22.64,N
01/21/2024,19:00,BRHEIGHT_RN, 25.16,N
01/21/2024,19:00,BRIGHTSD_RN, 26.3,N
01/21/2024,19:00,BRIGHTSD_U1, 26.36,N
01/21/2024,19:00,BRISCOE_WIND, 7.05,N
01/21/2024,19:00,BRPANGLE_RN, 25.51,N
01/21/2024,19:00,BRPMAGNO_RN, 25.16,N
01/21/2024,19:00,BRP_BRAZ_RN, 25.52,N
01/21/2024,19:00,BRP_DIKN_RN, 25.16,N
01/21/2024,19:00,BRP_LOOP_RN, 25.79,N
01/21/2024,19:00,BRP_LOP1_RN, 27.65,N
01/21/2024,19:00,BRP_PBL1_RN, 55.13,N
01/21/2024,19:00,BRP_PBL2_RN, 55.12,N
01/21/2024,19:00,BRP_RN_UNIT1, 30.28,N
01/21/2024,19:00,BRP_SEMI_RN, 25.16,N
01/21/2024,19:00,BRP_SWNY_RN, 25.53,N
01/21/2024,19:00,BRP_ZPT1_RN, 27.77,N
01/21/2024,19:00,BRP_ZPT2_RN, 27.77,N
01/21/2024,19:00,BRTSW_BCW1, 24.35,N
01/21/2024,19:00,BR_ARROW_ALL, 24.43,N
01/21/2024,19:00,BR_VHB6CT5_6, 34.16,N
01/21/2024,19:00,BR_VHB6CT7_8, 34.16,N
01/21/2024,19:00,BSS_U1, 25.54,N
01/21/2024,19:00,BTE_BTE_G1, 25.12,N
01/21/2024,19:00,BTE_BTE_G2, 25.12,N
01/21/2024,19:00,BTE_BTE_G3, 25.12,N
01/21/2024,19:00,BTE_BTE_G4, 25.12,N
01/21/2024,19:00,BTE_CC1, 25.12,N
01/21/2024,19:00,BTE_PUN1, 25.12,N
01/21/2024,19:00,BTE_PUN2, 25.12,N
01/21/2024,19:00,BTM_ALL, 25.32,N
01/21/2024,19:00,BUCHAN_ALL, 25.75,N
01/21/2024,19:00,BUCKTHRN_RN, 24.46,N
01/21/2024,19:00,BUFF_GAP_ALL, 24.39,N
01/21/2024,19:00,BULLCRK_1_2, 22.01,N
01/21/2024,19:00,BVE_CC1, 25.16,N
01/21/2024,19:00,BVE_UNIT1, 25.16,N
01/21/2024,19:00,BVE_UNIT2, 25.16,N
01/21/2024,19:00,BVE_UNIT3, 25.16,N
01/21/2024,19:00,BYRDR_ES_ALL, 25.53,N
01/21/2024,19:00,BYU_BYU_1, 25.14,N
01/21/2024,19:00,BYU_BYU_12, 25.14,N
01/21/2024,19:00,BYU_BYU_34, 25.14,N
01/21/2024,19:00,BYU_BYU_G8, 25.14,N
01/21/2024,19:00,BYU_CC1, 25.14,N
01/21/2024,19:00,BYU_G4_RN, 25.14,N
01/21/2024,19:00,BYU_PUN1, 25.14,N
01/21/2024,19:00,BYU_PUN2, 25.14,N
01/21/2024,19:00,BYU_PUN3, 25.14,N
01/21/2024,19:00,BYU_PUN4, 25.14,N
01/21/2024,19:00,B_DAVIS_3, 25.64,N
01/21/2024,19:00,B_DAVIS_4, 25.64,N
01/21/2024,19:00,B_DAVIS_CC1, 25.64,N
01/21/2024,19:00,B_D_B_DAVIG1, 25.64,N
01/21/2024,19:00,B_D_B_DAVIG2, 25.64,N
01/21/2024,19:00,CABEZON_ALL, 25.77,N
01/21/2024,19:00,CALAVER_JKS1, 24.07,N
01/21/2024,19:00,CALAVER_JKS2, 24.07,N
01/21/2024,19:00,CALAVER_JTD1, 33.9,N
01/21/2024,19:00,CALAVER_JTD2, 33.9,N
01/21/2024,19:00,CALAVER_OWS1, 34.69,N
01/21/2024,19:00,CALAVER_OWS2, 34.69,N
01/21/2024,19:00,CALHOUN_ALL, 25.36,N
01/21/2024,19:00,CALLAHA_WND1, 23.98,N
01/21/2024,19:00,CAL_CALGT1, 25.13,N
01/21/2024,19:00,CAL_CALSTG1, 25.13,N
01/21/2024,19:00,CAL_CC1, 25.13,N
01/21/2024,19:00,CAL_PUN1, 25.13,N
01/21/2024,19:00,CAL_PUN2, 25.13,N
01/21/2024,19:00,CAMWIND_RN, 25.46,N
01/21/2024,19:00,CANYONWD_ALL, 24.27,N
01/21/2024,19:00,CAPRIDG4_CR4, 24.54,N
01/21/2024,19:00,CAPRIDGE_ALL, 24.54,N
01/21/2024,19:00,CARBN_BSP_1, 21.87,N
01/21/2024,19:00,CASL_GAP_UN1, 32.51,N
01/21/2024,19:00,CATARINA_B1, 32.01,N
01/21/2024,19:00,CBECII_89, 25.2,N
01/21/2024,19:00,CBECII_CC3, 25.2,N
01/21/2024,19:00,CBECII_CT7, 25.2,N
01/21/2024,19:00,CBEC_ALL, 26.49,N
01/21/2024,19:00,CBEC_CC1, 26.49,N
01/21/2024,19:00,CBEC_CC2, 26.49,N
01/21/2024,19:00,CBY4_ALL, 25.12,N
01/21/2024,19:00,CBY4_CC1, 25.12,N
01/21/2024,19:00,CBY_CBY_G1, 25.12,N
01/21/2024,19:00,CBY_CBY_G2, 25.12,N
01/21/2024,19:00,CCEC_CC1, 25.64,N
01/21/2024,19:00,CCEC_GT1, 25.64,N
01/21/2024,19:00,CCEC_GT2, 25.64,N
01/21/2024,19:00,CCEC_PUN1, 25.64,N
01/21/2024,19:00,CCEC_PUN2, 25.64,N
01/21/2024,19:00,CCEC_ST1, 25.64,N
01/21/2024,19:00,CEDROHI_CHW1, 25.88,N
01/21/2024,19:00,CEDRVALE_RN, 32.93,N
01/21/2024,19:00,CFLATS_UNIT, 21.3,N
01/21/2024,19:00,CHALUP_ALL, 25.71,N
01/21/2024,19:00,CHAL_SLR_RN, 33.03,N
01/21/2024,19:00,CHAMON_UN1, 25.12,N
01/21/2024,19:00,CHAMON_UN2, 25.12,N
01/21/2024,19:00,CHEDPW_GT2, 25.1,N
01/21/2024,19:00,CHE_CC1, 25.11,N
01/21/2024,19:00,CHE_LYD, 25.11,N
01/21/2024,19:00,CHE_LYD2, 25.11,N
01/21/2024,19:00,CHE_PUN1, 25.11,N
01/21/2024,19:00,CHE_PUN2, 25.11,N
01/21/2024,19:00,CHISMGRD_RN, 24.63,N
01/21/2024,19:00,CISC_RN, 24.15,N
01/21/2024,19:00,CITYVICT_ALL, 25.74,N
01/21/2024,19:00,CN_BRKS_UNT1, 6.74,N
01/21/2024,19:00,COL_COLETOG1, 25.79,N
01/21/2024,19:00,CONIGLIO_RN, 24.41,N
01/21/2024,19:00,CONTINEN_RN, 25.86,N
01/21/2024,19:00,CORALSLR_ALL, 24.79,N
01/21/2024,19:00,CORAZON_RN, 25.84,N
01/21/2024,19:00,COTPLNS_RN, 7,N
01/21/2024,19:00,COTTON_PAP2, 25.62,N
01/21/2024,19:00,COYOTSPR_RN, 32.93,N
01/21/2024,19:00,CPSES_UNIT1, 24.29,N
01/21/2024,19:00,CPSES_UNIT2, 24.29,N
01/21/2024,19:00,CRANELL_ALL, 25.62,N
01/21/2024,19:00,CROSSETT_ALL, 32.53,N
01/21/2024,19:00,CRWN_SLR_UN1, 24.86,N
01/21/2024,19:00,CSC_CSECG1_2, 23.25,N
01/21/2024,19:00,CVC_CC1, 25.1,N
01/21/2024,19:00,CVC_CVCG1_5, 25.1,N
01/21/2024,19:00,CVC_CVC_G2, 25.1,N
01/21/2024,19:00,CVC_CVC_G3, 25.1,N
01/21/2024,19:00,DAG_ALL, 25.76,N
01/21/2024,19:00,DANSBY_ALL, 24.94,N
01/21/2024,19:00,DAN_ALL, 25.2,N
01/21/2024,19:00,DA_BESS, 25.5,N
01/21/2024,19:00,DC2SES_ALL, 24.37,N
01/21/2024,19:00,DC_E, 24.42,N
01/21/2024,19:00,DC_L, 25.79,N
01/21/2024,19:00,DC_N, 23.34,N
01/21/2024,19:00,DC_R, 25.75,N
01/21/2024,19:00,DDPEC_CC1, 25.13,N
01/21/2024,19:00,DDPEC_GT1, 25.13,N
01/21/2024,19:00,DDPEC_GT2, 25.13,N
01/21/2024,19:00,DDPEC_GT3, 25.13,N
01/21/2024,19:00,DDPEC_GT4, 25.13,N
01/21/2024,19:00,DDPEC_GT6, 25.13,N
01/21/2024,19:00,DDPEC_ST1, 25.13,N
01/21/2024,19:00,DECKER_DPG2, 25.52,N
01/21/2024,19:00,DECKER_GT, 25.52,N
01/21/2024,19:00,DENISON_G1_2, 24.4,N
01/21/2024,19:00,DERMOTT_ALL, 23.61,N
01/21/2024,19:00,DIBOL_RN, 24.57,N
01/21/2024,19:00,DIB_CC1, 25.13,N
01/21/2024,19:00,DIB_DIB_G1, 25.13,N
01/21/2024,19:00,DIB_DIB_G2, 25.13,N
01/21/2024,19:00,DIB_DIB_G3, 25.13,N
01/21/2024,19:00,DIB_DIB_G4, 25.13,N
01/21/2024,19:00,DIB_PUN1, 25.13,N
01/21/2024,19:00,DIB_PUN2, 25.13,N
01/21/2024,19:00,DILEOS_UNIT1, 24.69,N
01/21/2024,19:00,DKNS_ESS_RN, 22.24,N
01/21/2024,19:00,DOWGEN_PUN1, 25.22,N
01/21/2024,19:00,DOWGEN_PUN2, 25.22,N
01/21/2024,19:00,DOWGEN_PUN3, 25.22,N
01/21/2024,19:00,DOW_61_2_63, 25.22,N
01/21/2024,19:00,DOW_64, 25.22,N
01/21/2024,19:00,DOW_81_2_84, 25.22,N
01/21/2024,19:00,DOW_G37_G35, 25.22,N
01/21/2024,19:00,DOW_G66_ST65, 25.22,N
01/21/2024,19:00,DOW_G67, 25.22,N
01/21/2024,19:00,DOW_G96_ST95, 25.22,N
01/21/2024,19:00,DUKE_CC1, 25.74,N
01/21/2024,19:00,DUKE_GST1CCU, 25.74,N
01/21/2024,19:00,DUKE_GT2_CCU, 25.74,N
01/21/2024,19:00,DUP_PUN1, 25.68,N
01/21/2024,19:00,DUP_PUN2, 25.68,N
01/21/2024,19:00,DUP_PUN3, 25.68,N
01/21/2024,19:00,DUP_PUN4, 25.68,N
01/21/2024,19:00,EBELLS_UNIT1, 24.95,N
01/21/2024,19:00,EBNY_ESS_RN, 28.65,N
01/21/2024,19:00,ECLIPSE_UN1, 31.48,N
01/21/2024,19:00,EIFSLR_UNIT1, 24.41,N
01/21/2024,19:00,ELB_ELBCREEK, 24.72,N
01/21/2024,19:00,ELECTRAW_1_2, 23.33,N
01/21/2024,19:00,ELSAUZ_ALL, 25.71,N
01/21/2024,19:00,ELSA_ESR_RN, 25.74,N
01/21/2024,19:00,ELS_RN_1, 24.46,N
01/21/2024,19:00,EL_RAYO_ALL, 25.7,N
01/21/2024,19:00,ENDPARK_ESS1, 23.48,N
01/21/2024,19:00,ERSL_RN, 29.28,N
01/21/2024,19:00,ESTONIAN_ALL, 24.41,N
01/21/2024,19:00,ETCCS_CC1, 24.51,N
01/21/2024,19:00,ETCCS_CCU, 24.51,N
01/21/2024,19:00,EUNICE_ALL, 34.12,N
01/21/2024,19:00,EXGNSND_RN, 27.77,N
01/21/2024,19:00,EXGNWTL_1, 25.88,N
01/21/2024,19:00,EXN_14, 25.12,N
01/21/2024,19:00,EXN_1_3, 25.12,N
01/21/2024,19:00,EXN_4, 25.12,N
01/21/2024,19:00,EXN_8, 25.12,N
01/21/2024,19:00,EXN_9_13, 25.12,N
01/21/2024,19:00,EXN_PUN1, 25.12,N
01/21/2024,19:00,EXN_PUN2, 25.12,N
01/21/2024,19:00,EXN_PUN3, 25.12,N
01/21/2024,19:00,E_BLACK_RN, 25.38,N
01/21/2024,19:00,FALFUR_RN, 25.78,N
01/21/2024,19:00,FAL_FALCONG1, 27.58,N
01/21/2024,19:00,FAL_FALCONG2, 27.58,N
01/21/2024,19:00,FAL_FALCONG3, 27.58,N
01/21/2024,19:00,FAULKNER_RN, 32.93,N
01/21/2024,19:00,FEGC_RN, 25.22,N
01/21/2024,19:00,FENCESLR_ALL, 24.57,N
01/21/2024,19:00,FERGCC_CC1, 25.95,N
01/21/2024,19:00,FERGCC_GT1_1, 25.95,N
01/21/2024,19:00,FERGCC_GT2_3, 25.95,N
01/21/2024,19:00,FERGCC_ST1_5, 25.95,N
01/21/2024,19:00,FERMI_ALL, 29.24,N
01/21/2024,19:00,FILESSLR_PV1, 24.53,N
01/21/2024,19:00,FIVEWSLR_ALL, 25.03,N
01/21/2024,19:00,FLCNS_CC1, 28.32,N
01/21/2024,19:00,FLCNS_UNIT1, 28.32,N
01/21/2024,19:00,FLCNS_UNIT2, 28.32,N
01/21/2024,19:00,FLCNS_UNIT3, 28.32,N
01/21/2024,19:00,FLOWERII_RN, 32.78,N
01/21/2024,19:00,FLTBES1, 32.78,N
01/21/2024,19:00,FLTCK_SSI, 24.3,N
01/21/2024,19:00,FLUVANNA_1_2, 23.48,N
01/21/2024,19:00,FLVABES1_ESR, 32.78,N
01/21/2024,19:00,FOARDCTY_ALL, 23.05,N
01/21/2024,19:00,FORMOSA_CC1, 25.31,N
01/21/2024,19:00,FORMOSA_CC2, 25.31,N
01/21/2024,19:00,FORMOSA_PUN1, 25.31,N
01/21/2024,19:00,FORMOSA_PUN2, 25.31,N
01/21/2024,19:00,FOXTROT_ALL, 25.41,N
01/21/2024,19:00,FO_FORMOSA11, 25.31,N
01/21/2024,19:00,FO_FORMOSA12, 25.31,N
01/21/2024,19:00,FO_FORMOSG1, 25.31,N
01/21/2024,19:00,FO_FORMOSG10, 25.31,N
01/21/2024,19:00,FO_FORMOSG13, 25.31,N
01/21/2024,19:00,FO_FORMOSG14, 25.31,N
01/21/2024,19:00,FO_FORMOSG15, 25.31,N
01/21/2024,19:00,FO_FORMOSG2, 25.31,N
01/21/2024,19:00,FO_FORMOSG3, 25.31,N
01/21/2024,19:00,FO_FORMOSG4, 25.31,N
01/21/2024,19:00,FO_FORMOSG5, 25.31,N
01/21/2024,19:00,FO_FORMOSG6, 25.31,N
01/21/2024,19:00,FO_FORMOSG7, 25.31,N
01/21/2024,19:00,FO_FORMOSG8, 25.31,N
01/21/2024,19:00,FO_FORMOSG9, 25.31,N
01/21/2024,19:00,FPPYD_FPP_G1, 25.48,N
01/21/2024,19:00,FPPYD_FPP_G2, 25.48,N
01/21/2024,19:00,FPPYD_FPP_G3, 25.48,N
01/21/2024,19:00,FREC_1_CCU, 24.61,N
01/21/2024,19:00,FREC_2_CCU, 24.62,N
01/21/2024,19:00,FREC_CC1, 24.61,N
01/21/2024,19:00,FREC_CC2, 24.62,N
01/21/2024,19:00,FRMRSVLW_RN, 24.43,N
01/21/2024,19:00,FRNYPP_1_CCU, 24.46,N
01/21/2024,19:00,FRNYPP_2_CCU, 24.46,N
01/21/2024,19:00,FRNYPP_CC1, 24.46,N
01/21/2024,19:00,FRNYPP_CC2, 24.46,N
01/21/2024,19:00,FRONT_EC_CC1, 25.77,N
01/21/2024,19:00,FRONT_EC_RN1, 25.77,N
01/21/2024,19:00,FRONT_EC_RN2, 25.77,N
01/21/2024,19:00,FRONT_EC_RN3, 25.77,N
01/21/2024,19:00,FRYE_SLR_ALL, 6.86,N
01/21/2024,19:00,FTR_CC1, 24.97,N
01/21/2024,19:00,FTR_FTR_G1_4, 24.97,N
01/21/2024,19:00,FTWIND_UNIT1, 24.47,N
01/21/2024,19:00,FWLR_SLR_1, 32.52,N
01/21/2024,19:00,GALO_RN1, 24.48,N
01/21/2024,19:00,GAMBIT_RN, 25.51,N
01/21/2024,19:00,GARC_BESS_RN, 25.88,N
01/21/2024,19:00,GBY_GT, 25.12,N
01/21/2024,19:00,GID_GIDEONG1, 25.52,N
01/21/2024,19:00,GID_GIDEONG2, 25.52,N
01/21/2024,19:00,GID_GIDEONG3, 25.52,N
01/21/2024,19:00,GIGA_ESS_RN, 25.47,N
01/21/2024,19:00,GOA_GOATWIND, 24.58,N
01/21/2024,19:00,GOLINDA_UN1, 24.86,N
01/21/2024,19:00,GOMZ_RN, 32.47,N
01/21/2024,19:00,GOODNIT1_ALL, 7.11,N
01/21/2024,19:00,GPASTURE_ALL, 23.6,N
01/21/2024,19:00,GRANDVW1_A_B, 7.13,N
01/21/2024,19:00,GRDNE_ESR_RN, 26.26,N
01/21/2024,19:00,GREASWOD_ALL, 31.71,N
01/21/2024,19:00,GRIF_TRL_RN, 23.27,N
01/21/2024,19:00,GRSES_UNIT1, 23.98,N
01/21/2024,19:00,GRSES_UNIT2, 24,N
01/21/2024,19:00,GUADG_CC1, 25.73,N
01/21/2024,19:00,GUADG_CC2, 25.73,N
01/21/2024,19:00,GUADG_CCU1, 25.73,N
01/21/2024,19:00,GUADG_CCU2, 25.73,N
01/21/2024,19:00,GUNMTN_NODE, 20.56,N
01/21/2024,19:00,GWEC_G1, 25.11,N
01/21/2024,19:00,HALO_RN1, 25,N
01/21/2024,19:00,HAMI_BESS_RN, 32.14,N
01/21/2024,19:00,HAYSEN1_2, 24.73,N
01/21/2024,19:00,HAYSEN3_4, 25.57,N
01/21/2024,19:00,HB_BUSAVG, 24.96,N
01/21/2024,19:00,HB_HOUSTON, 25.12,N
01/21/2024,19:00,HB_HUBAVG, 25.31,N
01/21/2024,19:00,HB_NORTH, 24.49,N
01/21/2024,19:00,HB_PAN, 8.52,N
01/21/2024,19:00,HB_SOUTH, 25.18,N
01/21/2024,19:00,HB_WEST, 26.46,N
01/21/2024,19:00,HELIOS_RN, 31.17,N
01/21/2024,19:00,HHGT_KENDAL, 24.16,N
01/21/2024,19:00,HHOLLW2_WND1, 24.39,N
01/21/2024,19:00,HHOLLW3_WND1, 24.39,N
01/21/2024,19:00,HHOLLW4_WND1, 24.39,N
01/21/2024,19:00,HICK_G1_G2, 27.21,N
01/21/2024,19:00,HI_LONEB_RN1, 28.56,N
01/21/2024,19:00,HI_LONE_ALL, 28.56,N
01/21/2024,19:00,HLSES_UNIT3, 24.56,N
01/21/2024,19:00,HLSES_UNIT4, 24.56,N
01/21/2024,19:00,HLSES_UNIT5, 24.56,N
01/21/2024,19:00,HMNG_ESS_RN, 24.2,N
01/21/2024,19:00,HOLCOMB_RN1, 28.01,N
01/21/2024,19:00,HOLSTEIN_ALL, 24.41,N
01/21/2024,19:00,HOL_ALL, 25.2,N
01/21/2024,19:00,HOPKNSLR_ALL, 24.43,N
01/21/2024,19:00,HORSCR_RN, 32.55,N
01/21/2024,19:00,HORSECRK_RN, 23.44,N
01/21/2024,19:00,HOUSEMTN_RN, 36.25,N
01/21/2024,19:00,HOVEY_GEN, 32.43,N
01/21/2024,19:00,HRBESS_BESS, 32.96,N
01/21/2024,19:00,HRFDWIND_ALL, 6.58,N
01/21/2024,19:00,HRZN_SLR_UN1, 29.45,N
01/21/2024,19:00,HWF_HWFG1, 24.16,N
01/21/2024,19:00,HYDR_ESS_RN, 31.41,N
01/21/2024,19:00,H_HOLLO_WND1, 24.39,N
01/21/2024,19:00,IMP_RN1, 24.41,N
01/21/2024,19:00,INDNENR_1_RN, 32.72,N
01/21/2024,19:00,INDNENR_2_RN, 32.62,N
01/21/2024,19:00,INDNNWP_RN, 32.67,N
01/21/2024,19:00,IND_INADALE1, 24.4,N
01/21/2024,19:00,INGLCOSW_CC1, 25.62,N
01/21/2024,19:00,INGLCOSW_STG, 25.62,N
01/21/2024,19:00,INGLCOS_CTG1, 25.62,N
01/21/2024,19:00,INGLCOS_CTG2, 25.62,N
01/21/2024,19:00,INGLCO_PUN1, 25.62,N
01/21/2024,19:00,INGLCO_PUN2, 25.62,N
01/21/2024,19:00,INGLCO_PUN3, 25.62,N
01/21/2024,19:00,INKS_INKS_G1, 26.08,N
01/21/2024,19:00,INRT_W_ALL, 23.54,N
01/21/2024,19:00,JACKCNTY_CC1, 24.59,N
01/21/2024,19:00,JACKCNTY_CT1, 24.59,N
01/21/2024,19:00,JACKCNTY_CT2, 24.59,N
01/21/2024,19:00,JACKCNTY_STG, 24.59,N
01/21/2024,19:00,JADE_SLR_ALL, 23.55,N
01/21/2024,19:00,JAY_RN_1, 25.16,N
01/21/2024,19:00,JCKCNTY2_CC1, 23.93,N
01/21/2024,19:00,JCKCNTY2_CT3, 23.93,N
01/21/2024,19:00,JCKCNTY2_CT4, 23.93,N
01/21/2024,19:00,JCKCNTY2_ST2, 23.93,N
01/21/2024,19:00,JC_BAT_RN, 25.77,N
01/21/2024,19:00,JDKNS_RN, 33.4,N
01/21/2024,19:00,JUNCTION_RN, 29.39,N
01/21/2024,19:00,JUNO_ALL, 25.57,N
01/21/2024,19:00,KARAKAW1_1, 25.52,N
01/21/2024,19:00,KARAKAW2_1, 25.52,N
01/21/2024,19:00,KEECHI_U1, 24.59,N
01/21/2024,19:00,KELAMSL_U1, 24.56,N
01/21/2024,19:00,KEO_KEO_SM1, 32.55,N
01/21/2024,19:00,KINGE_ALL, 32.52,N
01/21/2024,19:00,KINGW_ALL, 32.51,N
01/21/2024,19:00,KMCHI_CC1, 24.39,N
01/21/2024,19:00,KMCHI_CC2, 24.39,N
01/21/2024,19:00,LACY_CRK_ALL, 24.23,N
01/21/2024,19:00,LAMESASLR_G, 2.54,N
01/21/2024,19:00,LAPETUS_U1, 37.42,N
01/21/2024,19:00,LARDVFTN_G4, 25.79,N
01/21/2024,19:00,LARDVFTN_G5, 25.79,N
01/21/2024,19:00,LASSO_GEN, 36.25,N
01/21/2024,19:00,LBRA_BES1, 25.7,N
01/21/2024,19:00,LEG_LEG_G1, 24.79,N
01/21/2024,19:00,LEG_LEG_G2, 24.79,N
01/21/2024,19:00,LEONLCPCT1_2, 39.3,N
01/21/2024,19:00,LEONLCPCT3_4, 39.3,N
01/21/2024,19:00,LFSTH_RN, 24.57,N
01/21/2024,19:00,LGDRAW_S_ALL, 25.57,N
01/21/2024,19:00,LGD_LANGFORD, 26.12,N
01/21/2024,19:00,LGE_CC1, 25.62,N
01/21/2024,19:00,LGE_LGE_GT1, 25.62,N
01/21/2024,19:00,LGE_LGE_GT2, 25.62,N
01/21/2024,19:00,LGE_LGE_STG, 25.62,N
01/21/2024,19:00,LGE_PUN1, 25.62,N
01/21/2024,19:00,LGE_PUN2, 25.62,N
01/21/2024,19:00,LGW_UNIT_ALL, 24.61,N
01/21/2024,19:00,LHM_CVC_G4, 25.12,N
01/21/2024,19:00,LHM_PUN1, 25.12,N
01/21/2024,19:00,LHM_PUN2, 25.12,N
01/21/2024,19:00,LHORN_N_U1_2, 7.05,N
01/21/2024,19:00,LHSES_UNIT1, 24.46,N
01/21/2024,19:00,LHSES_UNIT2, 24.46,N
01/21/2024,19:00,LIG_RN, 25.12,N
01/21/2024,19:00,LILY_RN, 24.48,N
01/21/2024,19:00,LMAJADAS_ALL, 25.7,N
01/21/2024,19:00,LMO_ESR_RN, 24.96,N
01/21/2024,19:00,LNCRK_ALL, 24.21,N
01/21/2024,19:00,LONESTAR_RN, 33.17,N
01/21/2024,19:00,LONEWOLF_ALL, 24.68,N
01/21/2024,19:00,LON_RN1, 25.31,N
01/21/2024,19:00,LOSTPI_CC1, 25.47,N
01/21/2024,19:00,LOS_LOSTPGT1, 25.47,N
01/21/2024,19:00,LOS_LOSTPGT2, 25.47,N
01/21/2024,19:00,LOS_LOSTPST1, 25.47,N
01/21/2024,19:00,LPCCS_CC1, 24.4,N
01/21/2024,19:00,LPCCS_CC2, 24.4,N
01/21/2024,19:00,LPCCS_CT11, 24.4,N
01/21/2024,19:00,LPCCS_CT12, 24.4,N
01/21/2024,19:00,LPCCS_CT21, 24.4,N
01/21/2024,19:00,LPCCS_CT22, 24.4,N
01/21/2024,19:00,LPCCS_UNIT1, 24.4,N
01/21/2024,19:00,LPCCS_UNIT2, 24.4,N
01/21/2024,19:00,LV1A_LV1B, 25.7,N
01/21/2024,19:00,LV3_RN, 25.74,N
01/21/2024,19:00,LV3_UNIT1, 25.75,N
01/21/2024,19:00,LV4_UNIT_1, 25.75,N
01/21/2024,19:00,LV5_UNIT1, 25.83,N
01/21/2024,19:00,LZ_AEN, 25.54,N
01/21/2024,19:00,LZ_CPS, 32.63,N
01/21/2024,19:00,LZ_HOUSTON, 25.17,N
01/21/2024,19:00,LZ_LCRA, 25.91,N
01/21/2024,19:00,LZ_NORTH, 24.54,N
01/21/2024,19:00,LZ_RAYBN, 24.46,N
01/21/2024,19:00,LZ_SOUTH, 26.27,N
01/21/2024,19:00,LZ_WEST, 30.84,N
01/21/2024,19:00,L_FRE_ESR_RN, 25.68,N
01/21/2024,19:00,MADERO_RN, 25.75,N
01/21/2024,19:00,MAINLAND_RN, 25.16,N
01/21/2024,19:00,MARBFA, 25.95,N
01/21/2024,19:00,MARIAH_ALL, 6.58,N
01/21/2024,19:00,MAR_MARSFOG1, 25.57,N
01/21/2024,19:00,MAR_MARSFOG2, 25.57,N
01/21/2024,19:00,MAR_MARSFOG3, 25.57,N
01/21/2024,19:00,MASSENGL_CC1, 14.47,N
01/21/2024,19:00,MASSENGL_G6, 20.26,N
01/21/2024,19:00,MASSENGL_G7, 20.26,N
01/21/2024,19:00,MASSENGL_G8, 8.98,N
01/21/2024,19:00,MAVCRK_W_ALL, 24.48,N
01/21/2024,19:00,MCDLD_FCSBW1, 23.33,N
01/21/2024,19:00,MCLNSLR_RN, 30,N
01/21/2024,19:00,MCSES_UNIT6, 24.47,N
01/21/2024,19:00,MCSES_UNIT7, 24.47,N
01/21/2024,19:00,MCSES_UNIT8, 24.47,N
01/21/2024,19:00,MDANP_CT1_2, 24.47,N
01/21/2024,19:00,MDANP_CT3_4, 24.45,N
01/21/2024,19:00,MDANP_CT5_6, 24.47,N
01/21/2024,19:00,MERCURY_ALL, 24.59,N
01/21/2024,19:00,MESQCRK_ALL, 25.57,N
01/21/2024,19:00,MESTENO_RN, 25.75,N
01/21/2024,19:00,MGSES_CT123, 23.02,N
01/21/2024,19:00,MGSES_CT456, 23.02,N
01/21/2024,19:00,MIAM1_G1_G2, 7.43,N
01/21/2024,19:00,MIDWY_RN, 33.61,N
01/21/2024,19:00,MIL_MILG1_2, 24.5,N
01/21/2024,19:00,MIL_MILG345, 24.5,N
01/21/2024,19:00,MIRAGE_G1, 25.14,N
01/21/2024,19:00,MIRASOLE_GEN, 25.73,N
01/21/2024,19:00,MISAE_GEN_RN, 8.2,N
01/21/2024,19:00,MLSES_UNIT1, 24.53,N
01/21/2024,19:00,MLSES_UNIT2, 24.53,N
01/21/2024,19:00,MLSES_UNIT3, 24.53,N
01/21/2024,19:00,MNWL_BESS_RN, 24.52,N
01/21/2024,19:00,MOZART_WIND1, 23.53,N
01/21/2024,19:00,MUSTNGCK_ALL, 26.63,N
01/21/2024,19:00,MV_VALV4_RN, 25.74,N
01/21/2024,19:00,MWEC_G1, 23.42,N
01/21/2024,19:00,MYRY_ESR_RN, 25.76,N
01/21/2024,19:00,MYR_ALL, 25.35,N
01/21/2024,19:00,NACPW_UNIT1, 24.56,N
01/21/2024,19:00,NBOHR_RN, 24.17,N
01/21/2024,19:00,NCARBIDEG8, 25.59,N
01/21/2024,19:00,NCARBIDE_1_7, 25.59,N
01/21/2024,19:00,NCARBID_PUN1, 25.59,N
01/21/2024,19:00,NCARBID_PUN2, 25.59,N
01/21/2024,19:00,NCO_RN, 25.55,N
01/21/2024,19:00,NEBULA_RN, 25.72,N
01/21/2024,19:00,NEDIN_CC1, 21.7,N
01/21/2024,19:00,NED_NEDIN_G1, 25.74,N
01/21/2024,19:00,NED_NEDIN_G2, 21.74,N
01/21/2024,19:00,NED_NEDIN_G3, 17.75,N
01/21/2024,19:00,NF_BRP_RN, 25.5,N
01/21/2024,19:00,NOBLESLR_ALL, 24.2,N
01/21/2024,19:00,NOVA1SLR_ALL, 22.97,N
01/21/2024,19:00,NOVA2S_UNIT1, 22.97,N
01/21/2024,19:00,NUECES_B_CC1, 25.64,N
01/21/2024,19:00,NUE_NUECESG7, 25.64,N
01/21/2024,19:00,NUE_NUECESG8, 25.64,N
01/21/2024,19:00,NUE_NUECESG9, 25.64,N
01/21/2024,19:00,NWF_NWF1, 34.4,N
01/21/2024,19:00,N_AL_BESS_RN, 25.74,N
01/21/2024,19:00,N_MRD_ESR_RN, 25.73,N
01/21/2024,19:00,OBERON_U1, 33.58,N
01/21/2024,19:00,ODESW_RN, 33.6,N
01/21/2024,19:00,OECCS_1, 33.15,N
01/21/2024,19:00,OECCS_2, 33.15,N
01/21/2024,19:00,OECCS_CC1, 33.15,N
01/21/2024,19:00,OECCS_CC2, 33.15,N
01/21/2024,19:00,OGSES_1, 24.87,N
01/21/2024,19:00,OGSES_2, 24.87,N
01/21/2024,19:00,OLIN_OLING_1, 24.45,N
01/21/2024,19:00,OLIN_OLING_2, 24.45,N
01/21/2024,19:00,OLIN_OLING_3, 24.45,N
01/21/2024,19:00,OLIN_OLING_4, 24.45,N
01/21/2024,19:00,OLNEYTN_RN, 23.97,N
01/21/2024,19:00,OR_BESS_RN, 25.68,N
01/21/2024,19:00,OWF_OWF, 16.26,N
01/21/2024,19:00,OXY_OXY_CCG1, 25.64,N
01/21/2024,19:00,OXY_PUN1, 25.64,N
01/21/2024,19:00,OXY_PUN2, 25.64,N
01/21/2024,19:00,PALE_ESS_EN, 19.23,N
01/21/2024,19:00,PALMWI_UNIT1, 25.47,N
01/21/2024,19:00,PANDA_S_CC1, 24.4,N
01/21/2024,19:00,PANDA_S_CT1, 24.4,N
01/21/2024,19:00,PANDA_S_CT2, 24.4,N
01/21/2024,19:00,PANDA_S_ST1, 24.4,N
01/21/2024,19:00,PANDA_T1_CC1, 25.01,N
01/21/2024,19:00,PANDA_T1_CT1, 25.01,N
01/21/2024,19:00,PANDA_T1_CT2, 25.01,N
01/21/2024,19:00,PANDA_T1_ST1, 25.01,N
01/21/2024,19:00,PANDA_T2_CC1, 25.01,N
01/21/2024,19:00,PANDA_T2_CT1, 25.01,N
01/21/2024,19:00,PANDA_T2_CT2, 25.01,N
01/21/2024,19:00,PANDA_T2_ST1, 25.01,N
01/21/2024,19:00,PAP1_PAP1, 25.62,N
01/21/2024,19:00,PAULN_RN, 24.55,N
01/21/2024,19:00,PAVLOV_BT_RN, 32,N
01/21/2024,19:00,PAVO_ESS_ALL, 32.55,N
01/21/2024,19:00,PB2SES_CT1, 33.32,N
01/21/2024,19:00,PB2SES_CT2, 33.32,N
01/21/2024,19:00,PB2SES_CT3, 33.32,N
01/21/2024,19:00,PB2SES_CT4, 33.32,N
01/21/2024,19:00,PB2SES_CT5, 33.32,N
01/21/2024,19:00,PC_NORTH_1, 24.72,N
01/21/2024,19:00,PC_SOUTH_ALL, 24.72,N
01/21/2024,19:00,PEARSA_1_24, 29.45,N
01/21/2024,19:00,PENA_ALL, 25.66,N
01/21/2024,19:00,PES1_RN, 25.22,N
01/21/2024,19:00,PEY_RN, 25.16,N
01/21/2024,19:00,PH1_UNIT1_2, 7.28,N
01/21/2024,19:00,PH2_U1_U2, 7.28,N
01/21/2024,19:00,PHILLWND_ALL, 24.76,N
01/21/2024,19:00,PHOEBE_ALL, 33.57,N
01/21/2024,19:00,PHOENIX_RN, 24.4,N
01/21/2024,19:00,PHO_ALL, 25.2,N
01/21/2024,19:00,PIONR_DJ_RN, 32.69,N
01/21/2024,19:00,PISG_RN_ALL, 24.61,N
01/21/2024,19:00,PITSDD_UNIT1, 24.6,N
01/21/2024,19:00,PLN_ALL, 25.2,N
01/21/2024,19:00,PNPI_GT2_RN, 25.29,N
01/21/2024,19:00,PORTSL_UNIT1, 24.19,N
01/21/2024,19:00,POTSVIL_RN, 24.62,N
01/21/2024,19:00,PRID_RN, 24.73,N
01/21/2024,19:00,PROSPERO_ALL, 34.35,N
01/21/2024,19:00,PRO_RN, 25.22,N
01/21/2024,19:00,PRSPERO2_ALL, 34.35,N
01/21/2024,19:00,PR_PR_ALL, 25.13,N
01/21/2024,19:00,PR_PR_G2, 25.13,N
01/21/2024,19:00,PSA_CC1, 25.12,N
01/21/2024,19:00,PSA_PSA_G1, 25.12,N
01/21/2024,19:00,PSA_PSA_G2, 25.12,N
01/21/2024,19:00,PSA_PSA_G3, 25.12,N
01/21/2024,19:00,PSA_PSA_G4, 25.12,N
01/21/2024,19:00,PSA_PSA_G5, 25.12,N
01/21/2024,19:00,PSA_PSA_G6, 25.12,N
01/21/2024,19:00,PSA_PSA_G7, 25.12,N
01/21/2024,19:00,PSA_PUN1, 25.12,N
01/21/2024,19:00,PSA_PUN2, 25.12,N
01/21/2024,19:00,PSA_PUN3, 25.12,N
01/21/2024,19:00,PSA_PUN4, 25.12,N
01/21/2024,19:00,PSA_PUN5, 25.12,N
01/21/2024,19:00,PSG_CC1, 25.13,N
01/21/2024,19:00,PSG_PSG_GT2, 25.13,N
01/21/2024,19:00,PSG_PSG_GT3, 25.13,N
01/21/2024,19:00,PSG_PSG_ST1, 25.13,N
01/21/2024,19:00,PTLBES_BESS1, 25.63,N
01/21/2024,19:00,PYR_PYRON1, 24.4,N
01/21/2024,19:00,QALSW_ALL, 33.17,N
01/21/2024,19:00,QALSW_CC1, 33.17,N
01/21/2024,19:00,QALSW_CC2, 33.17,N
01/21/2024,19:00,QUEEN_BA_RN, 32.35,N
01/21/2024,19:00,QUEEN_SL_RN, 32.35,N
01/21/2024,19:00,RAB_G1-8, 25.16,N
01/21/2024,19:00,RADN_SLR_ALL, 24.54,N
01/21/2024,19:00,RAMBLER_UNIT, 24.44,N
01/21/2024,19:00,RANCHERO_ALL, 27.66,N
01/21/2024,19:00,RAT_RN_1, 24.24,N
01/21/2024,19:00,RAYBURN_CC1, 25.84,N
01/21/2024,19:00,RAYB_G78910, 25.84,N
01/21/2024,19:00,RBN_BESS1, 25.4,N
01/21/2024,19:00,RDCAN_RDCNY1, 23.24,N
01/21/2024,19:00,REDBARN_RN, 31.57,N
01/21/2024,19:00,REDFISH_ALL, 25.71,N
01/21/2024,19:00,REDGATE_ALL, 25.75,N
01/21/2024,19:00,REDGATE_RN, 25.75,N
01/21/2024,19:00,RELOJ_ALL, 25.8,N
01/21/2024,19:00,REROCK_ALL, 32.43,N
01/21/2024,19:00,RHESS2_ESS1, 25.36,N
01/21/2024,19:00,RIGGIN_UNIT1, 32.62,N
01/21/2024,19:00,RIOG_ESR_RN, 25.86,N
01/21/2024,19:00,RIONOG_CC1, 25.76,N
01/21/2024,19:00,RIONOG_CT1, 25.76,N
01/21/2024,19:00,RIONOG_CT2, 25.76,N
01/21/2024,19:00,RIONOG_CT3, 25.76,N
01/21/2024,19:00,RIONOG_ST1, 25.76,N
01/21/2024,19:00,RIPPEY_ALL, 24.43,N
01/21/2024,19:00,RN_APOGEE, 23.81,N
01/21/2024,19:00,RN_BYU_G8, 25.14,N
01/21/2024,19:00,RN_DEC_AGR_A, 24.36,N
01/21/2024,19:00,RN_DEC_AGR_B, 24.36,N
01/21/2024,19:00,RN_DEC_AGR_C, 24.36,N
01/21/2024,19:00,RN_DEC_AGR_D, 24.36,N
01/21/2024,19:00,RN_ECEC_HOLT, 35,N
01/21/2024,19:00,RN_OCI_ALAMO, 37.41,N
01/21/2024,19:00,RN_RTS1, 24.51,N
01/21/2024,19:00,RN_SR_WIND1, 25.68,N
01/21/2024,19:00,RN_TOSBATT, 17.23,N
01/21/2024,19:00,ROSELAND_ALL, 24.78,N
01/21/2024,19:00,ROUTE66_RN, 7.13,N
01/21/2024,19:00,ROW_ALL, 25.17,N
01/21/2024,19:00,RPUBRDS_RN, 24.96,N
01/21/2024,19:00,RRANCHES_ALL, 33.03,N
01/21/2024,19:00,RRC_WIND_ALL, 24.21,N
01/21/2024,19:00,RSK_RN, 24.17,N
01/21/2024,19:00,RTLSNAKE_BT, 33.08,N
01/21/2024,19:00,RUSSEKST_RN, 39.59,N
01/21/2024,19:00,RVRVLYS_ALL, 25.35,N
01/21/2024,19:00,SADLBACK_RN, 32.89,N
01/21/2024,19:00,SALVTION_GEN, 23.44,N
01/21/2024,19:00,SAMSON_ALL, 24.43,N
01/21/2024,19:00,SANDHSYD1_2, 25.54,N
01/21/2024,19:00,SANDHSYD3_4, 25.54,N
01/21/2024,19:00,SANDHSYD6_7, 25.54,N
01/21/2024,19:00,SANDHSYD_5AC, 25.54,N
01/21/2024,19:00,SANDHSYD_CC1, 25.54,N
01/21/2024,19:00,SANTACRU_ALL, 25.63,N
01/21/2024,19:00,SAN_SANMIGG1, 25.85,N
01/21/2024,19:00,SBEAN_BESS, 33.03,N
01/21/2024,19:00,SBE_RN_1, 26.01,N
01/21/2024,19:00,SC2SES_UNIT1, 24.56,N
01/21/2024,19:00,SCES_UNIT1, 24.78,N
01/21/2024,19:00,SCLP_PUN1, 25.54,N
01/21/2024,19:00,SCLP_PUN2, 25.54,N
01/21/2024,19:00,SCLP_PUN3, 25.54,N
01/21/2024,19:00,SCLP_PUN4, 25.54,N
01/21/2024,19:00,SCLP_SCLPC_1, 25.54,N
01/21/2024,19:00,SCLP_SCLPC_2, 25.54,N
01/21/2024,19:00,SCLP_SCLPC_3, 25.54,N
01/21/2024,19:00,SCLP_SCLPC_4, 25.54,N
01/21/2024,19:00,SCSES_UNIT2, 24.56,N
01/21/2024,19:00,SDSES_PUN1, 25.23,N
01/21/2024,19:00,SDSES_PUN3, 25.23,N
01/21/2024,19:00,SENATEWD_1, 23.96,N
01/21/2024,19:00,SGM_SIGNALMT, 21.95,N
01/21/2024,19:00,SGSA_DGR, 32.43,N
01/21/2024,19:00,SG_BES_BESS1, 32.62,N
01/21/2024,19:00,SHAFFER_ALL, 25.62,N
01/21/2024,19:00,SHAMROCK_RN, 27.42,N
01/21/2024,19:00,SHANNONW_RN, 23.78,N
01/21/2024,19:00,SHEEPCRK_1, 24.21,N
01/21/2024,19:00,SILASRAY_CC1, 26,N
01/21/2024,19:00,SIL_SILAS_10, 26,N
01/21/2024,19:00,SIL_SILAS_6, 26,N
01/21/2024,19:00,SIL_SILAS_9, 26,N
01/21/2024,19:00,SIRIUS_UNIT1, 32.63,N
01/21/2024,19:00,SJS_SJS_G1, 25.14,N
01/21/2024,19:00,SJS_SJS_G2, 25.14,N
01/21/2024,19:00,SKY1, 25.71,N
01/21/2024,19:00,SLCN_ESS_ALL, 25.41,N
01/21/2024,19:00,SLTFRK_UN1_2, 7.43,N
01/21/2024,19:00,SL_PUN1, 25.13,N
01/21/2024,19:00,SL_PUN2, 25.13,N
01/21/2024,19:00,SNY_BESS_RN, 22.93,N
01/21/2024,19:00,SOLARA_UNIT1, 23.76,N
01/21/2024,19:00,SPARTA_ALL, 25.41,N
01/21/2024,19:00,SPLAIN1_RN, 7,N
01/21/2024,19:00,SPLAIN2_RN, 7,N
01/21/2024,19:00,SPNC_SPNCE_4, 24.38,N
01/21/2024,19:00,SPNC_SPNCE_5, 24.38,N
01/21/2024,19:00,SPTX12B_RN, 32.51,N
01/21/2024,19:00,SROSA_ESR_RN, 25.72,N
01/21/2024,19:00,SRWE1_UNIT1, 25.57,N
01/21/2024,19:00,SSPURT_WIND1, 6.86,N
01/21/2024,19:00,STAM_SLR_ALL, 24.43,N
01/21/2024,19:00,STEAM_ENG123, 24.45,N
01/21/2024,19:00,STEA_STEAM_1, 24.45,N
01/21/2024,19:00,STEA_STEAM_2, 24.45,N
01/21/2024,19:00,STEA_STEAM_3, 24.45,N
01/21/2024,19:00,STELLA_RN, 25.66,N
01/21/2024,19:00,STP_STP_G1, 25.17,N
01/21/2024,19:00,STP_STP_G2, 25.17,N
01/21/2024,19:00,STRATEGC_RN, 24.54,N
01/21/2024,19:00,STWF_T1, 23.53,N
01/21/2024,19:00,SUNVASLR_ALL, 24.61,N
01/21/2024,19:00,SWEC_G1, 33.84,N
01/21/2024,19:00,SWEETWN2_2_4, 24.5,N
01/21/2024,19:00,SWEETWN3_3, 24.5,N
01/21/2024,19:00,SWEETWND_1, 24.5,N
01/21/2024,19:00,SWOOSE1_U1, 33.17,N
01/21/2024,19:00,SWOOSEII_RN, 33.17,N
01/21/2024,19:00,SWTWN4_WND45, 24.5,N
01/21/2024,19:00,SWT_BESS_RN, 23.31,N
01/21/2024,19:00,S_HILLS_RN, 23.87,N
01/21/2024,19:00,TAHOKA_ALL, 27.88,N
01/21/2024,19:00,TAV_RN, 25.69,N
01/21/2024,19:00,TAYGETE2_ALL, 32.69,N
01/21/2024,19:00,TAYGETE_ALL, 32.69,N
01/21/2024,19:00,TBWF_ES_BES1, 32.51,N
01/21/2024,19:00,TC_PUN1, 25.15,N
01/21/2024,19:00,TC_PUN2, 25.15,N
01/21/2024,19:00,TC_TCHP1, 25.15,N
01/21/2024,19:00,TEN_CC1, 24.42,N
01/21/2024,19:00,TEN_CT1_STG, 24.42,N
01/21/2024,19:00,TGCCS_ALL, 24.54,N
01/21/2024,19:00,TGCCS_CC1, 24.54,N
01/21/2024,19:00,TGF_TGFGT, 26.44,N
01/21/2024,19:00,TGS_GT01, 26.44,N
01/21/2024,19:00,TGW_T1_T2, 25.66,N
01/21/2024,19:00,THW_1_CCU, 25.11,N
01/21/2024,19:00,THW_2_CCU, 25.11,N
01/21/2024,19:00,THW_CC1, 25.11,N
01/21/2024,19:00,THW_CC2, 25.11,N
01/21/2024,19:00,THW_THWGT5X, 25.1,N
01/21/2024,19:00,THW_THWGT_1, 25.11,N
01/21/2024,19:00,TI_SOLAR_ALL, 33,N
01/21/2024,19:00,TKWSW_CHAMP, 24.4,N
01/21/2024,19:00,TKWSW_ROSCOE, 24.4,N
01/21/2024,19:00,TNP_TNP_O_1, 24.92,N
01/21/2024,19:00,TNP_TNP_O_2, 24.92,N
01/21/2024,19:00,TNSKA_CC1, 24.4,N
01/21/2024,19:00,TNSKA_CCU, 24.4,N
01/21/2024,19:00,TOPAZ_ALL, 25.16,N
01/21/2024,19:00,TORR_ALL, 25.84,N
01/21/2024,19:00,TORT_ESS_RN, 25.17,N
01/21/2024,19:00,TOYAH_RN, 32.43,N
01/21/2024,19:00,TREB_SOLAR1, 25.36,N
01/21/2024,19:00,TRENT_TRENT, 23.53,N
01/21/2024,19:00,TRINITY_ALL, 23.86,N
01/21/2024,19:00,TRIPBUT1_RN, 36.31,N
01/21/2024,19:00,TRSES_UNIT6, 24.57,N
01/21/2024,19:00,TRUENO_ALL, 25.7,N
01/21/2024,19:00,TRUSGILL_RN, 23.37,N
01/21/2024,19:00,TTRSW_RN, 24.43,N
01/21/2024,19:00,TTWEC_G1, 24.02,N
01/21/2024,19:00,TURQ_BESS1, 24.44,N
01/21/2024,19:00,TV_RN, 25.32,N
01/21/2024,19:00,TXCTY_CC1, 25.16,N
01/21/2024,19:00,TXCTY_CTA, 25.16,N
01/21/2024,19:00,TXCTY_CTB, 25.16,N
01/21/2024,19:00,TXCTY_CTC, 25.16,N
01/21/2024,19:00,TXCTY_ST, 25.16,N
01/21/2024,19:00,TYLRWIND_RN, 24.43,N
01/21/2024,19:00,T_CK_GT2_RN, 34.59,N
01/21/2024,19:00,T_CK_GT3_RN, 34.59,N
01/21/2024,19:00,UCC_COG_PUN2, 25.16,N
01/21/2024,19:00,UCC_UCC_C_2, 25.16,N
01/21/2024,19:00,VANCOURT_RN, 25.72,N
01/21/2024,19:00,VENADO_ALL, 27.64,N
01/21/2024,19:00,VERAWIND_ALL, 23.37,N
01/21/2024,19:00,VERTIGO_UN1, 23.6,N
01/21/2024,19:00,VICTORIA_CC1, 25.74,N
01/21/2024,19:00,VICTPORT_RN, 25.68,N
01/21/2024,19:00,VIC_VICTORG5, 25.74,N
01/21/2024,19:00,VIC_VICTORG6, 25.74,N
01/21/2024,19:00,VISION_RN, 24.57,N
01/21/2024,19:00,VLSES_UNIT3, 24.39,N
01/21/2024,19:00,VORT_ALL_RN, 23.7,N
01/21/2024,19:00,WAKEWE_ALL, 22.24,N
01/21/2024,19:00,WAP_WAPGT_1, 25.29,N
01/21/2024,19:00,WAP_WAP_G1, 25.29,N
01/21/2024,19:00,WAP_WAP_G2, 25.29,N
01/21/2024,19:00,WAP_WAP_G3, 25.32,N
01/21/2024,19:00,WAP_WAP_G4, 25.32,N
01/21/2024,19:00,WAP_WAP_G5, 25.29,N
01/21/2024,19:00,WAP_WAP_G6, 25.15,N
01/21/2024,19:00,WAP_WAP_G7, 25.15,N
01/21/2024,19:00,WAP_WAP_G8, 25.16,N
01/21/2024,19:00,WAYMARK_RN, 31.57,N
01/21/2024,19:00,WCPP_CC1, 23.93,N
01/21/2024,19:00,WCPP_CT1, 23.93,N
01/21/2024,19:00,WCPP_CT2, 23.93,N
01/21/2024,19:00,WCPP_ST1, 23.93,N
01/21/2024,19:00,WEBBER_WS_T1, 25.48,N
01/21/2024,19:00,WEC_WECG1, 23.6,N
01/21/2024,19:00,WES_ALL, 25.53,N
01/21/2024,19:00,WFCOGEN_13, 23.7,N
01/21/2024,19:00,WFCOGEN_24, 23.7,N
01/21/2024,19:00,WFCOGEN_CC1, 23.7,N
01/21/2024,19:00,WFTANK_ESS1, 25.83,N
01/21/2024,19:00,WGU_RN, 25.48,N
01/21/2024,19:00,WHCCS2_4, 24.3,N
01/21/2024,19:00,WHCCS2_5_6, 24.3,N
01/21/2024,19:00,WHCCS2_CC2, 24.3,N
01/21/2024,19:00,WHCCS_CC1, 24.3,N
01/21/2024,19:00,WHCCS_CT1_ST, 24.3,N
01/21/2024,19:00,WHCCS_CT2, 24.3,N
01/21/2024,19:00,WHITE_PT_UN1, 25.62,N
01/21/2024,19:00,WHMESA_U1, 27.21,N
01/21/2024,19:00,WHTTAIL_WR1, 24.43,N
01/21/2024,19:00,WH_WIND_ALL, 24.21,N
01/21/2024,19:00,WILDWIND_ALL, 24.23,N
01/21/2024,19:00,WIPOPA_1_2, 25.52,N
01/21/2024,19:00,WIPOPA_3_4, 25.52,N
01/21/2024,19:00,WIR_WIRTZ_G1, 25.89,N
01/21/2024,19:00,WIR_WIRTZ_G2, 25.89,N
01/21/2024,19:00,WLTC_ESR_RN, 25.64,N
01/21/2024,19:00,WL_RANCH_RN, 25.55,N
01/21/2024,19:00,WNDTS2_UNIT1, 24.02,N
01/21/2024,19:00,WND_WHITNEY, 24.68,N
01/21/2024,19:00,WOODWRD1_RN, 32.55,N
01/21/2024,19:00,WOODWRD2_RN, 32.55,N
01/21/2024,19:00,WOV_BESS_RN, 33.86,N
01/21/2024,19:00,WRSBES_BESS1, 33.03,N
01/21/2024,19:00,W_HRL_ESR_RN, 25.72,N
01/21/2024,19:00,W_PECO_UNIT1, 33.04,N
01/21/2024,19:00,X443ESRN, 42.78,N
01/21/2024,19:00,YNG_WND_ALL, 23.77,N
01/21/2024,19:00,ZIER_SLR_ALL, 31.72,N
01/21/2024,20:00,7RNCHSLR_ALL, 24.28,N
01/21/2024,20:00,AEEC, 17.13,N
01/21/2024,20:00,AGUAYO_UNIT1, 23.26,N
01/21/2024,20:00,AJAXWIND_RN, 22.01,N
01/21/2024,20:00,ALGOD_ALL_RN, 24.22,N
01/21/2024,20:00,ALVIN_RN, 23.78,N
01/21/2024,20:00,AMADEUS_ALL, 22.07,N
01/21/2024,20:00,AMISTAD_ALL, 32.44,N
01/21/2024,20:00,AMOCOOIL_CC1, 23.76,N
01/21/2024,20:00,AMOCOOIL_CC2, 23.76,N
01/21/2024,20:00,AMOCO_PUN1, 23.76,N
01/21/2024,20:00,AMOCO_PUN2, 23.76,N
01/21/2024,20:00,AMO_AMOCO_1, 23.76,N
01/21/2024,20:00,AMO_AMOCO_2, 23.76,N
01/21/2024,20:00,AMO_AMOCO_5, 23.76,N
01/21/2024,20:00,AMO_AMOCO_G1, 23.76,N
01/21/2024,20:00,AMO_AMOCO_G2, 23.76,N
01/21/2024,20:00,AMO_AMOCO_G3, 23.76,N
01/21/2024,20:00,AMO_AMOCO_S1, 23.76,N
01/21/2024,20:00,AMO_AMOCO_S2, 23.76,N
01/21/2024,20:00,ANACACHO_ANA, 30.46,N
01/21/2024,20:00,ANCHOR_ALL, 22.66,N
01/21/2024,20:00,ANDMDSLR_ALL, 22.04,N
01/21/2024,20:00,ANEM_ESS_RN, 24.37,N
01/21/2024,20:00,ANG_ALL, 22.96,N
01/21/2024,20:00,ANSON1_ALL, 22.47,N
01/21/2024,20:00,APPALOSA_ALL, 30.77,N
01/21/2024,20:00,AQUI_ALL, 23.08,N
01/21/2024,20:00,ARAGORN_RN, 31.08,N
01/21/2024,20:00,ASTRA_RN, 4.58,N
01/21/2024,20:00,ATK_ATKINSG7, 23.49,N
01/21/2024,20:00,AURO_SLR_RN, 23.51,N
01/21/2024,20:00,AUSTPL_ALL, 25.2,N
01/21/2024,20:00,AVIAT_ALL, 22.91,N
01/21/2024,20:00,AZURE_RN, 22.11,N
01/21/2024,20:00,AZ_ALL, 23.72,N
01/21/2024,20:00,BAC_RN_ALL, 23.76,N
01/21/2024,20:00,BAFFIN_ALL, 24.32,N
01/21/2024,20:00,BAIRDWND_ALL, 22.5,N
01/21/2024,20:00,BARROW_ALL, 34.14,N
01/21/2024,20:00,BASTEN_CC1, 24.2,N
01/21/2024,20:00,BASTEN_CCU, 24.2,N
01/21/2024,20:00,BATCAVE_RN, 27.82,N
01/21/2024,20:00,BAYC_BESS_RN, 26.2,N
01/21/2024,20:00,BBREEZE_1_2, 24.37,N
01/21/2024,20:00,BCATWD_WD_1, 22.32,N
01/21/2024,20:00,BCH_RN, 23.92,N
01/21/2024,20:00,BCK_RN, 23.81,N
01/21/2024,20:00,BELM_SLR_RN, 23.51,N
01/21/2024,20:00,BIGSTAR_ALL, 24.21,N
01/21/2024,20:00,BLACKJAK_RN, 24.28,N
01/21/2024,20:00,BLSMT1_5_A_6, 21.56,N
01/21/2024,20:00,BLUEJAY_RN, 23.48,N
01/21/2024,20:00,BOARDCRK_ALL, 23.09,N
01/21/2024,20:00,BOOTLEG_UN1, 29.27,N
01/21/2024,20:00,BORDAS_345, 24.44,N
01/21/2024,20:00,BOSQUESW_CC1, 23.24,N
01/21/2024,20:00,BOSQUESW_CC2, 23.26,N
01/21/2024,20:00,BOSQ_BSQSU_5, 23.26,N
01/21/2024,20:00,BOSQ_BSQS_12, 23.26,N
01/21/2024,20:00,BOSQ_BSQS_34, 23.24,N
01/21/2024,20:00,BRANDON_RN, 21.64,N
01/21/2024,20:00,BRAUNIG_CC1, 21.38,N
01/21/2024,20:00,BRAUNIG_VHB1, 32.46,N
01/21/2024,20:00,BRAUNIG_VHB2, 32.46,N
01/21/2024,20:00,BRAUNIG_VHB3, 34.52,N
01/21/2024,20:00,BRAZ_WND_ALL, 21.59,N
01/21/2024,20:00,BRA_AVR1_CT2, 21.38,N
01/21/2024,20:00,BRA_AVR_CST1, 21.38,N
01/21/2024,20:00,BRHEIGHT_RN, 23.76,N
01/21/2024,20:00,BRIGHTSD_RN, 24.98,N
01/21/2024,20:00,BRIGHTSD_U1, 25.04,N
01/21/2024,20:00,BRISCOE_WIND, 5.03,N
01/21/2024,20:00,BRPANGLE_RN, 24.03,N
01/21/2024,20:00,BRPMAGNO_RN, 23.77,N
01/21/2024,20:00,BRP_BRAZ_RN, 24.04,N
01/21/2024,20:00,BRP_DIKN_RN, 23.76,N
01/21/2024,20:00,BRP_LOOP_RN, 24.36,N
01/21/2024,20:00,BRP_LOP1_RN, 27.13,N
01/21/2024,20:00,BRP_PBL1_RN, 55.49,N
01/21/2024,20:00,BRP_PBL2_RN, 55.48,N
01/21/2024,20:00,BRP_RN_UNIT1, 28.66,N
01/21/2024,20:00,BRP_SEMI_RN, 23.77,N
01/21/2024,20:00,BRP_SWNY_RN, 24.04,N
01/21/2024,20:00,BRP_ZPT1_RN, 27.27,N
01/21/2024,20:00,BRP_ZPT2_RN, 27.27,N
01/21/2024,20:00,BRTSW_BCW1, 22.69,N
01/21/2024,20:00,BR_ARROW_ALL, 22.85,N
01/21/2024,20:00,BR_VHB6CT5_6, 32.46,N
01/21/2024,20:00,BR_VHB6CT7_8, 32.46,N
01/21/2024,20:00,BSS_U1, 24.05,N
01/21/2024,20:00,BTE_BTE_G1, 23.71,N
01/21/2024,20:00,BTE_BTE_G2, 23.71,N
01/21/2024,20:00,BTE_BTE_G3, 23.71,N
01/21/2024,20:00,BTE_BTE_G4, 23.71,N
01/21/2024,20:00,BTE_CC1, 23.71,N
01/21/2024,20:00,BTE_PUN1, 23.71,N
01/21/2024,20:00,BTE_PUN2, 23.71,N
01/21/2024,20:00,BTM_ALL, 23.89,N
01/21/2024,20:00,BUCHAN_ALL, 23.53,N
01/21/2024,20:00,BUCKTHRN_RN, 23.03,N
01/21/2024,20:00,BUFF_GAP_ALL, 22.82,N
01/21/2024,20:00,BULLCRK_1_2, 19.96,N
01/21/2024,20:00,BVE_CC1, 23.77,N
01/21/2024,20:00,BVE_UNIT1, 23.77,N
01/21/2024,20:00,BVE_UNIT2, 23.77,N
01/21/2024,20:00,BVE_UNIT3, 23.77,N
01/21/2024,20:00,BYRDR_ES_ALL, 24.04,N
01/21/2024,20:00,BYU_BYU_1, 23.74,N
01/21/2024,20:00,BYU_BYU_12, 23.74,N
01/21/2024,20:00,BYU_BYU_34, 23.74,N
01/21/2024,20:00,BYU_BYU_G8, 23.74,N
01/21/2024,20:00,BYU_CC1, 23.74,N
01/21/2024,20:00,BYU_G4_RN, 23.74,N
01/21/2024,20:00,BYU_PUN1, 23.74,N
01/21/2024,20:00,BYU_PUN2, 23.74,N
01/21/2024,20:00,BYU_PUN3, 23.74,N
01/21/2024,20:00,BYU_PUN4, 23.74,N
01/21/2024,20:00,B_DAVIS_3, 24.29,N
01/21/2024,20:00,B_DAVIS_4, 24.29,N
01/21/2024,20:00,B_DAVIS_CC1, 24.29,N
01/21/2024,20:00,B_D_B_DAVIG1, 24.29,N
01/21/2024,20:00,B_D_B_DAVIG2, 24.29,N
01/21/2024,20:00,CABEZON_ALL, 24.4,N
01/21/2024,20:00,CALAVER_JKS1, 22.78,N
01/21/2024,20:00,CALAVER_JKS2, 22.78,N
01/21/2024,20:00,CALAVER_JTD1, 32.19,N
01/21/2024,20:00,CALAVER_JTD2, 32.19,N
01/21/2024,20:00,CALAVER_OWS1, 32.96,N
01/21/2024,20:00,CALAVER_OWS2, 32.96,N
01/21/2024,20:00,CALHOUN_ALL, 24.09,N
01/21/2024,20:00,CALLAHA_WND1, 22.42,N
01/21/2024,20:00,CAL_CALGT1, 23.72,N
01/21/2024,20:00,CAL_CALSTG1, 23.72,N
01/21/2024,20:00,CAL_CC1, 23.72,N
01/21/2024,20:00,CAL_PUN1, 23.72,N
01/21/2024,20:00,CAL_PUN2, 23.72,N
01/21/2024,20:00,CAMWIND_RN, 24.3,N
01/21/2024,20:00,CANYONWD_ALL, 22.58,N
01/21/2024,20:00,CAPRIDG4_CR4, 22.91,N
01/21/2024,20:00,CAPRIDGE_ALL, 22.91,N
01/21/2024,20:00,CARBN_BSP_1, 19.06,N
01/21/2024,20:00,CASL_GAP_UN1, 29.99,N
01/21/2024,20:00,CATARINA_B1, 33.89,N
01/21/2024,20:00,CBECII_89, 23.84,N
01/21/2024,20:00,CBECII_CC3, 23.84,N
01/21/2024,20:00,CBECII_CT7, 23.84,N
01/21/2024,20:00,CBEC_ALL, 24.67,N
01/21/2024,20:00,CBEC_CC1, 24.67,N
01/21/2024,20:00,CBEC_CC2, 24.67,N
01/21/2024,20:00,CBY4_ALL, 23.71,N
01/21/2024,20:00,CBY4_CC1, 23.71,N
01/21/2024,20:00,CBY_CBY_G1, 23.71,N
01/21/2024,20:00,CBY_CBY_G2, 23.71,N
01/21/2024,20:00,CCEC_CC1, 24.29,N
01/21/2024,20:00,CCEC_GT1, 24.29,N
01/21/2024,20:00,CCEC_GT2, 24.29,N
01/21/2024,20:00,CCEC_PUN1, 24.29,N
01/21/2024,20:00,CCEC_PUN2, 24.29,N
01/21/2024,20:00,CCEC_ST1, 24.29,N
01/21/2024,20:00,CEDROHI_CHW1, 24.5,N
01/21/2024,20:00,CEDRVALE_RN, 30.97,N
01/21/2024,20:00,CFLATS_UNIT, 20.34,N
01/21/2024,20:00,CHALUP_ALL, 24.38,N
01/21/2024,20:00,CHAL_SLR_RN, 31.12,N
01/21/2024,20:00,CHAMON_UN1, 23.7,N
01/21/2024,20:00,CHAMON_UN2, 23.7,N
01/21/2024,20:00,CHEDPW_GT2, 23.69,N
01/21/2024,20:00,CHE_CC1, 23.69,N
01/21/2024,20:00,CHE_LYD, 23.7,N
01/21/2024,20:00,CHE_LYD2, 23.7,N
01/21/2024,20:00,CHE_PUN1, 23.7,N
01/21/2024,20:00,CHE_PUN2, 23.7,N
01/21/2024,20:00,CHISMGRD_RN, 22.73,N
01/21/2024,20:00,CISC_RN, 22.69,N
01/21/2024,20:00,CITYVICT_ALL, 24.34,N
01/21/2024,20:00,CN_BRKS_UNT1, 4.73,N
01/21/2024,20:00,COL_COLETOG1, 24.43,N
01/21/2024,20:00,CONIGLIO_RN, 22.82,N
01/21/2024,20:00,CONTINEN_RN, 24.53,N
01/21/2024,20:00,CORALSLR_ALL, 23.32,N
01/21/2024,20:00,CORAZON_RN, 24.46,N
01/21/2024,20:00,COTPLNS_RN, 4.97,N
01/21/2024,20:00,COTTON_PAP2, 24.28,N
01/21/2024,20:00,COYOTSPR_RN, 30.97,N
01/21/2024,20:00,CPSES_UNIT1, 22.83,N
01/21/2024,20:00,CPSES_UNIT2, 22.83,N
01/21/2024,20:00,CRANELL_ALL, 24.28,N
01/21/2024,20:00,CROSSETT_ALL, 30.01,N
01/21/2024,20:00,CRWN_SLR_UN1, 23.4,N
01/21/2024,20:00,CSC_CSECG1_2, 21.64,N
01/21/2024,20:00,CVC_CC1, 23.69,N
01/21/2024,20:00,CVC_CVCG1_5, 23.69,N
01/21/2024,20:00,CVC_CVC_G2, 23.69,N
01/21/2024,20:00,CVC_CVC_G3, 23.69,N
01/21/2024,20:00,DAG_ALL, 24.19,N
01/21/2024,20:00,DANSBY_ALL, 23.49,N
01/21/2024,20:00,DAN_ALL, 23.86,N
01/21/2024,20:00,DA_BESS, 24.01,N
01/21/2024,20:00,DC2SES_ALL, 22.89,N
01/21/2024,20:00,DC_E, 22.84,N
01/21/2024,20:00,DC_L, 24.35,N
01/21/2024,20:00,DC_N, 21.84,N
01/21/2024,20:00,DC_R, 24.4,N
01/21/2024,20:00,DDPEC_CC1, 23.73,N
01/21/2024,20:00,DDPEC_GT1, 23.73,N
01/21/2024,20:00,DDPEC_GT2, 23.73,N
01/21/2024,20:00,DDPEC_GT3, 23.73,N
01/21/2024,20:00,DDPEC_GT4, 23.73,N
01/21/2024,20:00,DDPEC_GT6, 23.73,N
01/21/2024,20:00,DDPEC_ST1, 23.73,N
01/21/2024,20:00,DECKER_DPG2, 24.21,N
01/21/2024,20:00,DECKER_GT, 24.21,N
01/21/2024,20:00,DENISON_G1_2, 22.8,N
01/21/2024,20:00,DERMOTT_ALL, 22,N
01/21/2024,20:00,DIBOL_RN, 23.03,N
01/21/2024,20:00,DIB_CC1, 23.72,N
01/21/2024,20:00,DIB_DIB_G1, 23.72,N
01/21/2024,20:00,DIB_DIB_G2, 23.72,N
01/21/2024,20:00,DIB_DIB_G3, 23.72,N
01/21/2024,20:00,DIB_DIB_G4, 23.72,N
01/21/2024,20:00,DIB_PUN1, 23.72,N
01/21/2024,20:00,DIB_PUN2, 23.72,N
01/21/2024,20:00,DILEOS_UNIT1, 23.28,N
01/21/2024,20:00,DKNS_ESS_RN, 20.73,N
01/21/2024,20:00,DOWGEN_PUN1, 23.87,N
01/21/2024,20:00,DOWGEN_PUN2, 23.87,N
01/21/2024,20:00,DOWGEN_PUN3, 23.87,N
01/21/2024,20:00,DOW_61_2_63, 23.87,N
01/21/2024,20:00,DOW_64, 23.87,N
01/21/2024,20:00,DOW_81_2_84, 23.87,N
01/21/2024,20:00,DOW_G37_G35, 23.87,N
01/21/2024,20:00,DOW_G66_ST65, 23.87,N
01/21/2024,20:00,DOW_G67, 23.87,N
01/21/2024,20:00,DOW_G96_ST95, 23.87,N
01/21/2024,20:00,DUKE_CC1, 24.4,N
01/21/2024,20:00,DUKE_GST1CCU, 24.4,N
01/21/2024,20:00,DUKE_GT2_CCU, 24.4,N
01/21/2024,20:00,DUP_PUN1, 24.31,N
01/21/2024,20:00,DUP_PUN2, 24.31,N
01/21/2024,20:00,DUP_PUN3, 24.31,N
01/21/2024,20:00,DUP_PUN4, 24.31,N
01/21/2024,20:00,EBELLS_UNIT1, 23.51,N
01/21/2024,20:00,EBNY_ESS_RN, 27.2,N
01/21/2024,20:00,ECLIPSE_UN1, 31.01,N
01/21/2024,20:00,EIFSLR_UNIT1, 22.83,N
01/21/2024,20:00,ELB_ELBCREEK, 22.67,N
01/21/2024,20:00,ELECTRAW_1_2, 21.83,N
01/21/2024,20:00,ELSAUZ_ALL, 24.37,N
01/21/2024,20:00,ELSA_ESR_RN, 24.39,N
01/21/2024,20:00,ELS_RN_1, 22.92,N
01/21/2024,20:00,EL_RAYO_ALL, 24.36,N
01/21/2024,20:00,ENDPARK_ESS1, 21.85,N
01/21/2024,20:00,ERSL_RN, 28.09,N
01/21/2024,20:00,ESTONIAN_ALL, 22.83,N
01/21/2024,20:00,ETCCS_CC1, 22.96,N
01/21/2024,20:00,ETCCS_CCU, 22.96,N
01/21/2024,20:00,EUNICE_ALL, 32.47,N
01/21/2024,20:00,EXGNSND_RN, 27.27,N
01/21/2024,20:00,EXGNWTL_1, 24.5,N
01/21/2024,20:00,EXN_14, 23.71,N
01/21/2024,20:00,EXN_1_3, 23.71,N
01/21/2024,20:00,EXN_4, 23.71,N
01/21/2024,20:00,EXN_8, 23.71,N
01/21/2024,20:00,EXN_9_13, 23.71,N
01/21/2024,20:00,EXN_PUN1, 23.71,N
01/21/2024,20:00,EXN_PUN2, 23.71,N
01/21/2024,20:00,EXN_PUN3, 23.71,N
01/21/2024,20:00,E_BLACK_RN, 24.02,N
01/21/2024,20:00,FALFUR_RN, 24.43,N
01/21/2024,20:00,FAL_FALCONG1, 27.06,N
01/21/2024,20:00,FAL_FALCONG2, 27.06,N
01/21/2024,20:00,FAL_FALCONG3, 27.06,N
01/21/2024,20:00,FAULKNER_RN, 30.97,N
01/21/2024,20:00,FEGC_RN, 23.8,N
01/21/2024,20:00,FENCESLR_ALL, 23.04,N
01/21/2024,20:00,FERGCC_CC1, 24.42,N
01/21/2024,20:00,FERGCC_GT1_1, 24.42,N
01/21/2024,20:00,FERGCC_GT2_3, 24.42,N
01/21/2024,20:00,FERGCC_ST1_5, 24.42,N
01/21/2024,20:00,FERMI_ALL, 20.99,N
01/21/2024,20:00,FILESSLR_PV1, 23.01,N
01/21/2024,20:00,FIVEWSLR_ALL, 23.6,N
01/21/2024,20:00,FLCNS_CC1, 26.69,N
01/21/2024,20:00,FLCNS_UNIT1, 26.69,N
01/21/2024,20:00,FLCNS_UNIT2, 26.69,N
01/21/2024,20:00,FLCNS_UNIT3, 26.69,N
01/21/2024,20:00,FLOWERII_RN, 30.72,N
01/21/2024,20:00,FLTBES1, 30.72,N
01/21/2024,20:00,FLTCK_SSI, 22.84,N
01/21/2024,20:00,FLUVANNA_1_2, 21.85,N
01/21/2024,20:00,FLVABES1_ESR, 30.72,N
01/21/2024,20:00,FOARDCTY_ALL, 21.54,N
01/21/2024,20:00,FORMOSA_CC1, 24.06,N
01/21/2024,20:00,FORMOSA_CC2, 24.06,N
01/21/2024,20:00,FORMOSA_PUN1, 24.06,N
01/21/2024,20:00,FORMOSA_PUN2, 24.06,N
01/21/2024,20:00,FOXTROT_ALL, 24.09,N
01/21/2024,20:00,FO_FORMOSA11, 24.06,N
01/21/2024,20:00,FO_FORMOSA12, 24.06,N
01/21/2024,20:00,FO_FORMOSG1, 24.06,N
01/21/2024,20:00,FO_FORMOSG10, 24.06,N
01/21/2024,20:00,FO_FORMOSG13, 24.06,N
01/21/2024,20:00,FO_FORMOSG14, 24.06,N
01/21/2024,20:00,FO_FORMOSG15, 24.06,N
01/21/2024,20:00,FO_FORMOSG2, 24.06,N
01/21/2024,20:00,FO_FORMOSG3, 24.06,N
01/21/2024,20:00,FO_FORMOSG4, 24.06,N
01/21/2024,20:00,FO_FORMOSG5, 24.06,N
01/21/2024,20:00,FO_FORMOSG6, 24.06,N
01/21/2024,20:00,FO_FORMOSG7, 24.06,N
01/21/2024,20:00,FO_FORMOSG8, 24.06,N
01/21/2024,20:00,FO_FORMOSG9, 24.06,N
01/21/2024,20:00,FPPYD_FPP_G1, 24.16,N
01/21/2024,20:00,FPPYD_FPP_G2, 24.16,N
01/21/2024,20:00,FPPYD_FPP_G3, 24.16,N
01/21/2024,20:00,FREC_1_CCU, 23.1,N
01/21/2024,20:00,FREC_2_CCU, 23.11,N
01/21/2024,20:00,FREC_CC1, 23.1,N
01/21/2024,20:00,FREC_CC2, 23.11,N
01/21/2024,20:00,FRMRSVLW_RN, 22.85,N
01/21/2024,20:00,FRNYPP_1_CCU, 22.9,N
01/21/2024,20:00,FRNYPP_2_CCU, 22.9,N
01/21/2024,20:00,FRNYPP_CC1, 22.9,N
01/21/2024,20:00,FRNYPP_CC2, 22.9,N
01/21/2024,20:00,FRONT_EC_CC1, 24.42,N
01/21/2024,20:00,FRONT_EC_RN1, 24.42,N
01/21/2024,20:00,FRONT_EC_RN2, 24.42,N
01/21/2024,20:00,FRONT_EC_RN3, 24.42,N
01/21/2024,20:00,FRYE_SLR_ALL, 4.85,N
01/21/2024,20:00,FTR_CC1, 23.53,N
01/21/2024,20:00,FTR_FTR_G1_4, 23.53,N
01/21/2024,20:00,FTWIND_UNIT1, 22.77,N
01/21/2024,20:00,FWLR_SLR_1, 30.02,N
01/21/2024,20:00,GALO_RN1, 22.94,N
01/21/2024,20:00,GAMBIT_RN, 24.03,N
01/21/2024,20:00,GARC_BESS_RN, 24.55,N
01/21/2024,20:00,GBY_GT, 23.71,N
01/21/2024,20:00,GID_GIDEONG1, 24.21,N
01/21/2024,20:00,GID_GIDEONG2, 24.21,N
01/21/2024,20:00,GID_GIDEONG3, 24.21,N
01/21/2024,20:00,GIGA_ESS_RN, 24.13,N
01/21/2024,20:00,GOA_GOATWIND, 22.95,N
01/21/2024,20:00,GOLINDA_UN1, 23.4,N
01/21/2024,20:00,GOMZ_RN, 30.19,N
01/21/2024,20:00,GOODNIT1_ALL, 5.09,N
01/21/2024,20:00,GPASTURE_ALL, 22.09,N
01/21/2024,20:00,GRANDVW1_A_B, 5.12,N
01/21/2024,20:00,GRDNE_ESR_RN, 21.72,N
01/21/2024,20:00,GREASWOD_ALL, 29.4,N
01/21/2024,20:00,GRIF_TRL_RN, 21.75,N
01/21/2024,20:00,GRSES_UNIT1, 22.49,N
01/21/2024,20:00,GRSES_UNIT2, 22.55,N
01/21/2024,20:00,GUADG_CC1, 24.44,N
01/21/2024,20:00,GUADG_CC2, 24.44,N
01/21/2024,20:00,GUADG_CCU1, 24.44,N
01/21/2024,20:00,GUADG_CCU2, 24.44,N
01/21/2024,20:00,GUNMTN_NODE, 17.86,N
01/21/2024,20:00,GWEC_G1, 23.26,N
01/21/2024,20:00,HALO_RN1, 23.57,N
01/21/2024,20:00,HAMI_BESS_RN, 32.44,N
01/21/2024,20:00,HAYSEN1_2, 21.64,N
01/21/2024,20:00,HAYSEN3_4, 24.15,N
01/21/2024,20:00,HB_BUSAVG, 23.47,N
01/21/2024,20:00,HB_HOUSTON, 23.71,N
01/21/2024,20:00,HB_HUBAVG, 23.84,N
01/21/2024,20:00,HB_NORTH, 22.96,N
01/21/2024,20:00,HB_PAN, 6.55,N
01/21/2024,20:00,HB_SOUTH, 23.79,N
01/21/2024,20:00,HB_WEST, 24.89,N
01/21/2024,20:00,HELIOS_RN, 29.36,N
01/21/2024,20:00,HHGT_KENDAL, 22.21,N
01/21/2024,20:00,HHOLLW2_WND1, 22.82,N
01/21/2024,20:00,HHOLLW3_WND1, 22.82,N
01/21/2024,20:00,HHOLLW4_WND1, 22.82,N
01/21/2024,20:00,HICK_G1_G2, 25.67,N
01/21/2024,20:00,HI_LONEB_RN1, 27.09,N
01/21/2024,20:00,HI_LONE_ALL, 27.09,N
01/21/2024,20:00,HLSES_UNIT3, 22.85,N
01/21/2024,20:00,HLSES_UNIT4, 22.85,N
01/21/2024,20:00,HLSES_UNIT5, 22.85,N
01/21/2024,20:00,HMNG_ESS_RN, 22.63,N
01/21/2024,20:00,HOLCOMB_RN1, 27.14,N
01/21/2024,20:00,HOLSTEIN_ALL, 22.83,N
01/21/2024,20:00,HOL_ALL, 23.85,N
01/21/2024,20:00,HOPKNSLR_ALL, 22.85,N
01/21/2024,20:00,HORSCR_RN, 30,N
01/21/2024,20:00,HORSECRK_RN, 21.92,N
01/21/2024,20:00,HOUSEMTN_RN, 33.19,N
01/21/2024,20:00,HOVEY_GEN, 30.29,N
01/21/2024,20:00,HRBESS_BESS, 30.29,N
01/21/2024,20:00,HRFDWIND_ALL, 4.58,N
01/21/2024,20:00,HRZN_SLR_UN1, 28.28,N
01/21/2024,20:00,HWF_HWFG1, 22.64,N
01/21/2024,20:00,HYDR_ESS_RN, 29.18,N
01/21/2024,20:00,H_HOLLO_WND1, 22.82,N
01/21/2024,20:00,IMP_RN1, 22.83,N
01/21/2024,20:00,INDNENR_1_RN, 29.9,N
01/21/2024,20:00,INDNENR_2_RN, 29.92,N
01/21/2024,20:00,INDNNWP_RN, 29.93,N
01/21/2024,20:00,IND_INADALE1, 22.74,N
01/21/2024,20:00,INGLCOSW_CC1, 24.28,N
01/21/2024,20:00,INGLCOSW_STG, 24.28,N
01/21/2024,20:00,INGLCOS_CTG1, 24.28,N
01/21/2024,20:00,INGLCOS_CTG2, 24.28,N
01/21/2024,20:00,INGLCO_PUN1, 24.28,N
01/21/2024,20:00,INGLCO_PUN2, 24.28,N
01/21/2024,20:00,INGLCO_PUN3, 24.28,N
01/21/2024,20:00,INKS_INKS_G1, 32.75,N
01/21/2024,20:00,INRT_W_ALL, 22.01,N
01/21/2024,20:00,JACKCNTY_CC1, 22.73,N
01/21/2024,20:00,JACKCNTY_CT1, 22.73,N
01/21/2024,20:00,JACKCNTY_CT2, 22.73,N
01/21/2024,20:00,JACKCNTY_STG, 22.73,N
01/21/2024,20:00,JADE_SLR_ALL, 21.94,N
01/21/2024,20:00,JAY_RN_1, 23.79,N
01/21/2024,20:00,JCKCNTY2_CC1, 22.58,N
01/21/2024,20:00,JCKCNTY2_CT3, 22.58,N
01/21/2024,20:00,JCKCNTY2_CT4, 22.58,N
01/21/2024,20:00,JCKCNTY2_ST2, 22.58,N
01/21/2024,20:00,JC_BAT_RN, 24.37,N
01/21/2024,20:00,JDKNS_RN, 31.63,N
01/21/2024,20:00,JUNCTION_RN, 27.54,N
01/21/2024,20:00,JUNO_ALL, 23.58,N
01/21/2024,20:00,KARAKAW1_1, 24.19,N
01/21/2024,20:00,KARAKAW2_1, 24.19,N
01/21/2024,20:00,KEECHI_U1, 22.73,N
01/21/2024,20:00,KELAMSL_U1, 23.02,N
01/21/2024,20:00,KEO_KEO_SM1, 30.01,N
01/21/2024,20:00,KINGE_ALL, 29.95,N
01/21/2024,20:00,KINGW_ALL, 29.98,N
01/21/2024,20:00,KMCHI_CC1, 22.81,N
01/21/2024,20:00,KMCHI_CC2, 22.81,N
01/21/2024,20:00,LACY_CRK_ALL, 22,N
01/21/2024,20:00,LAMESASLR_G, -0.8,N
01/21/2024,20:00,LAPETUS_U1, 35.9,N
01/21/2024,20:00,LARDVFTN_G4, 24.35,N
01/21/2024,20:00,LARDVFTN_G5, 24.35,N
01/21/2024,20:00,LASSO_GEN, 33.19,N
01/21/2024,20:00,LBRA_BES1, 24.39,N
01/21/2024,20:00,LEG_LEG_G1, 23.32,N
01/21/2024,20:00,LEG_LEG_G2, 23.32,N
01/21/2024,20:00,LEONLCPCT1_2, 37.35,N
01/21/2024,20:00,LEONLCPCT3_4, 37.35,N
01/21/2024,20:00,LFSTH_RN, 23.03,N
01/21/2024,20:00,LGDRAW_S_ALL, 23.58,N
01/21/2024,20:00,LGD_LANGFORD, 23.31,N
01/21/2024,20:00,LGE_CC1, 24.28,N
01/21/2024,20:00,LGE_LGE_GT1, 24.28,N
01/21/2024,20:00,LGE_LGE_GT2, 24.28,N
01/21/2024,20:00,LGE_LGE_STG, 24.28,N
01/21/2024,20:00,LGE_PUN1, 24.28,N
01/21/2024,20:00,LGE_PUN2, 24.28,N
01/21/2024,20:00,LGW_UNIT_ALL, 22.68,N
01/21/2024,20:00,LHM_CVC_G4, 23.7,N
01/21/2024,20:00,LHM_PUN1, 23.7,N
01/21/2024,20:00,LHM_PUN2, 23.7,N
01/21/2024,20:00,LHORN_N_U1_2, 5.03,N
01/21/2024,20:00,LHSES_UNIT1, 22.89,N
01/21/2024,20:00,LHSES_UNIT2, 22.89,N
01/21/2024,20:00,LIG_RN, 23.7,N
01/21/2024,20:00,LILY_RN, 22.92,N
01/21/2024,20:00,LMAJADAS_ALL, 24.35,N
01/21/2024,20:00,LMO_ESR_RN, 23.51,N
01/21/2024,20:00,LNCRK_ALL, 22.67,N
01/21/2024,20:00,LONESTAR_RN, 31.27,N
01/21/2024,20:00,LONEWOLF_ALL, 23.05,N
01/21/2024,20:00,LON_RN1, 23.89,N
01/21/2024,20:00,LOSTPI_CC1, 24.15,N
01/21/2024,20:00,LOS_LOSTPGT1, 24.15,N
01/21/2024,20:00,LOS_LOSTPGT2, 24.15,N
01/21/2024,20:00,LOS_LOSTPST1, 24.15,N
01/21/2024,20:00,LPCCS_CC1, 22.82,N
01/21/2024,20:00,LPCCS_CC2, 22.82,N
01/21/2024,20:00,LPCCS_CT11, 22.82,N
01/21/2024,20:00,LPCCS_CT12, 22.82,N
01/21/2024,20:00,LPCCS_CT21, 22.82,N
01/21/2024,20:00,LPCCS_CT22, 22.82,N
01/21/2024,20:00,LPCCS_UNIT1, 22.82,N
01/21/2024,20:00,LPCCS_UNIT2, 22.82,N
01/21/2024,20:00,LV1A_LV1B, 24.36,N
01/21/2024,20:00,LV3_RN, 24.38,N
01/21/2024,20:00,LV3_UNIT1, 24.39,N
01/21/2024,20:00,LV4_UNIT_1, 24.39,N
01/21/2024,20:00,LV5_UNIT1, 24.49,N
01/21/2024,20:00,LZ_AEN, 24.23,N
01/21/2024,20:00,LZ_CPS, 31.01,N
01/21/2024,20:00,LZ_HOUSTON, 23.76,N
01/21/2024,20:00,LZ_LCRA, 24.76,N
01/21/2024,20:00,LZ_NORTH, 22.94,N
01/21/2024,20:00,LZ_RAYBN, 22.88,N
01/21/2024,20:00,LZ_SOUTH, 24.96,N
01/21/2024,20:00,LZ_WEST, 28.7,N
01/21/2024,20:00,L_FRE_ESR_RN, 24.3,N
01/21/2024,20:00,MADERO_RN, 24.4,N
01/21/2024,20:00,MAINLAND_RN, 23.77,N
01/21/2024,20:00,MARBFA, 24.42,N
01/21/2024,20:00,MARIAH_ALL, 4.58,N
01/21/2024,20:00,MAR_MARSFOG1, 24.24,N
01/21/2024,20:00,MAR_MARSFOG2, 24.24,N
01/21/2024,20:00,MAR_MARSFOG3, 24.24,N
01/21/2024,20:00,MASSENGL_CC1, 13.32,N
01/21/2024,20:00,MASSENGL_G6, 18.75,N
01/21/2024,20:00,MASSENGL_G7, 18.75,N
01/21/2024,20:00,MASSENGL_G8, 8.16,N
01/21/2024,20:00,MAVCRK_W_ALL, 22.94,N
01/21/2024,20:00,MCDLD_FCSBW1, 17.58,N
01/21/2024,20:00,MCLNSLR_RN, 28.87,N
01/21/2024,20:00,MCSES_UNIT6, 22.9,N
01/21/2024,20:00,MCSES_UNIT7, 22.9,N
01/21/2024,20:00,MCSES_UNIT8, 22.9,N
01/21/2024,20:00,MDANP_CT1_2, 22.93,N
01/21/2024,20:00,MDANP_CT3_4, 22.92,N
01/21/2024,20:00,MDANP_CT5_6, 22.93,N
01/21/2024,20:00,MERCURY_ALL, 23.08,N
01/21/2024,20:00,MESQCRK_ALL, 23.58,N
01/21/2024,20:00,MESTENO_RN, 24.39,N
01/21/2024,20:00,MGSES_CT123, 21.72,N
01/21/2024,20:00,MGSES_CT456, 21.72,N
01/21/2024,20:00,MIAM1_G1_G2, 5.4,N
01/21/2024,20:00,MIDWY_RN, 31.83,N
01/21/2024,20:00,MIL_MILG1_2, 22.9,N
01/21/2024,20:00,MIL_MILG345, 22.9,N
01/21/2024,20:00,MIRAGE_G1, 23.74,N
01/21/2024,20:00,MIRASOLE_GEN, 24.37,N
01/21/2024,20:00,MISAE_GEN_RN, 6.15,N
01/21/2024,20:00,MLSES_UNIT1, 22.99,N
01/21/2024,20:00,MLSES_UNIT2, 22.99,N
01/21/2024,20:00,MLSES_UNIT3, 22.99,N
01/21/2024,20:00,MNWL_BESS_RN, 22.81,N
01/21/2024,20:00,MOZART_WIND1, 21.27,N
01/21/2024,20:00,MUSTNGCK_ALL, 24.73,N
01/21/2024,20:00,MV_VALV4_RN, 24.39,N
01/21/2024,20:00,MWEC_G1, 21.82,N
01/21/2024,20:00,MYRY_ESR_RN, 24.41,N
01/21/2024,20:00,MYR_ALL, 23.92,N
01/21/2024,20:00,NACPW_UNIT1, 23.02,N
01/21/2024,20:00,NBOHR_RN, 21.88,N
01/21/2024,20:00,NCARBIDEG8, 24.23,N
01/21/2024,20:00,NCARBIDE_1_7, 24.23,N
01/21/2024,20:00,NCARBID_PUN1, 24.23,N
01/21/2024,20:00,NCARBID_PUN2, 24.23,N
01/21/2024,20:00,NCO_RN, 24.05,N
01/21/2024,20:00,NEBULA_RN, 24.73,N
01/21/2024,20:00,NEDIN_CC1, 18.21,N
01/21/2024,20:00,NED_NEDIN_G1, 24.39,N
01/21/2024,20:00,NED_NEDIN_G2, 20.39,N
01/21/2024,20:00,NED_NEDIN_G3, 10.17,N
01/21/2024,20:00,NF_BRP_RN, 24.06,N
01/21/2024,20:00,NOBLESLR_ALL, 22.63,N
01/21/2024,20:00,NOVA1SLR_ALL, 21.4,N
01/21/2024,20:00,NOVA2S_UNIT1, 21.4,N
01/21/2024,20:00,NUECES_B_CC1, 24.29,N
01/21/2024,20:00,NUE_NUECESG7, 24.29,N
01/21/2024,20:00,NUE_NUECESG8, 24.29,N
01/21/2024,20:00,NUE_NUECESG9, 24.29,N
01/21/2024,20:00,NWF_NWF1, 32.71,N
01/21/2024,20:00,N_AL_BESS_RN, 24.39,N
01/21/2024,20:00,N_MRD_ESR_RN, 24.39,N
01/21/2024,20:00,OBERON_U1, 31.82,N
01/21/2024,20:00,ODESW_RN, 31.88,N
01/21/2024,20:00,OECCS_1, 31.41,N
01/21/2024,20:00,OECCS_2, 31.41,N
01/21/2024,20:00,OECCS_CC1, 31.41,N
01/21/2024,20:00,OECCS_CC2, 31.41,N
01/21/2024,20:00,OGSES_1, 23.41,N
01/21/2024,20:00,OGSES_2, 23.41,N
01/21/2024,20:00,OLIN_OLING_1, 22.87,N
01/21/2024,20:00,OLIN_OLING_2, 22.87,N
01/21/2024,20:00,OLIN_OLING_3, 22.87,N
01/21/2024,20:00,OLIN_OLING_4, 22.87,N
01/21/2024,20:00,OLNEYTN_RN, 22.44,N
01/21/2024,20:00,OR_BESS_RN, 24.12,N
01/21/2024,20:00,OWF_OWF, 10.41,N
01/21/2024,20:00,OXY_OXY_CCG1, 24.3,N
01/21/2024,20:00,OXY_PUN1, 24.3,N
01/21/2024,20:00,OXY_PUN2, 24.3,N
01/21/2024,20:00,PALE_ESS_EN, 17.83,N
01/21/2024,20:00,PALMWI_UNIT1, 24.32,N
01/21/2024,20:00,PANDA_S_CC1, 22.8,N
01/21/2024,20:00,PANDA_S_CT1, 22.8,N
01/21/2024,20:00,PANDA_S_CT2, 22.8,N
01/21/2024,20:00,PANDA_S_ST1, 22.8,N
01/21/2024,20:00,PANDA_T1_CC1, 23.58,N
01/21/2024,20:00,PANDA_T1_CT1, 23.58,N
01/21/2024,20:00,PANDA_T1_CT2, 23.58,N
01/21/2024,20:00,PANDA_T1_ST1, 23.58,N
01/21/2024,20:00,PANDA_T2_CC1, 23.58,N
01/21/2024,20:00,PANDA_T2_CT1, 23.58,N
01/21/2024,20:00,PANDA_T2_CT2, 23.58,N
01/21/2024,20:00,PANDA_T2_ST1, 23.58,N
01/21/2024,20:00,PAP1_PAP1, 24.28,N
01/21/2024,20:00,PAULN_RN, 23.01,N
01/21/2024,20:00,PAVLOV_BT_RN, 28.35,N
01/21/2024,20:00,PAVO_ESS_ALL, 30.01,N
01/21/2024,20:00,PB2SES_CT1, 31.49,N
01/21/2024,20:00,PB2SES_CT2, 31.49,N
01/21/2024,20:00,PB2SES_CT3, 31.49,N
01/21/2024,20:00,PB2SES_CT4, 31.49,N
01/21/2024,20:00,PB2SES_CT5, 31.49,N
01/21/2024,20:00,PC_NORTH_1, 22.67,N
01/21/2024,20:00,PC_SOUTH_ALL, 22.67,N
01/21/2024,20:00,PEARSA_1_24, 28.28,N
01/21/2024,20:00,PENA_ALL, 24.32,N
01/21/2024,20:00,PES1_RN, 23.8,N
01/21/2024,20:00,PEY_RN, 23.82,N
01/21/2024,20:00,PH1_UNIT1_2, 5.26,N
01/21/2024,20:00,PH2_U1_U2, 5.26,N
01/21/2024,20:00,PHILLWND_ALL, 23.29,N
01/21/2024,20:00,PHOEBE_ALL, 31.78,N
01/21/2024,20:00,PHOENIX_RN, 22.82,N
01/21/2024,20:00,PHO_ALL, 23.84,N
01/21/2024,20:00,PIONR_DJ_RN, 30.55,N
01/21/2024,20:00,PISG_RN_ALL, 23.09,N
01/21/2024,20:00,PITSDD_UNIT1, 23.09,N
01/21/2024,20:00,PLN_ALL, 23.86,N
01/21/2024,20:00,PNPI_GT2_RN, 23.85,N
01/21/2024,20:00,PORTSL_UNIT1, 22.63,N
01/21/2024,20:00,POTSVIL_RN, 23.72,N
01/21/2024,20:00,PRID_RN, 23.2,N
01/21/2024,20:00,PROSPERO_ALL, 32.7,N
01/21/2024,20:00,PRO_RN, 23.8,N
01/21/2024,20:00,PRSPERO2_ALL, 32.7,N
01/21/2024,20:00,PR_PR_ALL, 23.72,N
01/21/2024,20:00,PR_PR_G2, 23.72,N
01/21/2024,20:00,PSA_CC1, 23.7,N
01/21/2024,20:00,PSA_PSA_G1, 23.71,N
01/21/2024,20:00,PSA_PSA_G2, 23.71,N
01/21/2024,20:00,PSA_PSA_G3, 23.71,N
01/21/2024,20:00,PSA_PSA_G4, 23.71,N
01/21/2024,20:00,PSA_PSA_G5, 23.7,N
01/21/2024,20:00,PSA_PSA_G6, 23.7,N
01/21/2024,20:00,PSA_PSA_G7, 23.7,N
01/21/2024,20:00,PSA_PUN1, 23.7,N
01/21/2024,20:00,PSA_PUN2, 23.7,N
01/21/2024,20:00,PSA_PUN3, 23.71,N
01/21/2024,20:00,PSA_PUN4, 23.71,N
01/21/2024,20:00,PSA_PUN5, 23.7,N
01/21/2024,20:00,PSG_CC1, 23.72,N
01/21/2024,20:00,PSG_PSG_GT2, 23.72,N
01/21/2024,20:00,PSG_PSG_GT3, 23.72,N
01/21/2024,20:00,PSG_PSG_ST1, 23.72,N
01/21/2024,20:00,PTLBES_BESS1, 24.23,N
01/21/2024,20:00,PYR_PYRON1, 22.74,N
01/21/2024,20:00,QALSW_ALL, 31.44,N
01/21/2024,20:00,QALSW_CC1, 31.44,N
01/21/2024,20:00,QALSW_CC2, 31.44,N
01/21/2024,20:00,QUEEN_BA_RN, 30.14,N
01/21/2024,20:00,QUEEN_SL_RN, 30.14,N
01/21/2024,20:00,RAB_G1-8, 23.77,N
01/21/2024,20:00,RADN_SLR_ALL, 22.97,N
01/21/2024,20:00,RAMBLER_UNIT, 22.96,N
01/21/2024,20:00,RANCHERO_ALL, 26.14,N
01/21/2024,20:00,RAT_RN_1, 22.55,N
01/21/2024,20:00,RAYBURN_CC1, 24.37,N
01/21/2024,20:00,RAYB_G78910, 24.37,N
01/21/2024,20:00,RBN_BESS1, 23.92,N
01/21/2024,20:00,RDCAN_RDCNY1, 21.63,N
01/21/2024,20:00,REDBARN_RN, 29.27,N
01/21/2024,20:00,REDFISH_ALL, 24.37,N
01/21/2024,20:00,REDGATE_ALL, 24.4,N
01/21/2024,20:00,REDGATE_RN, 24.4,N
01/21/2024,20:00,RELOJ_ALL, 24.43,N
01/21/2024,20:00,REROCK_ALL, 30.29,N
01/21/2024,20:00,RHESS2_ESS1, 23.98,N
01/21/2024,20:00,RIGGIN_UNIT1, 30.29,N
01/21/2024,20:00,RIOG_ESR_RN, 24.53,N
01/21/2024,20:00,RIONOG_CC1, 24.49,N
01/21/2024,20:00,RIONOG_CT1, 24.49,N
01/21/2024,20:00,RIONOG_CT2, 24.49,N
01/21/2024,20:00,RIONOG_CT3, 24.49,N
01/21/2024,20:00,RIONOG_ST1, 24.49,N
01/21/2024,20:00,RIPPEY_ALL, 22.74,N
01/21/2024,20:00,RN_APOGEE, 22.28,N
01/21/2024,20:00,RN_BYU_G8, 23.74,N
01/21/2024,20:00,RN_DEC_AGR_A, 22.73,N
01/21/2024,20:00,RN_DEC_AGR_B, 22.73,N
01/21/2024,20:00,RN_DEC_AGR_C, 22.73,N
01/21/2024,20:00,RN_DEC_AGR_D, 22.73,N
01/21/2024,20:00,RN_ECEC_HOLT, 33.35,N
01/21/2024,20:00,RN_OCI_ALAMO, 35.54,N
01/21/2024,20:00,RN_RTS1, 22.96,N
01/21/2024,20:00,RN_SR_WIND1, 24.29,N
01/21/2024,20:00,RN_TOSBATT, 12.54,N
01/21/2024,20:00,ROSELAND_ALL, 23.3,N
01/21/2024,20:00,ROUTE66_RN, 5.12,N
01/21/2024,20:00,ROW_ALL, 23.79,N
01/21/2024,20:00,RPUBRDS_RN, 23.51,N
01/21/2024,20:00,RRANCHES_ALL, 31.1,N
01/21/2024,20:00,RRC_WIND_ALL, 22.68,N
01/21/2024,20:00,RSK_RN, 21.88,N
01/21/2024,20:00,RTLSNAKE_BT, 31.17,N
01/21/2024,20:00,RUSSEKST_RN, 31.63,N
01/21/2024,20:00,RVRVLYS_ALL, 23.99,N
01/21/2024,20:00,SADLBACK_RN, 30.9,N
01/21/2024,20:00,SALVTION_GEN, 21.92,N
01/21/2024,20:00,SAMSON_ALL, 22.85,N
01/21/2024,20:00,SANDHSYD1_2, 24.24,N
01/21/2024,20:00,SANDHSYD3_4, 24.24,N
01/21/2024,20:00,SANDHSYD6_7, 24.24,N
01/21/2024,20:00,SANDHSYD_5AC, 24.24,N
01/21/2024,20:00,SANDHSYD_CC1, 24.24,N
01/21/2024,20:00,SANTACRU_ALL, 24.28,N
01/21/2024,20:00,SAN_SANMIGG1, 24.54,N
01/21/2024,20:00,SBEAN_BESS, 31.12,N
01/21/2024,20:00,SBE_RN_1, 24.36,N
01/21/2024,20:00,SC2SES_UNIT1, 23.02,N
01/21/2024,20:00,SCES_UNIT1, 23.31,N
01/21/2024,20:00,SCLP_PUN1, 24.05,N
01/21/2024,20:00,SCLP_PUN2, 24.05,N
01/21/2024,20:00,SCLP_PUN3, 24.05,N
01/21/2024,20:00,SCLP_PUN4, 24.05,N
01/21/2024,20:00,SCLP_SCLPC_1, 24.05,N
01/21/2024,20:00,SCLP_SCLPC_2, 24.05,N
01/21/2024,20:00,SCLP_SCLPC_3, 24.05,N
01/21/2024,20:00,SCLP_SCLPC_4, 24.05,N
01/21/2024,20:00,SCSES_UNIT2, 23.02,N
01/21/2024,20:00,SDSES_PUN1, 23.85,N
01/21/2024,20:00,SDSES_PUN3, 23.85,N
01/21/2024,20:00,SENATEWD_1, 22.54,N
01/21/2024,20:00,SGM_SIGNALMT, 19.14,N
01/21/2024,20:00,SGSA_DGR, 30.29,N
01/21/2024,20:00,SG_BES_BESS1, 30.29,N
01/21/2024,20:00,SHAFFER_ALL, 24.28,N
01/21/2024,20:00,SHAMROCK_RN, 25.89,N
01/21/2024,20:00,SHANNONW_RN, 22.35,N
01/21/2024,20:00,SHEEPCRK_1, 22.68,N
01/21/2024,20:00,SILASRAY_CC1, 24.98,N
01/21/2024,20:00,SIL_SILAS_10, 24.98,N
01/21/2024,20:00,SIL_SILAS_6, 24.98,N
01/21/2024,20:00,SIL_SILAS_9, 24.98,N
01/21/2024,20:00,SIRIUS_UNIT1, 29.96,N
01/21/2024,20:00,SJS_SJS_G1, 23.73,N
01/21/2024,20:00,SJS_SJS_G2, 23.73,N
01/21/2024,20:00,SKY1, 24.29,N
01/21/2024,20:00,SLCN_ESS_ALL, 24.06,N
01/21/2024,20:00,SLTFRK_UN1_2, 5.4,N
01/21/2024,20:00,SL_PUN1, 23.72,N
01/21/2024,20:00,SL_PUN2, 23.72,N
01/21/2024,20:00,SNY_BESS_RN, 21.23,N
01/21/2024,20:00,SOLARA_UNIT1, 22.2,N
01/21/2024,20:00,SPARTA_ALL, 24.09,N
01/21/2024,20:00,SPLAIN1_RN, 4.97,N
01/21/2024,20:00,SPLAIN2_RN, 4.97,N
01/21/2024,20:00,SPNC_SPNCE_4, 22.74,N
01/21/2024,20:00,SPNC_SPNCE_5, 22.74,N
01/21/2024,20:00,SPTX12B_RN, 29.99,N
01/21/2024,20:00,SROSA_ESR_RN, 24.38,N
01/21/2024,20:00,SRWE1_UNIT1, 23.58,N
01/21/2024,20:00,SSPURT_WIND1, 4.85,N
01/21/2024,20:00,STAM_SLR_ALL, 22.85,N
01/21/2024,20:00,STEAM_ENG123, 22.87,N
01/21/2024,20:00,STEA_STEAM_1, 22.87,N
01/21/2024,20:00,STEA_STEAM_2, 22.87,N
01/21/2024,20:00,STEA_STEAM_3, 22.87,N
01/21/2024,20:00,STELLA_RN, 24.32,N
01/21/2024,20:00,STP_STP_G1, 23.84,N
01/21/2024,20:00,STP_STP_G2, 23.84,N
01/21/2024,20:00,STRATEGC_RN, 23,N
01/21/2024,20:00,STWF_T1, 22.06,N
01/21/2024,20:00,SUNVASLR_ALL, 23.11,N
01/21/2024,20:00,SWEC_G1, 32.17,N
01/21/2024,20:00,SWEETWN2_2_4, 22.89,N
01/21/2024,20:00,SWEETWN3_3, 22.89,N
01/21/2024,20:00,SWEETWND_1, 22.89,N
01/21/2024,20:00,SWOOSE1_U1, 31.29,N
01/21/2024,20:00,SWOOSEII_RN, 31.29,N
01/21/2024,20:00,SWTWN4_WND45, 22.89,N
01/21/2024,20:00,SWT_BESS_RN, 21.78,N
01/21/2024,20:00,S_HILLS_RN, 22.35,N
01/21/2024,20:00,TAHOKA_ALL, 25.79,N
01/21/2024,20:00,TAV_RN, 24.13,N
01/21/2024,20:00,TAYGETE2_ALL, 30.6,N
01/21/2024,20:00,TAYGETE_ALL, 30.6,N
01/21/2024,20:00,TBWF_ES_BES1, 29.98,N
01/21/2024,20:00,TC_PUN1, 23.74,N
01/21/2024,20:00,TC_PUN2, 23.74,N
01/21/2024,20:00,TC_TCHP1, 23.74,N
01/21/2024,20:00,TEN_CC1, 22.92,N
01/21/2024,20:00,TEN_CT1_STG, 22.92,N
01/21/2024,20:00,TGCCS_ALL, 23,N
01/21/2024,20:00,TGCCS_CC1, 23,N
01/21/2024,20:00,TGF_TGFGT, 24.65,N
01/21/2024,20:00,TGS_GT01, 24.65,N
01/21/2024,20:00,TGW_T1_T2, 24.32,N
01/21/2024,20:00,THW_1_CCU, 23.7,N
01/21/2024,20:00,THW_2_CCU, 23.7,N
01/21/2024,20:00,THW_CC1, 23.7,N
01/21/2024,20:00,THW_CC2, 23.7,N
01/21/2024,20:00,THW_THWGT5X, 23.69,N
01/21/2024,20:00,THW_THWGT_1, 23.69,N
01/21/2024,20:00,TI_SOLAR_ALL, 31.08,N
01/21/2024,20:00,TKWSW_CHAMP, 22.74,N
01/21/2024,20:00,TKWSW_ROSCOE, 22.74,N
01/21/2024,20:00,TNP_TNP_O_1, 23.47,N
01/21/2024,20:00,TNP_TNP_O_2, 23.47,N
01/21/2024,20:00,TNSKA_CC1, 22.82,N
01/21/2024,20:00,TNSKA_CCU, 22.82,N
01/21/2024,20:00,TOPAZ_ALL, 23.76,N
01/21/2024,20:00,TORR_ALL, 24.46,N
01/21/2024,20:00,TORT_ESS_RN, 23.78,N
01/21/2024,20:00,TOYAH_RN, 30.29,N
01/21/2024,20:00,TREB_SOLAR1, 24.09,N
01/21/2024,20:00,TRENT_TRENT, 22.06,N
01/21/2024,20:00,TRINITY_ALL, 22.4,N
01/21/2024,20:00,TRIPBUT1_RN, 33.19,N
01/21/2024,20:00,TRSES_UNIT6, 23.04,N
01/21/2024,20:00,TRUENO_ALL, 24.36,N
01/21/2024,20:00,TRUSGILL_RN, 21.85,N
01/21/2024,20:00,TTRSW_RN, 22.85,N
01/21/2024,20:00,TTWEC_G1, 22.44,N
01/21/2024,20:00,TURQ_BESS1, 22.87,N
01/21/2024,20:00,TV_RN, 23.87,N
01/21/2024,20:00,TXCTY_CC1, 23.76,N
01/21/2024,20:00,TXCTY_CTA, 23.76,N
01/21/2024,20:00,TXCTY_CTB, 23.76,N
01/21/2024,20:00,TXCTY_CTC, 23.76,N
01/21/2024,20:00,TXCTY_ST, 23.76,N
01/21/2024,20:00,TYLRWIND_RN, 22.71,N
01/21/2024,20:00,T_CK_GT2_RN, 32.22,N
01/21/2024,20:00,T_CK_GT3_RN, 32.22,N
01/21/2024,20:00,UCC_COG_PUN2, 23.76,N
01/21/2024,20:00,UCC_UCC_C_2, 23.76,N
01/21/2024,20:00,VANCOURT_RN, 24.73,N
01/21/2024,20:00,VENADO_ALL, 27.13,N
01/21/2024,20:00,VERAWIND_ALL, 21.85,N
01/21/2024,20:00,VERTIGO_UN1, 22.09,N
01/21/2024,20:00,VICTORIA_CC1, 24.34,N
01/21/2024,20:00,VICTPORT_RN, 24.31,N
01/21/2024,20:00,VIC_VICTORG5, 24.34,N
01/21/2024,20:00,VIC_VICTORG6, 24.34,N
01/21/2024,20:00,VISION_RN, 23.04,N
01/21/2024,20:00,VLSES_UNIT3, 22.81,N
01/21/2024,20:00,VORT_ALL_RN, 22.21,N
01/21/2024,20:00,WAKEWE_ALL, 20.73,N
01/21/2024,20:00,WAP_WAPGT_1, 23.85,N
01/21/2024,20:00,WAP_WAP_G1, 23.85,N
01/21/2024,20:00,WAP_WAP_G2, 23.85,N
01/21/2024,20:00,WAP_WAP_G3, 23.87,N
01/21/2024,20:00,WAP_WAP_G4, 23.87,N
01/21/2024,20:00,WAP_WAP_G5, 23.85,N
01/21/2024,20:00,WAP_WAP_G6, 23.76,N
01/21/2024,20:00,WAP_WAP_G7, 23.76,N
01/21/2024,20:00,WAP_WAP_G8, 23.77,N
01/21/2024,20:00,WAYMARK_RN, 29.27,N
01/21/2024,20:00,WCPP_CC1, 22.59,N
01/21/2024,20:00,WCPP_CT1, 22.59,N
01/21/2024,20:00,WCPP_CT2, 22.59,N
01/21/2024,20:00,WCPP_ST1, 22.59,N
01/21/2024,20:00,WEBBER_WS_T1, 24.17,N
01/21/2024,20:00,WEC_WECG1, 22.05,N
01/21/2024,20:00,WES_ALL, 24.04,N
01/21/2024,20:00,WFCOGEN_13, 22.2,N
01/21/2024,20:00,WFCOGEN_24, 22.2,N
01/21/2024,20:00,WFCOGEN_CC1, 22.2,N
01/21/2024,20:00,WFTANK_ESS1, 24.43,N
01/21/2024,20:00,WGU_RN, 24,N
01/21/2024,20:00,WHCCS2_4, 22.84,N
01/21/2024,20:00,WHCCS2_5_6, 22.84,N
01/21/2024,20:00,WHCCS2_CC2, 22.84,N
01/21/2024,20:00,WHCCS_CC1, 22.84,N
01/21/2024,20:00,WHCCS_CT1_ST, 22.84,N
01/21/2024,20:00,WHCCS_CT2, 22.84,N
01/21/2024,20:00,WHITE_PT_UN1, 24.28,N
01/21/2024,20:00,WHMESA_U1, 25.67,N
01/21/2024,20:00,WHTTAIL_WR1, 22.7,N
01/21/2024,20:00,WH_WIND_ALL, 22.55,N
01/21/2024,20:00,WILDWIND_ALL, 22.66,N
01/21/2024,20:00,WIPOPA_1_2, 24.19,N
01/21/2024,20:00,WIPOPA_3_4, 24.19,N
01/21/2024,20:00,WIR_WIRTZ_G1, 24.38,N
01/21/2024,20:00,WIR_WIRTZ_G2, 24.38,N
01/21/2024,20:00,WLTC_ESR_RN, 24.3,N
01/21/2024,20:00,WL_RANCH_RN, 23.92,N
01/21/2024,20:00,WNDTS2_UNIT1, 22.43,N
01/21/2024,20:00,WND_WHITNEY, 23.21,N
01/21/2024,20:00,WOODWRD1_RN, 30.01,N
01/21/2024,20:00,WOODWRD2_RN, 30.01,N
01/21/2024,20:00,WOV_BESS_RN, 32.15,N
01/21/2024,20:00,WRSBES_BESS1, 31.1,N
01/21/2024,20:00,W_HRL_ESR_RN, 24.39,N
01/21/2024,20:00,W_PECO_UNIT1, 31.14,N
01/21/2024,20:00,X443ESRN, 40.63,N
01/21/2024,20:00,YNG_WND_ALL, 22.32,N
01/21/2024,20:00,ZIER_SLR_ALL, 31.52,N
01/21/2024,21:00,7RNCHSLR_ALL, 23.58,N
01/21/2024,21:00,AEEC, 18.68,N
01/21/2024,21:00,AGUAYO_UNIT1, 22.31,N
01/21/2024,21:00,AJAXWIND_RN, 21.37,N
01/21/2024,21:00,ALGOD_ALL_RN, 23.47,N
01/21/2024,21:00,ALVIN_RN, 23.02,N
01/21/2024,21:00,AMADEUS_ALL, 21.28,N
01/21/2024,21:00,AMISTAD_ALL, 33.4,N
01/21/2024,21:00,AMOCOOIL_CC1, 23.01,N
01/21/2024,21:00,AMOCOOIL_CC2, 23.01,N
01/21/2024,21:00,AMOCO_PUN1, 23.01,N
01/21/2024,21:00,AMOCO_PUN2, 23.01,N
01/21/2024,21:00,AMO_AMOCO_1, 23.01,N
01/21/2024,21:00,AMO_AMOCO_2, 23.01,N
01/21/2024,21:00,AMO_AMOCO_5, 23.01,N
01/21/2024,21:00,AMO_AMOCO_G1, 23.01,N
01/21/2024,21:00,AMO_AMOCO_G2, 23.01,N
01/21/2024,21:00,AMO_AMOCO_G3, 23.01,N
01/21/2024,21:00,AMO_AMOCO_S1, 23.01,N
01/21/2024,21:00,AMO_AMOCO_S2, 23.01,N
01/21/2024,21:00,ANACACHO_ANA, 30.28,N
01/21/2024,21:00,ANCHOR_ALL, 21.83,N
01/21/2024,21:00,ANDMDSLR_ALL, 21.22,N
01/21/2024,21:00,ANEM_ESS_RN, 23.62,N
01/21/2024,21:00,ANG_ALL, 21.55,N
01/21/2024,21:00,ANSON1_ALL, 21.52,N
01/21/2024,21:00,APPALOSA_ALL, 33.06,N
01/21/2024,21:00,AQUI_ALL, 22.26,N
01/21/2024,21:00,ARAGORN_RN, 31.51,N
01/21/2024,21:00,ASTRA_RN, 6.71,N
01/21/2024,21:00,ATK_ATKINSG7, 22.71,N
01/21/2024,21:00,AURO_SLR_RN, 22.72,N
01/21/2024,21:00,AUSTPL_ALL, 24.26,N
01/21/2024,21:00,AVIAT_ALL, 21.45,N
01/21/2024,21:00,AZURE_RN, 21.37,N
01/21/2024,21:00,AZ_ALL, 22.97,N
01/21/2024,21:00,BAC_RN_ALL, 23.01,N
01/21/2024,21:00,BAFFIN_ALL, 23.55,N
01/21/2024,21:00,BAIRDWND_ALL, 21.66,N
01/21/2024,21:00,BARROW_ALL, 34.46,N
01/21/2024,21:00,BASTEN_CC1, 23.46,N
01/21/2024,21:00,BASTEN_CCU, 23.46,N
01/21/2024,21:00,BATCAVE_RN, 28.05,N
01/21/2024,21:00,BAYC_BESS_RN, 28.1,N
01/21/2024,21:00,BBREEZE_1_2, 23.6,N
01/21/2024,21:00,BCATWD_WD_1, 21.55,N
01/21/2024,21:00,BCH_RN, 23.29,N
01/21/2024,21:00,BCK_RN, 23.03,N
01/21/2024,21:00,BELM_SLR_RN, 22.71,N
01/21/2024,21:00,BIGSTAR_ALL, 23.46,N
01/21/2024,21:00,BLACKJAK_RN, 23.51,N
01/21/2024,21:00,BLSMT1_5_A_6, 21.11,N
01/21/2024,21:00,BLUEJAY_RN, 22.7,N
01/21/2024,21:00,BOARDCRK_ALL, 22.28,N
01/21/2024,21:00,BOOTLEG_UN1, 29.68,N
01/21/2024,21:00,BORDAS_345, 23.7,N
01/21/2024,21:00,BOSQUESW_CC1, 22.39,N
01/21/2024,21:00,BOSQUESW_CC2, 22.43,N
01/21/2024,21:00,BOSQ_BSQSU_5, 22.43,N
01/21/2024,21:00,BOSQ_BSQS_12, 22.43,N
01/21/2024,21:00,BOSQ_BSQS_34, 22.39,N
01/21/2024,21:00,BRANDON_RN, 22.37,N
01/21/2024,21:00,BRAUNIG_CC1, 21.21,N
01/21/2024,21:00,BRAUNIG_VHB1, 30.04,N
01/21/2024,21:00,BRAUNIG_VHB2, 30.04,N
01/21/2024,21:00,BRAUNIG_VHB3, 31.66,N
01/21/2024,21:00,BRAZ_WND_ALL, 20.54,N
01/21/2024,21:00,BRA_AVR1_CT2, 21.21,N
01/21/2024,21:00,BRA_AVR_CST1, 21.21,N
01/21/2024,21:00,BRHEIGHT_RN, 23.01,N
01/21/2024,21:00,BRIGHTSD_RN, 24.14,N
01/21/2024,21:00,BRIGHTSD_U1, 24.18,N
01/21/2024,21:00,BRISCOE_WIND, 6.95,N
01/21/2024,21:00,BRPANGLE_RN, 23.51,N
01/21/2024,21:00,BRPMAGNO_RN, 23.02,N
01/21/2024,21:00,BRP_BRAZ_RN, 23.53,N
01/21/2024,21:00,BRP_DIKN_RN, 23.02,N
01/21/2024,21:00,BRP_LOOP_RN, 23.6,N
01/21/2024,21:00,BRP_LOP1_RN, 25.64,N
01/21/2024,21:00,BRP_PBL1_RN, 51.22,N
01/21/2024,21:00,BRP_PBL2_RN, 51.22,N
01/21/2024,21:00,BRP_RN_UNIT1, 26.98,N
01/21/2024,21:00,BRP_SEMI_RN, 23.02,N
01/21/2024,21:00,BRP_SWNY_RN, 23.55,N
01/21/2024,21:00,BRP_ZPT1_RN, 25.76,N
01/21/2024,21:00,BRP_ZPT2_RN, 25.76,N
01/21/2024,21:00,BRTSW_BCW1, 21.81,N
01/21/2024,21:00,BR_ARROW_ALL, 22.05,N
01/21/2024,21:00,BR_VHB6CT5_6, 30.04,N
01/21/2024,21:00,BR_VHB6CT7_8, 30.04,N
01/21/2024,21:00,BSS_U1, 23.56,N
01/21/2024,21:00,BTE_BTE_G1, 22.95,N
01/21/2024,21:00,BTE_BTE_G2, 22.95,N
01/21/2024,21:00,BTE_BTE_G3, 22.95,N
01/21/2024,21:00,BTE_BTE_G4, 22.95,N
01/21/2024,21:00,BTE_CC1, 22.95,N
01/21/2024,21:00,BTE_PUN1, 22.95,N
01/21/2024,21:00,BTE_PUN2, 22.95,N
01/21/2024,21:00,BTM_ALL, 23.25,N
01/21/2024,21:00,BUCHAN_ALL, 23.29,N
01/21/2024,21:00,BUCKTHRN_RN, 21.98,N
01/21/2024,21:00,BUFF_GAP_ALL, 21.68,N
01/21/2024,21:00,BULLCRK_1_2, 18.41,N
01/21/2024,21:00,BVE_CC1, 23.01,N
01/21/2024,21:00,BVE_UNIT1, 23.01,N
01/21/2024,21:00,BVE_UNIT2, 23.01,N
01/21/2024,21:00,BVE_UNIT3, 23.01,N
01/21/2024,21:00,BYRDR_ES_ALL, 23.55,N
01/21/2024,21:00,BYU_BYU_1, 22.99,N
01/21/2024,21:00,BYU_BYU_12, 22.99,N
01/21/2024,21:00,BYU_BYU_34, 22.99,N
01/21/2024,21:00,BYU_BYU_G8, 22.99,N
01/21/2024,21:00,BYU_CC1, 22.99,N
01/21/2024,21:00,BYU_G4_RN, 22.99,N
01/21/2024,21:00,BYU_PUN1, 22.99,N
01/21/2024,21:00,BYU_PUN2, 22.99,N
01/21/2024,21:00,BYU_PUN3, 22.99,N
01/21/2024,21:00,BYU_PUN4, 22.99,N
01/21/2024,21:00,B_DAVIS_3, 23.52,N
01/21/2024,21:00,B_DAVIS_4, 23.52,N
01/21/2024,21:00,B_DAVIS_CC1, 23.52,N
01/21/2024,21:00,B_D_B_DAVIG1, 23.52,N
01/21/2024,21:00,B_D_B_DAVIG2, 23.52,N
01/21/2024,21:00,CABEZON_ALL, 23.66,N
01/21/2024,21:00,CALAVER_JKS1, 22.32,N
01/21/2024,21:00,CALAVER_JKS2, 22.32,N
01/21/2024,21:00,CALAVER_JTD1, 29.81,N
01/21/2024,21:00,CALAVER_JTD2, 29.81,N
01/21/2024,21:00,CALAVER_OWS1, 30.44,N
01/21/2024,21:00,CALAVER_OWS2, 30.44,N
01/21/2024,21:00,CALHOUN_ALL, 23.1,N
01/21/2024,21:00,CALLAHA_WND1, 21.28,N
01/21/2024,21:00,CAL_CALGT1, 22.97,N
01/21/2024,21:00,CAL_CALSTG1, 22.97,N
01/21/2024,21:00,CAL_CC1, 22.97,N
01/21/2024,21:00,CAL_PUN1, 22.97,N
01/21/2024,21:00,CAL_PUN2, 22.97,N
01/21/2024,21:00,CAMWIND_RN, 22.04,N
01/21/2024,21:00,CANYONWD_ALL, 21.42,N
01/21/2024,21:00,CAPRIDG4_CR4, 21.45,N
01/21/2024,21:00,CAPRIDGE_ALL, 21.45,N
01/21/2024,21:00,CARBN_BSP_1, 19.15,N
01/21/2024,21:00,CASL_GAP_UN1, 30.62,N
01/21/2024,21:00,CATARINA_B1, 30.19,N
01/21/2024,21:00,CBECII_89, 23.05,N
01/21/2024,21:00,CBECII_CC3, 23.05,N
01/21/2024,21:00,CBECII_CT7, 23.05,N
01/21/2024,21:00,CBEC_ALL, 24.88,N
01/21/2024,21:00,CBEC_CC1, 24.88,N
01/21/2024,21:00,CBEC_CC2, 24.88,N
01/21/2024,21:00,CBY4_ALL, 22.96,N
01/21/2024,21:00,CBY4_CC1, 22.96,N
01/21/2024,21:00,CBY_CBY_G1, 22.96,N
01/21/2024,21:00,CBY_CBY_G2, 22.96,N
01/21/2024,21:00,CCEC_CC1, 23.52,N
01/21/2024,21:00,CCEC_GT1, 23.52,N
01/21/2024,21:00,CCEC_GT2, 23.52,N
01/21/2024,21:00,CCEC_PUN1, 23.52,N
01/21/2024,21:00,CCEC_PUN2, 23.52,N
01/21/2024,21:00,CCEC_ST1, 23.52,N
01/21/2024,21:00,CEDROHI_CHW1, 23.76,N
01/21/2024,21:00,CEDRVALE_RN, 31.41,N
01/21/2024,21:00,CFLATS_UNIT, 16.97,N
01/21/2024,21:00,CHALUP_ALL, 22.35,N
01/21/2024,21:00,CHAL_SLR_RN, 31.55,N
01/21/2024,21:00,CHAMON_UN1, 22.95,N
01/21/2024,21:00,CHAMON_UN2, 22.95,N
01/21/2024,21:00,CHEDPW_GT2, 22.94,N
01/21/2024,21:00,CHE_CC1, 22.94,N
01/21/2024,21:00,CHE_LYD, 22.95,N
01/21/2024,21:00,CHE_LYD2, 22.95,N
01/21/2024,21:00,CHE_PUN1, 22.95,N
01/21/2024,21:00,CHE_PUN2, 22.95,N
01/21/2024,21:00,CHISMGRD_RN, 21.91,N
01/21/2024,21:00,CISC_RN, 21.68,N
01/21/2024,21:00,CITYVICT_ALL, 23.57,N
01/21/2024,21:00,CN_BRKS_UNT1, 6.79,N
01/21/2024,21:00,COL_COLETOG1, 23.65,N
01/21/2024,21:00,CONIGLIO_RN, 22.01,N
01/21/2024,21:00,CONTINEN_RN, 22.5,N
01/21/2024,21:00,CORALSLR_ALL, 22.51,N
01/21/2024,21:00,CORAZON_RN, 23.72,N
01/21/2024,21:00,COTPLNS_RN, 6.9,N
01/21/2024,21:00,COTTON_PAP2, 23.5,N
01/21/2024,21:00,COYOTSPR_RN, 31.41,N
01/21/2024,21:00,CPSES_UNIT1, 21.98,N
01/21/2024,21:00,CPSES_UNIT2, 21.98,N
01/21/2024,21:00,CRANELL_ALL, 23.51,N
01/21/2024,21:00,CROSSETT_ALL, 30.64,N
01/21/2024,21:00,CRWN_SLR_UN1, 22.59,N
01/21/2024,21:00,CSC_CSECG1_2, 20.61,N
01/21/2024,21:00,CVC_CC1, 22.93,N
01/21/2024,21:00,CVC_CVCG1_5, 22.93,N
01/21/2024,21:00,CVC_CVC_G2, 22.93,N
01/21/2024,21:00,CVC_CVC_G3, 22.93,N
01/21/2024,21:00,DAG_ALL, 23.87,N
01/21/2024,21:00,DANSBY_ALL, 22.71,N
01/21/2024,21:00,DAN_ALL, 23.01,N
01/21/2024,21:00,DA_BESS, 23.5,N
01/21/2024,21:00,DC2SES_ALL, 22,N
01/21/2024,21:00,DC_E, 22.03,N
01/21/2024,21:00,DC_L, 23.67,N
01/21/2024,21:00,DC_N, 21.27,N
01/21/2024,21:00,DC_R, 22.38,N
01/21/2024,21:00,DDPEC_CC1, 22.98,N
01/21/2024,21:00,DDPEC_GT1, 22.98,N
01/21/2024,21:00,DDPEC_GT2, 22.98,N
01/21/2024,21:00,DDPEC_GT3, 22.98,N
01/21/2024,21:00,DDPEC_GT4, 22.98,N
01/21/2024,21:00,DDPEC_GT6, 22.98,N
01/21/2024,21:00,DDPEC_ST1, 22.98,N
01/21/2024,21:00,DECKER_DPG2, 23.48,N
01/21/2024,21:00,DECKER_GT, 23.48,N
01/21/2024,21:00,DENISON_G1_2, 21.99,N
01/21/2024,21:00,DERMOTT_ALL, 21.14,N
01/21/2024,21:00,DIBOL_RN, 22.22,N
01/21/2024,21:00,DIB_CC1, 22.98,N
01/21/2024,21:00,DIB_DIB_G1, 22.98,N
01/21/2024,21:00,DIB_DIB_G2, 22.98,N
01/21/2024,21:00,DIB_DIB_G3, 22.98,N
01/21/2024,21:00,DIB_DIB_G4, 22.98,N
01/21/2024,21:00,DIB_PUN1, 22.98,N
01/21/2024,21:00,DIB_PUN2, 22.98,N
01/21/2024,21:00,DILEOS_UNIT1, 22.37,N
01/21/2024,21:00,DKNS_ESS_RN, 20.57,N
01/21/2024,21:00,DOWGEN_PUN1, 23.12,N
01/21/2024,21:00,DOWGEN_PUN2, 23.12,N
01/21/2024,21:00,DOWGEN_PUN3, 23.12,N
01/21/2024,21:00,DOW_61_2_63, 23.12,N
01/21/2024,21:00,DOW_64, 23.12,N
01/21/2024,21:00,DOW_81_2_84, 23.12,N
01/21/2024,21:00,DOW_G37_G35, 23.12,N
01/21/2024,21:00,DOW_G66_ST65, 23.12,N
01/21/2024,21:00,DOW_G67, 23.12,N
01/21/2024,21:00,DOW_G96_ST95, 23.12,N
01/21/2024,21:00,DUKE_CC1, 22.38,N
01/21/2024,21:00,DUKE_GST1CCU, 22.38,N
01/21/2024,21:00,DUKE_GT2_CCU, 22.38,N
01/21/2024,21:00,DUP_PUN1, 23.5,N
01/21/2024,21:00,DUP_PUN2, 23.5,N
01/21/2024,21:00,DUP_PUN3, 23.5,N
01/21/2024,21:00,DUP_PUN4, 23.5,N
01/21/2024,21:00,EBELLS_UNIT1, 22.72,N
01/21/2024,21:00,EBNY_ESS_RN, 25.86,N
01/21/2024,21:00,ECLIPSE_UN1, 31.16,N
01/21/2024,21:00,EIFSLR_UNIT1, 22.02,N
01/21/2024,21:00,ELB_ELBCREEK, 20.88,N
01/21/2024,21:00,ELECTRAW_1_2, 21.26,N
01/21/2024,21:00,ELSAUZ_ALL, 23.6,N
01/21/2024,21:00,ELSA_ESR_RN, 22.37,N
01/21/2024,21:00,ELS_RN_1, 22.09,N
01/21/2024,21:00,EL_RAYO_ALL, 22.34,N
01/21/2024,21:00,ENDPARK_ESS1, 20.93,N
01/21/2024,21:00,ERSL_RN, 26.99,N
01/21/2024,21:00,ESTONIAN_ALL, 22.03,N
01/21/2024,21:00,ETCCS_CC1, 22.14,N
01/21/2024,21:00,ETCCS_CCU, 22.14,N
01/21/2024,21:00,EUNICE_ALL, 32.63,N
01/21/2024,21:00,EXGNSND_RN, 25.76,N
01/21/2024,21:00,EXGNWTL_1, 23.76,N
01/21/2024,21:00,EXN_14, 22.96,N
01/21/2024,21:00,EXN_1_3, 22.96,N
01/21/2024,21:00,EXN_4, 22.96,N
01/21/2024,21:00,EXN_8, 22.96,N
01/21/2024,21:00,EXN_9_13, 22.96,N
01/21/2024,21:00,EXN_PUN1, 22.96,N
01/21/2024,21:00,EXN_PUN2, 22.96,N
01/21/2024,21:00,EXN_PUN3, 22.96,N
01/21/2024,21:00,E_BLACK_RN, 23.27,N
01/21/2024,21:00,FALFUR_RN, 23.67,N
01/21/2024,21:00,FAL_FALCONG1, 25.57,N
01/21/2024,21:00,FAL_FALCONG2, 25.57,N
01/21/2024,21:00,FAL_FALCONG3, 25.57,N
01/21/2024,21:00,FAULKNER_RN, 31.41,N
01/21/2024,21:00,FEGC_RN, 23.09,N
01/21/2024,21:00,FENCESLR_ALL, 22.23,N
01/21/2024,21:00,FERGCC_CC1, 24.11,N
01/21/2024,21:00,FERGCC_GT1_1, 24.11,N
01/21/2024,21:00,FERGCC_GT2_3, 24.11,N
01/21/2024,21:00,FERGCC_ST1_5, 24.11,N
01/21/2024,21:00,FERMI_ALL, 18.83,N
01/21/2024,21:00,FILESSLR_PV1, 22.19,N
01/21/2024,21:00,FIVEWSLR_ALL, 22.81,N
01/21/2024,21:00,FLCNS_CC1, 25.92,N
01/21/2024,21:00,FLCNS_UNIT1, 25.92,N
01/21/2024,21:00,FLCNS_UNIT2, 25.92,N
01/21/2024,21:00,FLCNS_UNIT3, 25.92,N
01/21/2024,21:00,FLOWERII_RN, 31.18,N
01/21/2024,21:00,FLTBES1, 31.18,N
01/21/2024,21:00,FLTCK_SSI, 21.88,N
01/21/2024,21:00,FLUVANNA_1_2, 20.93,N
01/21/2024,21:00,FLVABES1_ESR, 31.18,N
01/21/2024,21:00,FOARDCTY_ALL, 21.07,N
01/21/2024,21:00,FORMOSA_CC1, 23.04,N
01/21/2024,21:00,FORMOSA_CC2, 23.04,N
01/21/2024,21:00,FORMOSA_PUN1, 23.04,N
01/21/2024,21:00,FORMOSA_PUN2, 23.04,N
01/21/2024,21:00,FOXTROT_ALL, 23.38,N
01/21/2024,21:00,FO_FORMOSA11, 23.04,N
01/21/2024,21:00,FO_FORMOSA12, 23.04,N
01/21/2024,21:00,FO_FORMOSG1, 23.04,N
01/21/2024,21:00,FO_FORMOSG10, 23.04,N
01/21/2024,21:00,FO_FORMOSG13, 23.04,N
01/21/2024,21:00,FO_FORMOSG14, 23.04,N
01/21/2024,21:00,FO_FORMOSG15, 23.04,N
01/21/2024,21:00,FO_FORMOSG2, 23.04,N
01/21/2024,21:00,FO_FORMOSG3, 23.04,N
01/21/2024,21:00,FO_FORMOSG4, 23.04,N
01/21/2024,21:00,FO_FORMOSG5, 23.04,N
01/21/2024,21:00,FO_FORMOSG6, 23.04,N
01/21/2024,21:00,FO_FORMOSG7, 23.04,N
01/21/2024,21:00,FO_FORMOSG8, 23.04,N
01/21/2024,21:00,FO_FORMOSG9, 23.04,N
01/21/2024,21:00,FPPYD_FPP_G1, 23.42,N
01/21/2024,21:00,FPPYD_FPP_G2, 23.42,N
01/21/2024,21:00,FPPYD_FPP_G3, 23.42,N
01/21/2024,21:00,FREC_1_CCU, 22.29,N
01/21/2024,21:00,FREC_2_CCU, 22.3,N
01/21/2024,21:00,FREC_CC1, 22.29,N
01/21/2024,21:00,FREC_CC2, 22.3,N
01/21/2024,21:00,FRMRSVLW_RN, 22.05,N
01/21/2024,21:00,FRNYPP_1_CCU, 22.09,N
01/21/2024,21:00,FRNYPP_2_CCU, 22.09,N
01/21/2024,21:00,FRNYPP_CC1, 22.09,N
01/21/2024,21:00,FRNYPP_CC2, 22.09,N
01/21/2024,21:00,FRONT_EC_CC1, 22.4,N
01/21/2024,21:00,FRONT_EC_RN1, 22.4,N
01/21/2024,21:00,FRONT_EC_RN2, 22.4,N
01/21/2024,21:00,FRONT_EC_RN3, 22.4,N
01/21/2024,21:00,FRYE_SLR_ALL, 6.85,N
01/21/2024,21:00,FTR_CC1, 22.75,N
01/21/2024,21:00,FTR_FTR_G1_4, 22.75,N
01/21/2024,21:00,FTWIND_UNIT1, 21.99,N
01/21/2024,21:00,FWLR_SLR_1, 30.64,N
01/21/2024,21:00,GALO_RN1, 21.73,N
01/21/2024,21:00,GAMBIT_RN, 23.51,N
01/21/2024,21:00,GARC_BESS_RN, 22.51,N
01/21/2024,21:00,GBY_GT, 22.96,N
01/21/2024,21:00,GID_GIDEONG1, 23.47,N
01/21/2024,21:00,GID_GIDEONG2, 23.47,N
01/21/2024,21:00,GID_GIDEONG3, 23.47,N
01/21/2024,21:00,GIGA_ESS_RN, 23.36,N
01/21/2024,21:00,GOA_GOATWIND, 21.52,N
01/21/2024,21:00,GOLINDA_UN1, 22.59,N
01/21/2024,21:00,GOMZ_RN, 30.71,N
01/21/2024,21:00,GOODNIT1_ALL, 6.98,N
01/21/2024,21:00,GPASTURE_ALL, 21.37,N
01/21/2024,21:00,GRANDVW1_A_B, 7,N
01/21/2024,21:00,GRDNE_ESR_RN, 20.02,N
01/21/2024,21:00,GREASWOD_ALL, 29.84,N
01/21/2024,21:00,GRIF_TRL_RN, 21.18,N
01/21/2024,21:00,GRSES_UNIT1, 21.63,N
01/21/2024,21:00,GRSES_UNIT2, 21.68,N
01/21/2024,21:00,GUADG_CC1, 23.67,N
01/21/2024,21:00,GUADG_CC2, 23.67,N
01/21/2024,21:00,GUADG_CCU1, 23.67,N
01/21/2024,21:00,GUADG_CCU2, 23.67,N
01/21/2024,21:00,GUNMTN_NODE, 16.96,N
01/21/2024,21:00,GWEC_G1, 22.78,N
01/21/2024,21:00,HALO_RN1, 22.78,N
01/21/2024,21:00,HAMI_BESS_RN, 33.4,N
01/21/2024,21:00,HAYSEN1_2, 20.46,N
01/21/2024,21:00,HAYSEN3_4, 23.37,N
01/21/2024,21:00,HB_BUSAVG, 22.68,N
01/21/2024,21:00,HB_HOUSTON, 22.96,N
01/21/2024,21:00,HB_HUBAVG, 23.07,N
01/21/2024,21:00,HB_NORTH, 22.15,N
01/21/2024,21:00,HB_PAN, 8.24,N
01/21/2024,21:00,HB_SOUTH, 22.95,N
01/21/2024,21:00,HB_WEST, 24.24,N
01/21/2024,21:00,HELIOS_RN, 28.31,N
01/21/2024,21:00,HHGT_KENDAL, 21.54,N
01/21/2024,21:00,HHOLLW2_WND1, 21.68,N
01/21/2024,21:00,HHOLLW3_WND1, 21.68,N
01/21/2024,21:00,HHOLLW4_WND1, 21.68,N
01/21/2024,21:00,HICK_G1_G2, 24.97,N
01/21/2024,21:00,HI_LONEB_RN1, 26.56,N
01/21/2024,21:00,HI_LONE_ALL, 26.56,N
01/21/2024,21:00,HLSES_UNIT3, 22.02,N
01/21/2024,21:00,HLSES_UNIT4, 22.02,N
01/21/2024,21:00,HLSES_UNIT5, 22.02,N
01/21/2024,21:00,HMNG_ESS_RN, 21.85,N
01/21/2024,21:00,HOLCOMB_RN1, 25.91,N
01/21/2024,21:00,HOLSTEIN_ALL, 21.69,N
01/21/2024,21:00,HOL_ALL, 23.03,N
01/21/2024,21:00,HOPKNSLR_ALL, 22.05,N
01/21/2024,21:00,HORSCR_RN, 30.65,N
01/21/2024,21:00,HORSECRK_RN, 21.27,N
01/21/2024,21:00,HOUSEMTN_RN, 35.74,N
01/21/2024,21:00,HOVEY_GEN, 30.74,N
01/21/2024,21:00,HRBESS_BESS, 30.75,N
01/21/2024,21:00,HRFDWIND_ALL, 6.71,N
01/21/2024,21:00,HRZN_SLR_UN1, 27.07,N
01/21/2024,21:00,HWF_HWFG1, 21.66,N
01/21/2024,21:00,HYDR_ESS_RN, 29.53,N
01/21/2024,21:00,H_HOLLO_WND1, 21.68,N
01/21/2024,21:00,IMP_RN1, 22.02,N
01/21/2024,21:00,INDNENR_1_RN, 30.67,N
01/21/2024,21:00,INDNENR_2_RN, 30.64,N
01/21/2024,21:00,INDNNWP_RN, 30.66,N
01/21/2024,21:00,IND_INADALE1, 21.56,N
01/21/2024,21:00,INGLCOSW_CC1, 23.49,N
01/21/2024,21:00,INGLCOSW_STG, 23.49,N
01/21/2024,21:00,INGLCOS_CTG1, 23.49,N
01/21/2024,21:00,INGLCOS_CTG2, 23.49,N
01/21/2024,21:00,INGLCO_PUN1, 23.49,N
01/21/2024,21:00,INGLCO_PUN2, 23.49,N
01/21/2024,21:00,INGLCO_PUN3, 23.49,N
01/21/2024,21:00,INKS_INKS_G1, 30.21,N
01/21/2024,21:00,INRT_W_ALL, 21.32,N
01/21/2024,21:00,JACKCNTY_CC1, 21.89,N
01/21/2024,21:00,JACKCNTY_CT1, 21.89,N
01/21/2024,21:00,JACKCNTY_CT2, 21.89,N
01/21/2024,21:00,JACKCNTY_STG, 21.89,N
01/21/2024,21:00,JADE_SLR_ALL, 21.11,N
01/21/2024,21:00,JAY_RN_1, 23,N
01/21/2024,21:00,JCKCNTY2_CC1, 21.77,N
01/21/2024,21:00,JCKCNTY2_CT3, 21.77,N
01/21/2024,21:00,JCKCNTY2_CT4, 21.77,N
01/21/2024,21:00,JCKCNTY2_ST2, 21.77,N
01/21/2024,21:00,JC_BAT_RN, 23.93,N
01/21/2024,21:00,JDKNS_RN, 32.17,N
01/21/2024,21:00,JUNCTION_RN, 29.48,N
01/21/2024,21:00,JUNO_ALL, 21.79,N
01/21/2024,21:00,KARAKAW1_1, 23.45,N
01/21/2024,21:00,KARAKAW2_1, 23.45,N
01/21/2024,21:00,KEECHI_U1, 21.89,N
01/21/2024,21:00,KELAMSL_U1, 22.21,N
01/21/2024,21:00,KEO_KEO_SM1, 30.65,N
01/21/2024,21:00,KINGE_ALL, 30.62,N
01/21/2024,21:00,KINGW_ALL, 30.62,N
01/21/2024,21:00,KMCHI_CC1, 22,N
01/21/2024,21:00,KMCHI_CC2, 22,N
01/21/2024,21:00,LACY_CRK_ALL, 19.92,N
01/21/2024,21:00,LAMESASLR_G, -2.83,N
01/21/2024,21:00,LAPETUS_U1, 36.29,N
01/21/2024,21:00,LARDVFTN_G4, 23.67,N
01/21/2024,21:00,LARDVFTN_G5, 23.67,N
01/21/2024,21:00,LASSO_GEN, 35.74,N
01/21/2024,21:00,LBRA_BES1, 23.62,N
01/21/2024,21:00,LEG_LEG_G1, 22.52,N
01/21/2024,21:00,LEG_LEG_G2, 22.52,N
01/21/2024,21:00,LEONLCPCT1_2, 33.93,N
01/21/2024,21:00,LEONLCPCT3_4, 33.93,N
01/21/2024,21:00,LFSTH_RN, 22.22,N
01/21/2024,21:00,LGDRAW_S_ALL, 21.79,N
01/21/2024,21:00,LGD_LANGFORD, 22.06,N
01/21/2024,21:00,LGE_CC1, 23.49,N
01/21/2024,21:00,LGE_LGE_GT1, 23.49,N
01/21/2024,21:00,LGE_LGE_GT2, 23.49,N
01/21/2024,21:00,LGE_LGE_STG, 23.49,N
01/21/2024,21:00,LGE_PUN1, 23.49,N
01/21/2024,21:00,LGE_PUN2, 23.49,N
01/21/2024,21:00,LGW_UNIT_ALL, 22.19,N
01/21/2024,21:00,LHM_CVC_G4, 22.95,N
01/21/2024,21:00,LHM_PUN1, 22.95,N
01/21/2024,21:00,LHM_PUN2, 22.95,N
01/21/2024,21:00,LHORN_N_U1_2, 6.95,N
01/21/2024,21:00,LHSES_UNIT1, 22.08,N
01/21/2024,21:00,LHSES_UNIT2, 22.08,N
01/21/2024,21:00,LIG_RN, 22.95,N
01/21/2024,21:00,LILY_RN, 22.11,N
01/21/2024,21:00,LMAJADAS_ALL, 22.33,N
01/21/2024,21:00,LMO_ESR_RN, 22.74,N
01/21/2024,21:00,LNCRK_ALL, 21.65,N
01/21/2024,21:00,LONESTAR_RN, 31.69,N
01/21/2024,21:00,LONEWOLF_ALL, 21.8,N
01/21/2024,21:00,LON_RN1, 23.23,N
01/21/2024,21:00,LOSTPI_CC1, 23.4,N
01/21/2024,21:00,LOS_LOSTPGT1, 23.4,N
01/21/2024,21:00,LOS_LOSTPGT2, 23.4,N
01/21/2024,21:00,LOS_LOSTPST1, 23.4,N
01/21/2024,21:00,LPCCS_CC1, 22.01,N
01/21/2024,21:00,LPCCS_CC2, 22.01,N
01/21/2024,21:00,LPCCS_CT11, 22.01,N
01/21/2024,21:00,LPCCS_CT12, 22.01,N
01/21/2024,21:00,LPCCS_CT21, 22.01,N
01/21/2024,21:00,LPCCS_CT22, 22.01,N
01/21/2024,21:00,LPCCS_UNIT1, 22.01,N
01/21/2024,21:00,LPCCS_UNIT2, 22.01,N
01/21/2024,21:00,LV1A_LV1B, 22.34,N
01/21/2024,21:00,LV3_RN, 23.63,N
01/21/2024,21:00,LV3_UNIT1, 23.64,N
01/21/2024,21:00,LV4_UNIT_1, 23.64,N
01/21/2024,21:00,LV5_UNIT1, 22.47,N
01/21/2024,21:00,LZ_AEN, 23.52,N
01/21/2024,21:00,LZ_CPS, 28.9,N
01/21/2024,21:00,LZ_HOUSTON, 23.03,N
01/21/2024,21:00,LZ_LCRA, 24.11,N
01/21/2024,21:00,LZ_NORTH, 22.12,N
01/21/2024,21:00,LZ_RAYBN, 22.08,N
01/21/2024,21:00,LZ_SOUTH, 23.96,N
01/21/2024,21:00,LZ_WEST, 28.67,N
01/21/2024,21:00,L_FRE_ESR_RN, 22.31,N
01/21/2024,21:00,MADERO_RN, 22.38,N
01/21/2024,21:00,MAINLAND_RN, 23.02,N
01/21/2024,21:00,MARBFA, 24.11,N
01/21/2024,21:00,MARIAH_ALL, 6.71,N
01/21/2024,21:00,MAR_MARSFOG1, 23.55,N
01/21/2024,21:00,MAR_MARSFOG2, 23.55,N
01/21/2024,21:00,MAR_MARSFOG3, 23.55,N
01/21/2024,21:00,MASSENGL_CC1, 16.7,N
01/21/2024,21:00,MASSENGL_G6, 19.48,N
01/21/2024,21:00,MASSENGL_G7, 19.48,N
01/21/2024,21:00,MASSENGL_G8, 14.07,N
01/21/2024,21:00,MAVCRK_W_ALL, 21.73,N
01/21/2024,21:00,MCDLD_FCSBW1, 14.81,N
01/21/2024,21:00,MCLNSLR_RN, 28.18,N
01/21/2024,21:00,MCSES_UNIT6, 22.08,N
01/21/2024,21:00,MCSES_UNIT7, 22.08,N
01/21/2024,21:00,MCSES_UNIT8, 22.08,N
01/21/2024,21:00,MDANP_CT1_2, 22.11,N
01/21/2024,21:00,MDANP_CT3_4, 22.09,N
01/21/2024,21:00,MDANP_CT5_6, 22.11,N
01/21/2024,21:00,MERCURY_ALL, 22.26,N
01/21/2024,21:00,MESQCRK_ALL, 21.79,N
01/21/2024,21:00,MESTENO_RN, 23.64,N
01/21/2024,21:00,MGSES_CT123, 20.39,N
01/21/2024,21:00,MGSES_CT456, 20.39,N
01/21/2024,21:00,MIAM1_G1_G2, 7.16,N
01/21/2024,21:00,MIDWY_RN, 32.24,N
01/21/2024,21:00,MIL_MILG1_2, 21.96,N
01/21/2024,21:00,MIL_MILG345, 21.96,N
01/21/2024,21:00,MIRAGE_G1, 22.99,N
01/21/2024,21:00,MIRASOLE_GEN, 23.62,N
01/21/2024,21:00,MISAE_GEN_RN, 7.58,N
01/21/2024,21:00,MLSES_UNIT1, 22.18,N
01/21/2024,21:00,MLSES_UNIT2, 22.18,N
01/21/2024,21:00,MLSES_UNIT3, 22.18,N
01/21/2024,21:00,MNWL_BESS_RN, 21.91,N
01/21/2024,21:00,MOZART_WIND1, 19.47,N
01/21/2024,21:00,MUSTNGCK_ALL, 24.64,N
01/21/2024,21:00,MV_VALV4_RN, 22.37,N
01/21/2024,21:00,MWEC_G1, 20.8,N
01/21/2024,21:00,MYRY_ESR_RN, 22.39,N
01/21/2024,21:00,MYR_ALL, 23.29,N
01/21/2024,21:00,NACPW_UNIT1, 22.21,N
01/21/2024,21:00,NBOHR_RN, 19.76,N
01/21/2024,21:00,NCARBIDEG8, 23.39,N
01/21/2024,21:00,NCARBIDE_1_7, 23.39,N
01/21/2024,21:00,NCARBID_PUN1, 23.39,N
01/21/2024,21:00,NCARBID_PUN2, 23.39,N
01/21/2024,21:00,NCO_RN, 23.56,N
01/21/2024,21:00,NEBULA_RN, 22.36,N
01/21/2024,21:00,NEDIN_CC1, 18.33,N
01/21/2024,21:00,NED_NEDIN_G1, 22.37,N
01/21/2024,21:00,NED_NEDIN_G2, 18.37,N
01/21/2024,21:00,NED_NEDIN_G3, 14.38,N
01/21/2024,21:00,NF_BRP_RN, 23.42,N
01/21/2024,21:00,NOBLESLR_ALL, 21.85,N
01/21/2024,21:00,NOVA1SLR_ALL, 20.87,N
01/21/2024,21:00,NOVA2S_UNIT1, 20.87,N
01/21/2024,21:00,NUECES_B_CC1, 23.52,N
01/21/2024,21:00,NUE_NUECESG7, 23.52,N
01/21/2024,21:00,NUE_NUECESG8, 23.52,N
01/21/2024,21:00,NUE_NUECESG9, 23.52,N
01/21/2024,21:00,NWF_NWF1, 33.01,N
01/21/2024,21:00,N_AL_BESS_RN, 22.37,N
01/21/2024,21:00,N_MRD_ESR_RN, 22.36,N
01/21/2024,21:00,OBERON_U1, 32.24,N
01/21/2024,21:00,ODESW_RN, 32.37,N
01/21/2024,21:00,OECCS_1, 31.93,N
01/21/2024,21:00,OECCS_2, 31.93,N
01/21/2024,21:00,OECCS_CC1, 31.93,N
01/21/2024,21:00,OECCS_CC2, 31.93,N
01/21/2024,21:00,OGSES_1, 22.62,N
01/21/2024,21:00,OGSES_2, 22.62,N
01/21/2024,21:00,OLIN_OLING_1, 22.06,N
01/21/2024,21:00,OLIN_OLING_2, 22.06,N
01/21/2024,21:00,OLIN_OLING_3, 22.06,N
01/21/2024,21:00,OLIN_OLING_4, 22.06,N
01/21/2024,21:00,OLNEYTN_RN, 21.62,N
01/21/2024,21:00,OR_BESS_RN, 23.73,N
01/21/2024,21:00,OWF_OWF, 3.67,N
01/21/2024,21:00,OXY_OXY_CCG1, 23.53,N
01/21/2024,21:00,OXY_PUN1, 23.53,N
01/21/2024,21:00,OXY_PUN2, 23.53,N
01/21/2024,21:00,PALE_ESS_EN, 19.04,N
01/21/2024,21:00,PALMWI_UNIT1, 22.05,N
01/21/2024,21:00,PANDA_S_CC1, 21.99,N
01/21/2024,21:00,PANDA_S_CT1, 21.99,N
01/21/2024,21:00,PANDA_S_CT2, 21.99,N
01/21/2024,21:00,PANDA_S_ST1, 21.99,N
01/21/2024,21:00,PANDA_T1_CC1, 22.78,N
01/21/2024,21:00,PANDA_T1_CT1, 22.78,N
01/21/2024,21:00,PANDA_T1_CT2, 22.78,N
01/21/2024,21:00,PANDA_T1_ST1, 22.78,N
01/21/2024,21:00,PANDA_T2_CC1, 22.78,N
01/21/2024,21:00,PANDA_T2_CT1, 22.78,N
01/21/2024,21:00,PANDA_T2_CT2, 22.78,N
01/21/2024,21:00,PANDA_T2_ST1, 22.78,N
01/21/2024,21:00,PAP1_PAP1, 23.5,N
01/21/2024,21:00,PAULN_RN, 22.2,N
01/21/2024,21:00,PAVLOV_BT_RN, 32.87,N
01/21/2024,21:00,PAVO_ESS_ALL, 30.65,N
01/21/2024,21:00,PB2SES_CT1, 31.93,N
01/21/2024,21:00,PB2SES_CT2, 31.93,N
01/21/2024,21:00,PB2SES_CT3, 31.93,N
01/21/2024,21:00,PB2SES_CT4, 31.93,N
01/21/2024,21:00,PB2SES_CT5, 31.93,N
01/21/2024,21:00,PC_NORTH_1, 20.88,N
01/21/2024,21:00,PC_SOUTH_ALL, 20.88,N
01/21/2024,21:00,PEARSA_1_24, 27.07,N
01/21/2024,21:00,PENA_ALL, 23.55,N
01/21/2024,21:00,PES1_RN, 23.09,N
01/21/2024,21:00,PEY_RN, 23.22,N
01/21/2024,21:00,PH1_UNIT1_2, 7.08,N
01/21/2024,21:00,PH2_U1_U2, 7.08,N
01/21/2024,21:00,PHILLWND_ALL, 22.48,N
01/21/2024,21:00,PHOEBE_ALL, 32.18,N
01/21/2024,21:00,PHOENIX_RN, 22.01,N
01/21/2024,21:00,PHO_ALL, 23.05,N
01/21/2024,21:00,PIONR_DJ_RN, 31.23,N
01/21/2024,21:00,PISG_RN_ALL, 22.28,N
01/21/2024,21:00,PITSDD_UNIT1, 22.26,N
01/21/2024,21:00,PLN_ALL, 23.01,N
01/21/2024,21:00,PNPI_GT2_RN, 23.2,N
01/21/2024,21:00,PORTSL_UNIT1, 21.85,N
01/21/2024,21:00,POTSVIL_RN, 22.24,N
01/21/2024,21:00,PRID_RN, 22.24,N
01/21/2024,21:00,PROSPERO_ALL, 32.91,N
01/21/2024,21:00,PRO_RN, 23.09,N
01/21/2024,21:00,PRSPERO2_ALL, 32.91,N
01/21/2024,21:00,PR_PR_ALL, 22.97,N
01/21/2024,21:00,PR_PR_G2, 22.97,N
01/21/2024,21:00,PSA_CC1, 22.95,N
01/21/2024,21:00,PSA_PSA_G1, 22.95,N
01/21/2024,21:00,PSA_PSA_G2, 22.95,N
01/21/2024,21:00,PSA_PSA_G3, 22.95,N
01/21/2024,21:00,PSA_PSA_G4, 22.95,N
01/21/2024,21:00,PSA_PSA_G5, 22.95,N
01/21/2024,21:00,PSA_PSA_G6, 22.95,N
01/21/2024,21:00,PSA_PSA_G7, 22.95,N
01/21/2024,21:00,PSA_PUN1, 22.95,N
01/21/2024,21:00,PSA_PUN2, 22.95,N
01/21/2024,21:00,PSA_PUN3, 22.95,N
01/21/2024,21:00,PSA_PUN4, 22.95,N
01/21/2024,21:00,PSA_PUN5, 22.95,N
01/21/2024,21:00,PSG_CC1, 22.97,N
01/21/2024,21:00,PSG_PSG_GT2, 22.97,N
01/21/2024,21:00,PSG_PSG_GT3, 22.97,N
01/21/2024,21:00,PSG_PSG_ST1, 22.97,N
01/21/2024,21:00,PTLBES_BESS1, 23.4,N
01/21/2024,21:00,PYR_PYRON1, 21.56,N
01/21/2024,21:00,QALSW_ALL, 31.97,N
01/21/2024,21:00,QALSW_CC1, 31.97,N
01/21/2024,21:00,QALSW_CC2, 31.97,N
01/21/2024,21:00,QUEEN_BA_RN, 30.66,N
01/21/2024,21:00,QUEEN_SL_RN, 30.66,N
01/21/2024,21:00,RAB_G1-8, 23.01,N
01/21/2024,21:00,RADN_SLR_ALL, 21.93,N
01/21/2024,21:00,RAMBLER_UNIT, 21.55,N
01/21/2024,21:00,RANCHERO_ALL, 25.5,N
01/21/2024,21:00,RAT_RN_1, 20.86,N
01/21/2024,21:00,RAYBURN_CC1, 23.63,N
01/21/2024,21:00,RAYB_G78910, 23.63,N
01/21/2024,21:00,RBN_BESS1, 23.34,N
01/21/2024,21:00,RDCAN_RDCNY1, 20.59,N
01/21/2024,21:00,REDBARN_RN, 29.68,N
01/21/2024,21:00,REDFISH_ALL, 22.34,N
01/21/2024,21:00,REDGATE_ALL, 22.38,N
01/21/2024,21:00,REDGATE_RN, 22.38,N
01/21/2024,21:00,RELOJ_ALL, 23.69,N
01/21/2024,21:00,REROCK_ALL, 30.74,N
01/21/2024,21:00,RHESS2_ESS1, 23.24,N
01/21/2024,21:00,RIGGIN_UNIT1, 30.85,N
01/21/2024,21:00,RIOG_ESR_RN, 22.49,N
01/21/2024,21:00,RIONOG_CC1, 23.72,N
01/21/2024,21:00,RIONOG_CT1, 23.72,N
01/21/2024,21:00,RIONOG_CT2, 23.72,N
01/21/2024,21:00,RIONOG_CT3, 23.72,N
01/21/2024,21:00,RIONOG_ST1, 23.72,N
01/21/2024,21:00,RIPPEY_ALL, 21.93,N
01/21/2024,21:00,RN_APOGEE, 21.45,N
01/21/2024,21:00,RN_BYU_G8, 22.99,N
01/21/2024,21:00,RN_DEC_AGR_A, 21.93,N
01/21/2024,21:00,RN_DEC_AGR_B, 21.93,N
01/21/2024,21:00,RN_DEC_AGR_C, 21.93,N
01/21/2024,21:00,RN_DEC_AGR_D, 21.93,N
01/21/2024,21:00,RN_ECEC_HOLT, 33.76,N
01/21/2024,21:00,RN_OCI_ALAMO, 32.48,N
01/21/2024,21:00,RN_RTS1, 21.83,N
01/21/2024,21:00,RN_SR_WIND1, 22.31,N
01/21/2024,21:00,RN_TOSBATT, 6.73,N
01/21/2024,21:00,ROSELAND_ALL, 22.49,N
01/21/2024,21:00,ROUTE66_RN, 7,N
01/21/2024,21:00,ROW_ALL, 23.02,N
01/21/2024,21:00,RPUBRDS_RN, 22.73,N
01/21/2024,21:00,RRANCHES_ALL, 31.54,N
01/21/2024,21:00,RRC_WIND_ALL, 21.84,N
01/21/2024,21:00,RSK_RN, 19.76,N
01/21/2024,21:00,RTLSNAKE_BT, 31.61,N
01/21/2024,21:00,RUSSEKST_RN, 35.63,N
01/21/2024,21:00,RVRVLYS_ALL, 23.23,N
01/21/2024,21:00,SADLBACK_RN, 31.34,N
01/21/2024,21:00,SALVTION_GEN, 21.27,N
01/21/2024,21:00,SAMSON_ALL, 22.04,N
01/21/2024,21:00,SANDHSYD1_2, 23.52,N
01/21/2024,21:00,SANDHSYD3_4, 23.52,N
01/21/2024,21:00,SANDHSYD6_7, 23.52,N
01/21/2024,21:00,SANDHSYD_5AC, 23.52,N
01/21/2024,21:00,SANDHSYD_CC1, 23.52,N
01/21/2024,21:00,SANTACRU_ALL, 23.52,N
01/21/2024,21:00,SAN_SANMIGG1, 23.77,N
01/21/2024,21:00,SBEAN_BESS, 31.55,N
01/21/2024,21:00,SBE_RN_1, 24.21,N
01/21/2024,21:00,SC2SES_UNIT1, 22.21,N
01/21/2024,21:00,SCES_UNIT1, 22.49,N
01/21/2024,21:00,SCLP_PUN1, 23.55,N
01/21/2024,21:00,SCLP_PUN2, 23.55,N
01/21/2024,21:00,SCLP_PUN3, 23.55,N
01/21/2024,21:00,SCLP_PUN4, 23.55,N
01/21/2024,21:00,SCLP_SCLPC_1, 23.55,N
01/21/2024,21:00,SCLP_SCLPC_2, 23.55,N
01/21/2024,21:00,SCLP_SCLPC_3, 23.55,N
01/21/2024,21:00,SCLP_SCLPC_4, 23.55,N
01/21/2024,21:00,SCSES_UNIT2, 22.21,N
01/21/2024,21:00,SDSES_PUN1, 23.07,N
01/21/2024,21:00,SDSES_PUN3, 23.07,N
01/21/2024,21:00,SENATEWD_1, 21.71,N
01/21/2024,21:00,SGM_SIGNALMT, 19.22,N
01/21/2024,21:00,SGSA_DGR, 30.74,N
01/21/2024,21:00,SG_BES_BESS1, 30.85,N
01/21/2024,21:00,SHAFFER_ALL, 23.52,N
01/21/2024,21:00,SHAMROCK_RN, 25.22,N
01/21/2024,21:00,SHANNONW_RN, 21.6,N
01/21/2024,21:00,SHEEPCRK_1, 21.84,N
01/21/2024,21:00,SILASRAY_CC1, 22.64,N
01/21/2024,21:00,SIL_SILAS_10, 22.64,N
01/21/2024,21:00,SIL_SILAS_6, 22.64,N
01/21/2024,21:00,SIL_SILAS_9, 22.64,N
01/21/2024,21:00,SIRIUS_UNIT1, 30.66,N
01/21/2024,21:00,SJS_SJS_G1, 22.99,N
01/21/2024,21:00,SJS_SJS_G2, 22.99,N
01/21/2024,21:00,SKY1, 23.67,N
01/21/2024,21:00,SLCN_ESS_ALL, 23.3,N
01/21/2024,21:00,SLTFRK_UN1_2, 7.16,N
01/21/2024,21:00,SL_PUN1, 22.97,N
01/21/2024,21:00,SL_PUN2, 22.97,N
01/21/2024,21:00,SNY_BESS_RN, 20.15,N
01/21/2024,21:00,SOLARA_UNIT1, 21.16,N
01/21/2024,21:00,SPARTA_ALL, 23.38,N
01/21/2024,21:00,SPLAIN1_RN, 6.9,N
01/21/2024,21:00,SPLAIN2_RN, 6.9,N
01/21/2024,21:00,SPNC_SPNCE_4, 21.94,N
01/21/2024,21:00,SPNC_SPNCE_5, 21.94,N
01/21/2024,21:00,SPTX12B_RN, 30.62,N
01/21/2024,21:00,SROSA_ESR_RN, 22.35,N
01/21/2024,21:00,SRWE1_UNIT1, 21.79,N
01/21/2024,21:00,SSPURT_WIND1, 6.85,N
01/21/2024,21:00,STAM_SLR_ALL, 22.04,N
01/21/2024,21:00,STEAM_ENG123, 22.06,N
01/21/2024,21:00,STEA_STEAM_1, 22.06,N
01/21/2024,21:00,STEA_STEAM_2, 22.06,N
01/21/2024,21:00,STEA_STEAM_3, 22.06,N
01/21/2024,21:00,STELLA_RN, 23.55,N
01/21/2024,21:00,STP_STP_G1, 22.94,N
01/21/2024,21:00,STP_STP_G2, 22.94,N
01/21/2024,21:00,STRATEGC_RN, 22.19,N
01/21/2024,21:00,STWF_T1, 20.88,N
01/21/2024,21:00,SUNVASLR_ALL, 22.28,N
01/21/2024,21:00,SWEC_G1, 27.78,N
01/21/2024,21:00,SWEETWN2_2_4, 21.71,N
01/21/2024,21:00,SWEETWN3_3, 21.71,N
01/21/2024,21:00,SWEETWND_1, 21.71,N
01/21/2024,21:00,SWOOSE1_U1, 31.73,N
01/21/2024,21:00,SWOOSEII_RN, 31.73,N
01/21/2024,21:00,SWTWN4_WND45, 21.71,N
01/21/2024,21:00,SWT_BESS_RN, 20.64,N
01/21/2024,21:00,S_HILLS_RN, 21.57,N
01/21/2024,21:00,TAHOKA_ALL, 22.97,N
01/21/2024,21:00,TAV_RN, 23.75,N
01/21/2024,21:00,TAYGETE2_ALL, 31.07,N
01/21/2024,21:00,TAYGETE_ALL, 31.07,N
01/21/2024,21:00,TBWF_ES_BES1, 30.62,N
01/21/2024,21:00,TC_PUN1, 23,N
01/21/2024,21:00,TC_PUN2, 23,N
01/21/2024,21:00,TC_TCHP1, 23,N
01/21/2024,21:00,TEN_CC1, 22.06,N
01/21/2024,21:00,TEN_CT1_STG, 22.06,N
01/21/2024,21:00,TGCCS_ALL, 22.19,N
01/21/2024,21:00,TGCCS_CC1, 22.19,N
01/21/2024,21:00,TGF_TGFGT, 24.82,N
01/21/2024,21:00,TGS_GT01, 24.82,N
01/21/2024,21:00,TGW_T1_T2, 23.55,N
01/21/2024,21:00,THW_1_CCU, 22.94,N
01/21/2024,21:00,THW_2_CCU, 22.94,N
01/21/2024,21:00,THW_CC1, 22.94,N
01/21/2024,21:00,THW_CC2, 22.94,N
01/21/2024,21:00,THW_THWGT5X, 22.93,N
01/21/2024,21:00,THW_THWGT_1, 22.94,N
01/21/2024,21:00,TI_SOLAR_ALL, 31.51,N
01/21/2024,21:00,TKWSW_CHAMP, 21.56,N
01/21/2024,21:00,TKWSW_ROSCOE, 21.56,N
01/21/2024,21:00,TNP_TNP_O_1, 22.68,N
01/21/2024,21:00,TNP_TNP_O_2, 22.68,N
01/21/2024,21:00,TNSKA_CC1, 22.01,N
01/21/2024,21:00,TNSKA_CCU, 22.01,N
01/21/2024,21:00,TOPAZ_ALL, 23.01,N
01/21/2024,21:00,TORR_ALL, 23.72,N
01/21/2024,21:00,TORT_ESS_RN, 23.02,N
01/21/2024,21:00,TOYAH_RN, 30.74,N
01/21/2024,21:00,TREB_SOLAR1, 23.1,N
01/21/2024,21:00,TRENT_TRENT, 20.88,N
01/21/2024,21:00,TRINITY_ALL, 21.6,N
01/21/2024,21:00,TRIPBUT1_RN, 35.18,N
01/21/2024,21:00,TRSES_UNIT6, 22.22,N
01/21/2024,21:00,TRUENO_ALL, 22.34,N
01/21/2024,21:00,TRUSGILL_RN, 21.23,N
01/21/2024,21:00,TTRSW_RN, 22.04,N
01/21/2024,21:00,TTWEC_G1, 21.23,N
01/21/2024,21:00,TURQ_BESS1, 22.06,N
01/21/2024,21:00,TV_RN, 23.23,N
01/21/2024,21:00,TXCTY_CC1, 23.01,N
01/21/2024,21:00,TXCTY_CTA, 23.01,N
01/21/2024,21:00,TXCTY_CTB, 23.01,N
01/21/2024,21:00,TXCTY_CTC, 23.01,N
01/21/2024,21:00,TXCTY_ST, 23.01,N
01/21/2024,21:00,TYLRWIND_RN, 21.9,N
01/21/2024,21:00,T_CK_GT2_RN, 26.35,N
01/21/2024,21:00,T_CK_GT3_RN, 26.35,N
01/21/2024,21:00,UCC_COG_PUN2, 23.01,N
01/21/2024,21:00,UCC_UCC_C_2, 23.01,N
01/21/2024,21:00,VANCOURT_RN, 22.36,N
01/21/2024,21:00,VENADO_ALL, 25.63,N
01/21/2024,21:00,VERAWIND_ALL, 21.23,N
01/21/2024,21:00,VERTIGO_UN1, 21.37,N
01/21/2024,21:00,VICTORIA_CC1, 23.57,N
01/21/2024,21:00,VICTPORT_RN, 23.5,N
01/21/2024,21:00,VIC_VICTORG5, 23.57,N
01/21/2024,21:00,VIC_VICTORG6, 23.57,N
01/21/2024,21:00,VISION_RN, 22.23,N
01/21/2024,21:00,VLSES_UNIT3, 22,N
01/21/2024,21:00,VORT_ALL_RN, 21.45,N
01/21/2024,21:00,WAKEWE_ALL, 20.57,N
01/21/2024,21:00,WAP_WAPGT_1, 23.2,N
01/21/2024,21:00,WAP_WAP_G1, 23.2,N
01/21/2024,21:00,WAP_WAP_G2, 23.2,N
01/21/2024,21:00,WAP_WAP_G3, 23.23,N
01/21/2024,21:00,WAP_WAP_G4, 23.23,N
01/21/2024,21:00,WAP_WAP_G5, 23.2,N
01/21/2024,21:00,WAP_WAP_G6, 22.99,N
01/21/2024,21:00,WAP_WAP_G7, 22.99,N
01/21/2024,21:00,WAP_WAP_G8, 23.01,N
01/21/2024,21:00,WAYMARK_RN, 29.68,N
01/21/2024,21:00,WCPP_CC1, 21.78,N
01/21/2024,21:00,WCPP_CT1, 21.78,N
01/21/2024,21:00,WCPP_CT2, 21.78,N
01/21/2024,21:00,WCPP_ST1, 21.78,N
01/21/2024,21:00,WEBBER_WS_T1, 23.42,N
01/21/2024,21:00,WEC_WECG1, 21.14,N
01/21/2024,21:00,WES_ALL, 23.54,N
01/21/2024,21:00,WFCOGEN_13, 21.49,N
01/21/2024,21:00,WFCOGEN_24, 21.49,N
01/21/2024,21:00,WFCOGEN_CC1, 21.49,N
01/21/2024,21:00,WFTANK_ESS1, 23.71,N
01/21/2024,21:00,WGU_RN, 23.46,N
01/21/2024,21:00,WHCCS2_4, 21.99,N
01/21/2024,21:00,WHCCS2_5_6, 21.99,N
01/21/2024,21:00,WHCCS2_CC2, 21.99,N
01/21/2024,21:00,WHCCS_CC1, 21.98,N
01/21/2024,21:00,WHCCS_CT1_ST, 21.98,N
01/21/2024,21:00,WHCCS_CT2, 21.98,N
01/21/2024,21:00,WHITE_PT_UN1, 23.49,N
01/21/2024,21:00,WHMESA_U1, 24.97,N
01/21/2024,21:00,WHTTAIL_WR1, 21.89,N
01/21/2024,21:00,WH_WIND_ALL, 21.44,N
01/21/2024,21:00,WILDWIND_ALL, 21.87,N
01/21/2024,21:00,WIPOPA_1_2, 23.46,N
01/21/2024,21:00,WIPOPA_3_4, 23.46,N
01/21/2024,21:00,WIR_WIRTZ_G1, 24.03,N
01/21/2024,21:00,WIR_WIRTZ_G2, 24.03,N
01/21/2024,21:00,WLTC_ESR_RN, 23.52,N
01/21/2024,21:00,WL_RANCH_RN, 23,N
01/21/2024,21:00,WNDTS2_UNIT1, 21.64,N
01/21/2024,21:00,WND_WHITNEY, 22.36,N
01/21/2024,21:00,WOODWRD1_RN, 30.66,N
01/21/2024,21:00,WOODWRD2_RN, 30.66,N
01/21/2024,21:00,WOV_BESS_RN, 32.59,N
01/21/2024,21:00,WRSBES_BESS1, 31.54,N
01/21/2024,21:00,W_HRL_ESR_RN, 22.35,N
01/21/2024,21:00,W_PECO_UNIT1, 31.57,N
01/21/2024,21:00,X443ESRN, 36.49,N
01/21/2024,21:00,YNG_WND_ALL, 21.54,N
01/21/2024,21:00,ZIER_SLR_ALL, 31.97,N
01/21/2024,22:00,7RNCHSLR_ALL, 21.86,N
01/21/2024,22:00,AEEC, 16.8,N
01/21/2024,22:00,AGUAYO_UNIT1, 19.95,N
01/21/2024,22:00,AJAXWIND_RN, 19.2,N
01/21/2024,22:00,ALGOD_ALL_RN, 21.95,N
01/21/2024,22:00,ALVIN_RN, 21.44,N
01/21/2024,22:00,AMADEUS_ALL, 19.14,N
01/21/2024,22:00,AMISTAD_ALL, 34.01,N
01/21/2024,22:00,AMOCOOIL_CC1, 21.43,N
01/21/2024,22:00,AMOCOOIL_CC2, 21.43,N
01/21/2024,22:00,AMOCO_PUN1, 21.43,N
01/21/2024,22:00,AMOCO_PUN2, 21.43,N
01/21/2024,22:00,AMO_AMOCO_1, 21.43,N
01/21/2024,22:00,AMO_AMOCO_2, 21.43,N
01/21/2024,22:00,AMO_AMOCO_5, 21.43,N
01/21/2024,22:00,AMO_AMOCO_G1, 21.43,N
01/21/2024,22:00,AMO_AMOCO_G2, 21.43,N
01/21/2024,22:00,AMO_AMOCO_G3, 21.43,N
01/21/2024,22:00,AMO_AMOCO_S1, 21.43,N
01/21/2024,22:00,AMO_AMOCO_S2, 21.43,N
01/21/2024,22:00,ANACACHO_ANA, 29.89,N
01/21/2024,22:00,ANCHOR_ALL, 19.58,N
01/21/2024,22:00,ANDMDSLR_ALL, 19.1,N
01/21/2024,22:00,ANEM_ESS_RN, 22.11,N
01/21/2024,22:00,ANG_ALL, 19.3,N
01/21/2024,22:00,ANSON1_ALL, 19.36,N
01/21/2024,22:00,APPALOSA_ALL, 27.71,N
01/21/2024,22:00,AQUI_ALL, 20.77,N
01/21/2024,22:00,ARAGORN_RN, 27.42,N
01/21/2024,22:00,ASTRA_RN, 6.82,N
01/21/2024,22:00,ATK_ATKINSG7, 21.15,N
01/21/2024,22:00,AURO_SLR_RN, 21.15,N
01/21/2024,22:00,AUSTPL_ALL, 21.75,N
01/21/2024,22:00,AVIAT_ALL, 19.21,N
01/21/2024,22:00,AZURE_RN, 19.21,N
01/21/2024,22:00,AZ_ALL, 21.38,N
01/21/2024,22:00,BAC_RN_ALL, 21.42,N
01/21/2024,22:00,BAFFIN_ALL, 22.03,N
01/21/2024,22:00,BAIRDWND_ALL, 19.45,N
01/21/2024,22:00,BARROW_ALL, 29.28,N
01/21/2024,22:00,BASTEN_CC1, 21.72,N
01/21/2024,22:00,BASTEN_CCU, 21.72,N
01/21/2024,22:00,BATCAVE_RN, 26.56,N
01/21/2024,22:00,BAYC_BESS_RN, 25.8,N
01/21/2024,22:00,BBREEZE_1_2, 22.08,N
01/21/2024,22:00,BCATWD_WD_1, 19.43,N
01/21/2024,22:00,BCH_RN, 21.66,N
01/21/2024,22:00,BCK_RN, 21.44,N
01/21/2024,22:00,BELM_SLR_RN, 21.14,N
01/21/2024,22:00,BIGSTAR_ALL, 21.73,N
01/21/2024,22:00,BLACKJAK_RN, 21.99,N
01/21/2024,22:00,BLSMT1_5_A_6, 18.96,N
01/21/2024,22:00,BLUEJAY_RN, 21.15,N
01/21/2024,22:00,BOARDCRK_ALL, 20.79,N
01/21/2024,22:00,BOOTLEG_UN1, 26.01,N
01/21/2024,22:00,BORDAS_345, 22.2,N
01/21/2024,22:00,BOSQUESW_CC1, 20.84,N
01/21/2024,22:00,BOSQUESW_CC2, 20.89,N
01/21/2024,22:00,BOSQ_BSQSU_5, 20.89,N
01/21/2024,22:00,BOSQ_BSQS_12, 20.89,N
01/21/2024,22:00,BOSQ_BSQS_34, 20.84,N
01/21/2024,22:00,BRANDON_RN, 18.58,N
01/21/2024,22:00,BRAUNIG_CC1, 19.94,N
01/21/2024,22:00,BRAUNIG_VHB1, 28.08,N
01/21/2024,22:00,BRAUNIG_VHB2, 28.08,N
01/21/2024,22:00,BRAUNIG_VHB3, 29.64,N
01/21/2024,22:00,BRAZ_WND_ALL, 18.47,N
01/21/2024,22:00,BRA_AVR1_CT2, 19.94,N
01/21/2024,22:00,BRA_AVR_CST1, 19.94,N
01/21/2024,22:00,BRHEIGHT_RN, 21.43,N
01/21/2024,22:00,BRIGHTSD_RN, 22.59,N
01/21/2024,22:00,BRIGHTSD_U1, 22.63,N
01/21/2024,22:00,BRISCOE_WIND, 7.04,N
01/21/2024,22:00,BRPANGLE_RN, 21.85,N
01/21/2024,22:00,BRPMAGNO_RN, 21.43,N
01/21/2024,22:00,BRP_BRAZ_RN, 21.87,N
01/21/2024,22:00,BRP_DIKN_RN, 21.43,N
01/21/2024,22:00,BRP_LOOP_RN, 22.03,N
01/21/2024,22:00,BRP_LOP1_RN, 23.91,N
01/21/2024,22:00,BRP_PBL1_RN, 51.02,N
01/21/2024,22:00,BRP_PBL2_RN, 51.01,N
01/21/2024,22:00,BRP_RN_UNIT1, 25.38,N
01/21/2024,22:00,BRP_SEMI_RN, 21.43,N
01/21/2024,22:00,BRP_SWNY_RN, 21.88,N
01/21/2024,22:00,BRP_ZPT1_RN, 24.03,N
01/21/2024,22:00,BRP_ZPT2_RN, 24.03,N
01/21/2024,22:00,BRTSW_BCW1, 20,N
01/21/2024,22:00,BR_ARROW_ALL, 20.59,N
01/21/2024,22:00,BR_VHB6CT5_6, 28.08,N
01/21/2024,22:00,BR_VHB6CT7_8, 28.08,N
01/21/2024,22:00,BSS_U1, 21.89,N
01/21/2024,22:00,BTE_BTE_G1, 21.37,N
01/21/2024,22:00,BTE_BTE_G2, 21.37,N
01/21/2024,22:00,BTE_BTE_G3, 21.37,N
01/21/2024,22:00,BTE_BTE_G4, 21.37,N
01/21/2024,22:00,BTE_CC1, 21.37,N
01/21/2024,22:00,BTE_PUN1, 21.37,N
01/21/2024,22:00,BTE_PUN2, 21.37,N
01/21/2024,22:00,BTM_ALL, 21.63,N
01/21/2024,22:00,BUCHAN_ALL, 22.37,N
01/21/2024,22:00,BUCKTHRN_RN, 20.3,N
01/21/2024,22:00,BUFF_GAP_ALL, 19.42,N
01/21/2024,22:00,BULLCRK_1_2, 17.55,N
01/21/2024,22:00,BVE_CC1, 21.42,N
01/21/2024,22:00,BVE_UNIT1, 21.42,N
01/21/2024,22:00,BVE_UNIT2, 21.42,N
01/21/2024,22:00,BVE_UNIT3, 21.42,N
01/21/2024,22:00,BYRDR_ES_ALL, 21.88,N
01/21/2024,22:00,BYU_BYU_1, 21.41,N
01/21/2024,22:00,BYU_BYU_12, 21.41,N
01/21/2024,22:00,BYU_BYU_34, 21.41,N
01/21/2024,22:00,BYU_BYU_G8, 21.41,N
01/21/2024,22:00,BYU_CC1, 21.41,N
01/21/2024,22:00,BYU_G4_RN, 21.41,N
01/21/2024,22:00,BYU_PUN1, 21.41,N
01/21/2024,22:00,BYU_PUN2, 21.41,N
01/21/2024,22:00,BYU_PUN3, 21.41,N
01/21/2024,22:00,BYU_PUN4, 21.41,N
01/21/2024,22:00,B_DAVIS_3, 21.99,N
01/21/2024,22:00,B_DAVIS_4, 21.99,N
01/21/2024,22:00,B_DAVIS_CC1, 21.99,N
01/21/2024,22:00,B_D_B_DAVIG1, 21.99,N
01/21/2024,22:00,B_D_B_DAVIG2, 21.99,N
01/21/2024,22:00,CABEZON_ALL, 22.15,N
01/21/2024,22:00,CALAVER_JKS1, 20.93,N
01/21/2024,22:00,CALAVER_JKS2, 20.93,N
01/21/2024,22:00,CALAVER_JTD1, 27.89,N
01/21/2024,22:00,CALAVER_JTD2, 27.89,N
01/21/2024,22:00,CALAVER_OWS1, 28.45,N
01/21/2024,22:00,CALAVER_OWS2, 28.45,N
01/21/2024,22:00,CALHOUN_ALL, 21.59,N
01/21/2024,22:00,CALLAHA_WND1, 19.01,N
01/21/2024,22:00,CAL_CALGT1, 21.39,N
01/21/2024,22:00,CAL_CALSTG1, 21.39,N
01/21/2024,22:00,CAL_CC1, 21.39,N
01/21/2024,22:00,CAL_PUN1, 21.39,N
01/21/2024,22:00,CAL_PUN2, 21.39,N
01/21/2024,22:00,CAMWIND_RN, 18.04,N
01/21/2024,22:00,CANYONWD_ALL, 19.32,N
01/21/2024,22:00,CAPRIDG4_CR4, 19.21,N
01/21/2024,22:00,CAPRIDGE_ALL, 19.21,N
01/21/2024,22:00,CARBN_BSP_1, 16.48,N
01/21/2024,22:00,CASL_GAP_UN1, 26.7,N
01/21/2024,22:00,CATARINA_B1, 30.58,N
01/21/2024,22:00,CBECII_89, 21.46,N
01/21/2024,22:00,CBECII_CC3, 21.46,N
01/21/2024,22:00,CBECII_CT7, 21.46,N
01/21/2024,22:00,CBEC_ALL, 23.02,N
01/21/2024,22:00,CBEC_CC1, 23.02,N
01/21/2024,22:00,CBEC_CC2, 23.02,N
01/21/2024,22:00,CBY4_ALL, 21.37,N
01/21/2024,22:00,CBY4_CC1, 21.37,N
01/21/2024,22:00,CBY_CBY_G1, 21.38,N
01/21/2024,22:00,CBY_CBY_G2, 21.38,N
01/21/2024,22:00,CCEC_CC1, 21.99,N
01/21/2024,22:00,CCEC_GT1, 21.99,N
01/21/2024,22:00,CCEC_GT2, 21.99,N
01/21/2024,22:00,CCEC_PUN1, 21.99,N
01/21/2024,22:00,CCEC_PUN2, 21.99,N
01/21/2024,22:00,CCEC_ST1, 21.99,N
01/21/2024,22:00,CEDROHI_CHW1, 22.26,N
01/21/2024,22:00,CEDRVALE_RN, 27.33,N
01/21/2024,22:00,CFLATS_UNIT, 12.49,N
01/21/2024,22:00,CHALUP_ALL, 19.31,N
01/21/2024,22:00,CHAL_SLR_RN, 27.45,N
01/21/2024,22:00,CHAMON_UN1, 21.37,N
01/21/2024,22:00,CHAMON_UN2, 21.37,N
01/21/2024,22:00,CHEDPW_GT2, 21.35,N
01/21/2024,22:00,CHE_CC1, 21.36,N
01/21/2024,22:00,CHE_LYD, 21.37,N
01/21/2024,22:00,CHE_LYD2, 21.37,N
01/21/2024,22:00,CHE_PUN1, 21.37,N
01/21/2024,22:00,CHE_PUN2, 21.37,N
01/21/2024,22:00,CHISMGRD_RN, 20.48,N
01/21/2024,22:00,CISC_RN, 19.68,N
01/21/2024,22:00,CITYVICT_ALL, 22.01,N
01/21/2024,22:00,CN_BRKS_UNT1, 6.89,N
01/21/2024,22:00,COL_COLETOG1, 22.1,N
01/21/2024,22:00,CONIGLIO_RN, 20.56,N
01/21/2024,22:00,CONTINEN_RN, 19.48,N
01/21/2024,22:00,CORALSLR_ALL, 20.97,N
01/21/2024,22:00,CORAZON_RN, 22.22,N
01/21/2024,22:00,COTPLNS_RN, 7,N
01/21/2024,22:00,COTTON_PAP2, 21.97,N
01/21/2024,22:00,COYOTSPR_RN, 27.33,N
01/21/2024,22:00,CPSES_UNIT1, 20.55,N
01/21/2024,22:00,CPSES_UNIT2, 20.55,N
01/21/2024,22:00,CRANELL_ALL, 21.99,N
01/21/2024,22:00,CROSSETT_ALL, 26.73,N
01/21/2024,22:00,CRWN_SLR_UN1, 21.04,N
01/21/2024,22:00,CSC_CSECG1_2, 18.54,N
01/21/2024,22:00,CVC_CC1, 21.35,N
01/21/2024,22:00,CVC_CVCG1_5, 21.35,N
01/21/2024,22:00,CVC_CVC_G2, 21.35,N
01/21/2024,22:00,CVC_CVC_G3, 21.35,N
01/21/2024,22:00,DAG_ALL, 22.16,N
01/21/2024,22:00,DANSBY_ALL, 21.15,N
01/21/2024,22:00,DAN_ALL, 21.43,N
01/21/2024,22:00,DA_BESS, 21.84,N
01/21/2024,22:00,DC2SES_ALL, 20.49,N
01/21/2024,22:00,DC_E, 20.58,N
01/21/2024,22:00,DC_L, 22.19,N
01/21/2024,22:00,DC_N, 19.1,N
01/21/2024,22:00,DC_R, 19.37,N
01/21/2024,22:00,DDPEC_CC1, 21.39,N
01/21/2024,22:00,DDPEC_GT1, 21.39,N
01/21/2024,22:00,DDPEC_GT2, 21.39,N
01/21/2024,22:00,DDPEC_GT3, 21.39,N
01/21/2024,22:00,DDPEC_GT4, 21.39,N
01/21/2024,22:00,DDPEC_GT6, 21.39,N
01/21/2024,22:00,DDPEC_ST1, 21.39,N
01/21/2024,22:00,DECKER_DPG2, 21.73,N
01/21/2024,22:00,DECKER_GT, 21.73,N
01/21/2024,22:00,DENISON_G1_2, 20.54,N
01/21/2024,22:00,DERMOTT_ALL, 19.04,N
01/21/2024,22:00,DIBOL_RN, 20.74,N
01/21/2024,22:00,DIB_CC1, 21.39,N
01/21/2024,22:00,DIB_DIB_G1, 21.39,N
01/21/2024,22:00,DIB_DIB_G2, 21.39,N
01/21/2024,22:00,DIB_DIB_G3, 21.39,N
01/21/2024,22:00,DIB_DIB_G4, 21.39,N
01/21/2024,22:00,DIB_PUN1, 21.39,N
01/21/2024,22:00,DIB_PUN2, 21.39,N
01/21/2024,22:00,DILEOS_UNIT1, 20.8,N
01/21/2024,22:00,DKNS_ESS_RN, 18.5,N
01/21/2024,22:00,DOWGEN_PUN1, 21.53,N
01/21/2024,22:00,DOWGEN_PUN2, 21.53,N
01/21/2024,22:00,DOWGEN_PUN3, 21.53,N
01/21/2024,22:00,DOW_61_2_63, 21.53,N
01/21/2024,22:00,DOW_64, 21.53,N
01/21/2024,22:00,DOW_81_2_84, 21.53,N
01/21/2024,22:00,DOW_G37_G35, 21.53,N
01/21/2024,22:00,DOW_G66_ST65, 21.53,N
01/21/2024,22:00,DOW_G67, 21.53,N
01/21/2024,22:00,DOW_G96_ST95, 21.53,N
01/21/2024,22:00,DUKE_CC1, 19.36,N
01/21/2024,22:00,DUKE_GST1CCU, 19.36,N
01/21/2024,22:00,DUKE_GT2_CCU, 19.36,N
01/21/2024,22:00,DUP_PUN1, 21.95,N
01/21/2024,22:00,DUP_PUN2, 21.95,N
01/21/2024,22:00,DUP_PUN3, 21.95,N
01/21/2024,22:00,DUP_PUN4, 21.95,N
01/21/2024,22:00,EBELLS_UNIT1, 21.15,N
01/21/2024,22:00,EBNY_ESS_RN, 24.14,N
01/21/2024,22:00,ECLIPSE_UN1, 31.06,N
01/21/2024,22:00,EIFSLR_UNIT1, 20.57,N
01/21/2024,22:00,ELB_ELBCREEK, 18.73,N
01/21/2024,22:00,ELECTRAW_1_2, 19.1,N
01/21/2024,22:00,ELSAUZ_ALL, 22.08,N
01/21/2024,22:00,ELSA_ESR_RN, 19.35,N
01/21/2024,22:00,ELS_RN_1, 20.63,N
01/21/2024,22:00,EL_RAYO_ALL, 19.31,N
01/21/2024,22:00,ENDPARK_ESS1, 18.87,N
01/21/2024,22:00,ERSL_RN, 25.62,N
01/21/2024,22:00,ESTONIAN_ALL, 20.57,N
01/21/2024,22:00,ETCCS_CC1, 20.67,N
01/21/2024,22:00,ETCCS_CCU, 20.67,N
01/21/2024,22:00,EUNICE_ALL, 28.14,N
01/21/2024,22:00,EXGNSND_RN, 24.03,N
01/21/2024,22:00,EXGNWTL_1, 22.26,N
01/21/2024,22:00,EXN_14, 21.38,N
01/21/2024,22:00,EXN_1_3, 21.38,N
01/21/2024,22:00,EXN_4, 21.38,N
01/21/2024,22:00,EXN_8, 21.38,N
01/21/2024,22:00,EXN_9_13, 21.38,N
01/21/2024,22:00,EXN_PUN1, 21.38,N
01/21/2024,22:00,EXN_PUN2, 21.38,N
01/21/2024,22:00,EXN_PUN3, 21.38,N
01/21/2024,22:00,E_BLACK_RN, 21.58,N
01/21/2024,22:00,FALFUR_RN, 22.16,N
01/21/2024,22:00,FAL_FALCONG1, 23.85,N
01/21/2024,22:00,FAL_FALCONG2, 23.85,N
01/21/2024,22:00,FAL_FALCONG3, 23.85,N
01/21/2024,22:00,FAULKNER_RN, 27.33,N
01/21/2024,22:00,FEGC_RN, 21.49,N
01/21/2024,22:00,FENCESLR_ALL, 20.74,N
01/21/2024,22:00,FERGCC_CC1, 22.84,N
01/21/2024,22:00,FERGCC_GT1_1, 22.84,N
01/21/2024,22:00,FERGCC_GT2_3, 22.84,N
01/21/2024,22:00,FERGCC_ST1_5, 22.84,N
01/21/2024,22:00,FERMI_ALL, 10.85,N
01/21/2024,22:00,FILESSLR_PV1, 20.71,N
01/21/2024,22:00,FIVEWSLR_ALL, 21.21,N
01/21/2024,22:00,FLCNS_CC1, 22.83,N
01/21/2024,22:00,FLCNS_UNIT1, 22.83,N
01/21/2024,22:00,FLCNS_UNIT2, 22.83,N
01/21/2024,22:00,FLCNS_UNIT3, 22.83,N
01/21/2024,22:00,FLOWERII_RN, 27.16,N
01/21/2024,22:00,FLTBES1, 27.16,N
01/21/2024,22:00,FLTCK_SSI, 20.06,N
01/21/2024,22:00,FLUVANNA_1_2, 18.87,N
01/21/2024,22:00,FLVABES1_ESR, 27.16,N
01/21/2024,22:00,FOARDCTY_ALL, 18.94,N
01/21/2024,22:00,FORMOSA_CC1, 21.54,N
01/21/2024,22:00,FORMOSA_CC2, 21.54,N
01/21/2024,22:00,FORMOSA_PUN1, 21.54,N
01/21/2024,22:00,FORMOSA_PUN2, 21.54,N
01/21/2024,22:00,FOXTROT_ALL, 21.88,N
01/21/2024,22:00,FO_FORMOSA11, 21.54,N
01/21/2024,22:00,FO_FORMOSA12, 21.54,N
01/21/2024,22:00,FO_FORMOSG1, 21.54,N
01/21/2024,22:00,FO_FORMOSG10, 21.54,N
01/21/2024,22:00,FO_FORMOSG13, 21.54,N
01/21/2024,22:00,FO_FORMOSG14, 21.54,N
01/21/2024,22:00,FO_FORMOSG15, 21.54,N
01/21/2024,22:00,FO_FORMOSG2, 21.54,N
01/21/2024,22:00,FO_FORMOSG3, 21.54,N
01/21/2024,22:00,FO_FORMOSG4, 21.54,N
01/21/2024,22:00,FO_FORMOSG5, 21.54,N
01/21/2024,22:00,FO_FORMOSG6, 21.54,N
01/21/2024,22:00,FO_FORMOSG7, 21.54,N
01/21/2024,22:00,FO_FORMOSG8, 21.54,N
01/21/2024,22:00,FO_FORMOSG9, 21.54,N
01/21/2024,22:00,FPPYD_FPP_G1, 21.7,N
01/21/2024,22:00,FPPYD_FPP_G2, 21.7,N
01/21/2024,22:00,FPPYD_FPP_G3, 21.7,N
01/21/2024,22:00,FREC_1_CCU, 20.8,N
01/21/2024,22:00,FREC_2_CCU, 20.81,N
01/21/2024,22:00,FREC_CC1, 20.8,N
01/21/2024,22:00,FREC_CC2, 20.81,N
01/21/2024,22:00,FRMRSVLW_RN, 20.59,N
01/21/2024,22:00,FRNYPP_1_CCU, 20.63,N
01/21/2024,22:00,FRNYPP_2_CCU, 20.63,N
01/21/2024,22:00,FRNYPP_CC1, 20.63,N
01/21/2024,22:00,FRNYPP_CC2, 20.63,N
01/21/2024,22:00,FRONT_EC_CC1, 19.38,N
01/21/2024,22:00,FRONT_EC_RN1, 19.38,N
01/21/2024,22:00,FRONT_EC_RN2, 19.38,N
01/21/2024,22:00,FRONT_EC_RN3, 19.38,N
01/21/2024,22:00,FRYE_SLR_ALL, 6.95,N
01/21/2024,22:00,FTR_CC1, 21.19,N
01/21/2024,22:00,FTR_FTR_G1_4, 21.19,N
01/21/2024,22:00,FTWIND_UNIT1, 19.74,N
01/21/2024,22:00,FWLR_SLR_1, 26.73,N
01/21/2024,22:00,GALO_RN1, 19.43,N
01/21/2024,22:00,GAMBIT_RN, 21.85,N
01/21/2024,22:00,GARC_BESS_RN, 19.5,N
01/21/2024,22:00,GBY_GT, 21.38,N
01/21/2024,22:00,GID_GIDEONG1, 21.73,N
01/21/2024,22:00,GID_GIDEONG2, 21.73,N
01/21/2024,22:00,GID_GIDEONG3, 21.73,N
01/21/2024,22:00,GIGA_ESS_RN, 21.67,N
01/21/2024,22:00,GOA_GOATWIND, 19.27,N
01/21/2024,22:00,GOLINDA_UN1, 21.04,N
01/21/2024,22:00,GOMZ_RN, 26.79,N
01/21/2024,22:00,GOODNIT1_ALL, 7.07,N
01/21/2024,22:00,GPASTURE_ALL, 19.18,N
01/21/2024,22:00,GRANDVW1_A_B, 7.08,N
01/21/2024,22:00,GRDNE_ESR_RN, 17.39,N
01/21/2024,22:00,GREASWOD_ALL, 26.13,N
01/21/2024,22:00,GRIF_TRL_RN, 19.04,N
01/21/2024,22:00,GRSES_UNIT1, 19.5,N
01/21/2024,22:00,GRSES_UNIT2, 19.46,N
01/21/2024,22:00,GUADG_CC1, 22,N
01/21/2024,22:00,GUADG_CC2, 22,N
01/21/2024,22:00,GUADG_CCU1, 22,N
01/21/2024,22:00,GUADG_CCU2, 22,N
01/21/2024,22:00,GUNMTN_NODE, 16,N
01/21/2024,22:00,GWEC_G1, 21.16,N
01/21/2024,22:00,HALO_RN1, 21.19,N
01/21/2024,22:00,HAMI_BESS_RN, 34.01,N
01/21/2024,22:00,HAYSEN1_2, 21.89,N
01/21/2024,22:00,HAYSEN3_4, 21.89,N
01/21/2024,22:00,HB_BUSAVG, 21.01,N
01/21/2024,22:00,HB_HOUSTON, 21.37,N
01/21/2024,22:00,HB_HUBAVG, 21.23,N
01/21/2024,22:00,HB_NORTH, 20.66,N
01/21/2024,22:00,HB_PAN, 8.13,N
01/21/2024,22:00,HB_SOUTH, 21.35,N
01/21/2024,22:00,HB_WEST, 21.51,N
01/21/2024,22:00,HELIOS_RN, 27.2,N
01/21/2024,22:00,HHGT_KENDAL, 21.18,N
01/21/2024,22:00,HHOLLW2_WND1, 19.42,N
01/21/2024,22:00,HHOLLW3_WND1, 19.42,N
01/21/2024,22:00,HHOLLW4_WND1, 19.42,N
01/21/2024,22:00,HICK_G1_G2, 22.16,N
01/21/2024,22:00,HI_LONEB_RN1, 23.38,N
01/21/2024,22:00,HI_LONE_ALL, 23.38,N
01/21/2024,22:00,HLSES_UNIT3, 20.57,N
01/21/2024,22:00,HLSES_UNIT4, 20.57,N
01/21/2024,22:00,HLSES_UNIT5, 20.57,N
01/21/2024,22:00,HMNG_ESS_RN, 20.44,N
01/21/2024,22:00,HOLCOMB_RN1, 24.35,N
01/21/2024,22:00,HOLSTEIN_ALL, 19.43,N
01/21/2024,22:00,HOL_ALL, 21.45,N
01/21/2024,22:00,HOPKNSLR_ALL, 20.59,N
01/21/2024,22:00,HORSCR_RN, 26.74,N
01/21/2024,22:00,HORSECRK_RN, 19.11,N
01/21/2024,22:00,HOUSEMTN_RN, 31.83,N
01/21/2024,22:00,HOVEY_GEN, 26.82,N
01/21/2024,22:00,HRBESS_BESS, 27.14,N
01/21/2024,22:00,HRFDWIND_ALL, 6.82,N
01/21/2024,22:00,HRZN_SLR_UN1, 25.64,N
01/21/2024,22:00,HWF_HWFG1, 19.42,N
01/21/2024,22:00,HYDR_ESS_RN, 25.89,N
01/21/2024,22:00,H_HOLLO_WND1, 19.42,N
01/21/2024,22:00,IMP_RN1, 20.57,N
01/21/2024,22:00,INDNENR_1_RN, 26.87,N
01/21/2024,22:00,INDNENR_2_RN, 26.77,N
01/21/2024,22:00,INDNNWP_RN, 26.83,N
01/21/2024,22:00,IND_INADALE1, 19.39,N
01/21/2024,22:00,INGLCOSW_CC1, 21.96,N
01/21/2024,22:00,INGLCOSW_STG, 21.96,N
01/21/2024,22:00,INGLCOS_CTG1, 21.96,N
01/21/2024,22:00,INGLCOS_CTG2, 21.96,N
01/21/2024,22:00,INGLCO_PUN1, 21.96,N
01/21/2024,22:00,INGLCO_PUN2, 21.96,N
01/21/2024,22:00,INGLCO_PUN3, 21.96,N
01/21/2024,22:00,INKS_INKS_G1, 23.05,N
01/21/2024,22:00,INRT_W_ALL, 19.16,N
01/21/2024,22:00,JACKCNTY_CC1, 20.31,N
01/21/2024,22:00,JACKCNTY_CT1, 20.31,N
01/21/2024,22:00,JACKCNTY_CT2, 20.31,N
01/21/2024,22:00,JACKCNTY_STG, 20.31,N
01/21/2024,22:00,JADE_SLR_ALL, 19.02,N
01/21/2024,22:00,JAY_RN_1, 21.41,N
01/21/2024,22:00,JCKCNTY2_CC1, 20.38,N
01/21/2024,22:00,JCKCNTY2_CT3, 20.38,N
01/21/2024,22:00,JCKCNTY2_CT4, 20.38,N
01/21/2024,22:00,JCKCNTY2_ST2, 20.38,N
01/21/2024,22:00,JC_BAT_RN, 22.43,N
01/21/2024,22:00,JDKNS_RN, 27.99,N
01/21/2024,22:00,JUNCTION_RN, 25.84,N
01/21/2024,22:00,JUNO_ALL, 19.83,N
01/21/2024,22:00,KARAKAW1_1, 21.93,N
01/21/2024,22:00,KARAKAW2_1, 21.93,N
01/21/2024,22:00,KEECHI_U1, 20.31,N
01/21/2024,22:00,KELAMSL_U1, 20.73,N
01/21/2024,22:00,KEO_KEO_SM1, 26.74,N
01/21/2024,22:00,KINGE_ALL, 26.68,N
01/21/2024,22:00,KINGW_ALL, 26.7,N
01/21/2024,22:00,KMCHI_CC1, 20.55,N
01/21/2024,22:00,KMCHI_CC2, 20.55,N
01/21/2024,22:00,LACY_CRK_ALL, 17.85,N
01/21/2024,22:00,LAMESASLR_G, 4.5,N
01/21/2024,22:00,LAPETUS_U1, 30.41,N
01/21/2024,22:00,LARDVFTN_G4, 22.19,N
01/21/2024,22:00,LARDVFTN_G5, 22.19,N
01/21/2024,22:00,LASSO_GEN, 31.83,N
01/21/2024,22:00,LBRA_BES1, 22,N
01/21/2024,22:00,LEG_LEG_G1, 20.99,N
01/21/2024,22:00,LEG_LEG_G2, 20.99,N
01/21/2024,22:00,LEONLCPCT1_2, 31.77,N
01/21/2024,22:00,LEONLCPCT3_4, 31.77,N
01/21/2024,22:00,LFSTH_RN, 20.74,N
01/21/2024,22:00,LGDRAW_S_ALL, 19.83,N
01/21/2024,22:00,LGD_LANGFORD, 18.52,N
01/21/2024,22:00,LGE_CC1, 21.96,N
01/21/2024,22:00,LGE_LGE_GT1, 21.96,N
01/21/2024,22:00,LGE_LGE_GT2, 21.96,N
01/21/2024,22:00,LGE_LGE_STG, 21.96,N
01/21/2024,22:00,LGE_PUN1, 21.96,N
01/21/2024,22:00,LGE_PUN2, 21.96,N
01/21/2024,22:00,LGW_UNIT_ALL, 20.18,N
01/21/2024,22:00,LHM_CVC_G4, 21.37,N
01/21/2024,22:00,LHM_PUN1, 21.37,N
01/21/2024,22:00,LHM_PUN2, 21.37,N
01/21/2024,22:00,LHORN_N_U1_2, 7.04,N
01/21/2024,22:00,LHSES_UNIT1, 20.62,N
01/21/2024,22:00,LHSES_UNIT2, 20.62,N
01/21/2024,22:00,LIG_RN, 21.37,N
01/21/2024,22:00,LILY_RN, 20.65,N
01/21/2024,22:00,LMAJADAS_ALL, 19.3,N
01/21/2024,22:00,LMO_ESR_RN, 21.18,N
01/21/2024,22:00,LNCRK_ALL, 19.41,N
01/21/2024,22:00,LONESTAR_RN, 27.53,N
01/21/2024,22:00,LONEWOLF_ALL, 19.51,N
01/21/2024,22:00,LON_RN1, 21.61,N
01/21/2024,22:00,LOSTPI_CC1, 21.68,N
01/21/2024,22:00,LOS_LOSTPGT1, 21.68,N
01/21/2024,22:00,LOS_LOSTPGT2, 21.68,N
01/21/2024,22:00,LOS_LOSTPST1, 21.68,N
01/21/2024,22:00,LPCCS_CC1, 20.56,N
01/21/2024,22:00,LPCCS_CC2, 20.56,N
01/21/2024,22:00,LPCCS_CT11, 20.56,N
01/21/2024,22:00,LPCCS_CT12, 20.56,N
01/21/2024,22:00,LPCCS_CT21, 20.56,N
01/21/2024,22:00,LPCCS_CT22, 20.56,N
01/21/2024,22:00,LPCCS_UNIT1, 20.56,N
01/21/2024,22:00,LPCCS_UNIT2, 20.56,N
01/21/2024,22:00,LV1A_LV1B, 19.31,N
01/21/2024,22:00,LV3_RN, 22.12,N
01/21/2024,22:00,LV3_UNIT1, 22.13,N
01/21/2024,22:00,LV4_UNIT_1, 22.13,N
01/21/2024,22:00,LV5_UNIT1, 19.45,N
01/21/2024,22:00,LZ_AEN, 21.75,N
01/21/2024,22:00,LZ_CPS, 27.02,N
01/21/2024,22:00,LZ_HOUSTON, 21.44,N
01/21/2024,22:00,LZ_LCRA, 21.96,N
01/21/2024,22:00,LZ_NORTH, 20.64,N
01/21/2024,22:00,LZ_RAYBN, 20.61,N
01/21/2024,22:00,LZ_SOUTH, 22.05,N
01/21/2024,22:00,LZ_WEST, 25.03,N
01/21/2024,22:00,L_FRE_ESR_RN, 19.32,N
01/21/2024,22:00,MADERO_RN, 19.37,N
01/21/2024,22:00,MAINLAND_RN, 21.43,N
01/21/2024,22:00,MARBFA, 22.84,N
01/21/2024,22:00,MARIAH_ALL, 6.82,N
01/21/2024,22:00,MAR_MARSFOG1, 21.8,N
01/21/2024,22:00,MAR_MARSFOG2, 21.8,N
01/21/2024,22:00,MAR_MARSFOG3, 21.8,N
01/21/2024,22:00,MASSENGL_CC1, 14.98,N
01/21/2024,22:00,MASSENGL_G6, 17.56,N
01/21/2024,22:00,MASSENGL_G7, 17.56,N
01/21/2024,22:00,MASSENGL_G8, 12.53,N
01/21/2024,22:00,MAVCRK_W_ALL, 19.43,N
01/21/2024,22:00,MCDLD_FCSBW1, 12.74,N
01/21/2024,22:00,MCLNSLR_RN, 27.22,N
01/21/2024,22:00,MCSES_UNIT6, 20.62,N
01/21/2024,22:00,MCSES_UNIT7, 20.62,N
01/21/2024,22:00,MCSES_UNIT8, 20.62,N
01/21/2024,22:00,MDANP_CT1_2, 20.65,N
01/21/2024,22:00,MDANP_CT3_4, 20.63,N
01/21/2024,22:00,MDANP_CT5_6, 20.65,N
01/21/2024,22:00,MERCURY_ALL, 20.77,N
01/21/2024,22:00,MESQCRK_ALL, 19.83,N
01/21/2024,22:00,MESTENO_RN, 22.13,N
01/21/2024,22:00,MGSES_CT123, 18.18,N
01/21/2024,22:00,MGSES_CT456, 18.18,N
01/21/2024,22:00,MIAM1_G1_G2, 7.22,N
01/21/2024,22:00,MIDWY_RN, 27.95,N
01/21/2024,22:00,MIL_MILG1_2, 20.31,N
01/21/2024,22:00,MIL_MILG345, 20.31,N
01/21/2024,22:00,MIRAGE_G1, 21.4,N
01/21/2024,22:00,MIRASOLE_GEN, 22.11,N
01/21/2024,22:00,MISAE_GEN_RN, 7.59,N
01/21/2024,22:00,MLSES_UNIT1, 20.7,N
01/21/2024,22:00,MLSES_UNIT2, 20.7,N
01/21/2024,22:00,MLSES_UNIT3, 20.7,N
01/21/2024,22:00,MNWL_BESS_RN, 20.27,N
01/21/2024,22:00,MOZART_WIND1, 18.11,N
01/21/2024,22:00,MUSTNGCK_ALL, 22.87,N
01/21/2024,22:00,MV_VALV4_RN, 19.35,N
01/21/2024,22:00,MWEC_G1, 18.7,N
01/21/2024,22:00,MYRY_ESR_RN, 19.37,N
01/21/2024,22:00,MYR_ALL, 21.66,N
01/21/2024,22:00,NACPW_UNIT1, 20.73,N
01/21/2024,22:00,NBOHR_RN, 17.69,N
01/21/2024,22:00,NCARBIDEG8, 21.84,N
01/21/2024,22:00,NCARBIDE_1_7, 21.84,N
01/21/2024,22:00,NCARBID_PUN1, 21.84,N
01/21/2024,22:00,NCARBID_PUN2, 21.84,N
01/21/2024,22:00,NCO_RN, 21.9,N
01/21/2024,22:00,NEBULA_RN, 19.32,N
01/21/2024,22:00,NEDIN_CC1, 17.01,N
01/21/2024,22:00,NED_NEDIN_G1, 19.36,N
01/21/2024,22:00,NED_NEDIN_G2, 16.37,N
01/21/2024,22:00,NED_NEDIN_G3, 15.36,N
01/21/2024,22:00,NF_BRP_RN, 21.83,N
01/21/2024,22:00,NOBLESLR_ALL, 20.44,N
01/21/2024,22:00,NOVA1SLR_ALL, 18.79,N
01/21/2024,22:00,NOVA2S_UNIT1, 18.79,N
01/21/2024,22:00,NUECES_B_CC1, 21.99,N
01/21/2024,22:00,NUE_NUECESG7, 21.99,N
01/21/2024,22:00,NUE_NUECESG8, 21.99,N
01/21/2024,22:00,NUE_NUECESG9, 21.99,N
01/21/2024,22:00,NWF_NWF1, 28.38,N
01/21/2024,22:00,N_AL_BESS_RN, 19.35,N
01/21/2024,22:00,N_MRD_ESR_RN, 19.34,N
01/21/2024,22:00,OBERON_U1, 27.96,N
01/21/2024,22:00,ODESW_RN, 28.13,N
01/21/2024,22:00,OECCS_1, 27.83,N
01/21/2024,22:00,OECCS_2, 27.83,N
01/21/2024,22:00,OECCS_CC1, 27.83,N
01/21/2024,22:00,OECCS_CC2, 27.83,N
01/21/2024,22:00,OGSES_1, 21.07,N
01/21/2024,22:00,OGSES_2, 21.07,N
01/21/2024,22:00,OLIN_OLING_1, 20.6,N
01/21/2024,22:00,OLIN_OLING_2, 20.6,N
01/21/2024,22:00,OLIN_OLING_3, 20.6,N
01/21/2024,22:00,OLIN_OLING_4, 20.6,N
01/21/2024,22:00,OLNEYTN_RN, 19.56,N
01/21/2024,22:00,OR_BESS_RN, 22.03,N
01/21/2024,22:00,OWF_OWF, 2.85,N
01/21/2024,22:00,OXY_OXY_CCG1, 22,N
01/21/2024,22:00,OXY_PUN1, 22,N
01/21/2024,22:00,OXY_PUN2, 22,N
01/21/2024,22:00,PALE_ESS_EN, 17.13,N
01/21/2024,22:00,PALMWI_UNIT1, 18.04,N
01/21/2024,22:00,PANDA_S_CC1, 20.53,N
01/21/2024,22:00,PANDA_S_CT1, 20.53,N
01/21/2024,22:00,PANDA_S_CT2, 20.53,N
01/21/2024,22:00,PANDA_S_ST1, 20.53,N
01/21/2024,22:00,PANDA_T1_CC1, 21.19,N
01/21/2024,22:00,PANDA_T1_CT1, 21.19,N
01/21/2024,22:00,PANDA_T1_CT2, 21.19,N
01/21/2024,22:00,PANDA_T1_ST1, 21.19,N
01/21/2024,22:00,PANDA_T2_CC1, 21.19,N
01/21/2024,22:00,PANDA_T2_CT1, 21.19,N
01/21/2024,22:00,PANDA_T2_CT2, 21.19,N
01/21/2024,22:00,PANDA_T2_ST1, 21.19,N
01/21/2024,22:00,PAP1_PAP1, 21.97,N
01/21/2024,22:00,PAULN_RN, 20.72,N
01/21/2024,22:00,PAVLOV_BT_RN, 29.86,N
01/21/2024,22:00,PAVO_ESS_ALL, 26.74,N
01/21/2024,22:00,PB2SES_CT1, 27.73,N
01/21/2024,22:00,PB2SES_CT2, 27.73,N
01/21/2024,22:00,PB2SES_CT3, 27.73,N
01/21/2024,22:00,PB2SES_CT4, 27.73,N
01/21/2024,22:00,PB2SES_CT5, 27.73,N
01/21/2024,22:00,PC_NORTH_1, 18.73,N
01/21/2024,22:00,PC_SOUTH_ALL, 18.73,N
01/21/2024,22:00,PEARSA_1_24, 25.64,N
01/21/2024,22:00,PENA_ALL, 22.03,N
01/21/2024,22:00,PES1_RN, 21.49,N
01/21/2024,22:00,PEY_RN, 21.36,N
01/21/2024,22:00,PH1_UNIT1_2, 7.15,N
01/21/2024,22:00,PH2_U1_U2, 7.15,N
01/21/2024,22:00,PHILLWND_ALL, 20.94,N
01/21/2024,22:00,PHOEBE_ALL, 27.9,N
01/21/2024,22:00,PHOENIX_RN, 20.55,N
01/21/2024,22:00,PHO_ALL, 21.46,N
01/21/2024,22:00,PIONR_DJ_RN, 27.37,N
01/21/2024,22:00,PISG_RN_ALL, 20.79,N
01/21/2024,22:00,PITSDD_UNIT1, 20.75,N
01/21/2024,22:00,PLN_ALL, 21.43,N
01/21/2024,22:00,PNPI_GT2_RN, 21.58,N
01/21/2024,22:00,PORTSL_UNIT1, 19.57,N
01/21/2024,22:00,POTSVIL_RN, 20.43,N
01/21/2024,22:00,PRID_RN, 19.89,N
01/21/2024,22:00,PROSPERO_ALL, 28.31,N
01/21/2024,22:00,PRO_RN, 21.49,N
01/21/2024,22:00,PRSPERO2_ALL, 28.31,N
01/21/2024,22:00,PR_PR_ALL, 21.39,N
01/21/2024,22:00,PR_PR_G2, 21.39,N
01/21/2024,22:00,PSA_CC1, 21.37,N
01/21/2024,22:00,PSA_PSA_G1, 21.37,N
01/21/2024,22:00,PSA_PSA_G2, 21.37,N
01/21/2024,22:00,PSA_PSA_G3, 21.37,N
01/21/2024,22:00,PSA_PSA_G4, 21.37,N
01/21/2024,22:00,PSA_PSA_G5, 21.37,N
01/21/2024,22:00,PSA_PSA_G6, 21.37,N
01/21/2024,22:00,PSA_PSA_G7, 21.37,N
01/21/2024,22:00,PSA_PUN1, 21.37,N
01/21/2024,22:00,PSA_PUN2, 21.37,N
01/21/2024,22:00,PSA_PUN3, 21.37,N
01/21/2024,22:00,PSA_PUN4, 21.37,N
01/21/2024,22:00,PSA_PUN5, 21.37,N
01/21/2024,22:00,PSG_CC1, 21.39,N
01/21/2024,22:00,PSG_PSG_GT2, 21.39,N
01/21/2024,22:00,PSG_PSG_GT3, 21.39,N
01/21/2024,22:00,PSG_PSG_ST1, 21.39,N
01/21/2024,22:00,PTLBES_BESS1, 21.84,N
01/21/2024,22:00,PYR_PYRON1, 19.39,N
01/21/2024,22:00,QALSW_ALL, 27.87,N
01/21/2024,22:00,QALSW_CC1, 27.87,N
01/21/2024,22:00,QALSW_CC2, 27.87,N
01/21/2024,22:00,QUEEN_BA_RN, 26.78,N
01/21/2024,22:00,QUEEN_SL_RN, 26.78,N
01/21/2024,22:00,RAB_G1-8, 21.42,N
01/21/2024,22:00,RADN_SLR_ALL, 19.63,N
01/21/2024,22:00,RAMBLER_UNIT, 19.3,N
01/21/2024,22:00,RANCHERO_ALL, 22.56,N
01/21/2024,22:00,RAT_RN_1, 17.95,N
01/21/2024,22:00,RAYBURN_CC1, 22.06,N
01/21/2024,22:00,RAYB_G78910, 22.06,N
01/21/2024,22:00,RBN_BESS1, 21.7,N
01/21/2024,22:00,RDCAN_RDCNY1, 18.51,N
01/21/2024,22:00,REDBARN_RN, 26.01,N
01/21/2024,22:00,REDFISH_ALL, 19.31,N
01/21/2024,22:00,REDGATE_ALL, 19.36,N
01/21/2024,22:00,REDGATE_RN, 19.36,N
01/21/2024,22:00,RELOJ_ALL, 22.18,N
01/21/2024,22:00,REROCK_ALL, 26.82,N
01/21/2024,22:00,RHESS2_ESS1, 21.59,N
01/21/2024,22:00,RIGGIN_UNIT1, 26.9,N
01/21/2024,22:00,RIOG_ESR_RN, 19.48,N
01/21/2024,22:00,RIONOG_CC1, 21.98,N
01/21/2024,22:00,RIONOG_CT1, 21.98,N
01/21/2024,22:00,RIONOG_CT2, 21.98,N
01/21/2024,22:00,RIONOG_CT3, 21.98,N
01/21/2024,22:00,RIONOG_ST1, 21.98,N
01/21/2024,22:00,RIPPEY_ALL, 20.44,N
01/21/2024,22:00,RN_APOGEE, 19.25,N
01/21/2024,22:00,RN_BYU_G8, 21.41,N
01/21/2024,22:00,RN_DEC_AGR_A, 20.48,N
01/21/2024,22:00,RN_DEC_AGR_B, 20.48,N
01/21/2024,22:00,RN_DEC_AGR_C, 20.48,N
01/21/2024,22:00,RN_DEC_AGR_D, 20.48,N
01/21/2024,22:00,RN_ECEC_HOLT, 28.91,N
01/21/2024,22:00,RN_OCI_ALAMO, 30.41,N
01/21/2024,22:00,RN_RTS1, 19.52,N
01/21/2024,22:00,RN_SR_WIND1, 19.32,N
01/21/2024,22:00,RN_TOSBATT, 5.82,N
01/21/2024,22:00,ROSELAND_ALL, 20.96,N
01/21/2024,22:00,ROUTE66_RN, 7.08,N
01/21/2024,22:00,ROW_ALL, 21.43,N
01/21/2024,22:00,RPUBRDS_RN, 21.16,N
01/21/2024,22:00,RRANCHES_ALL, 27.43,N
01/21/2024,22:00,RRC_WIND_ALL, 19.59,N
01/21/2024,22:00,RSK_RN, 17.69,N
01/21/2024,22:00,RTLSNAKE_BT, 27.48,N
01/21/2024,22:00,RUSSEKST_RN, 28.8,N
01/21/2024,22:00,RVRVLYS_ALL, 21.55,N
01/21/2024,22:00,SADLBACK_RN, 27.28,N
01/21/2024,22:00,SALVTION_GEN, 19.11,N
01/21/2024,22:00,SAMSON_ALL, 20.59,N
01/21/2024,22:00,SANDHSYD1_2, 21.74,N
01/21/2024,22:00,SANDHSYD3_4, 21.74,N
01/21/2024,22:00,SANDHSYD6_7, 21.74,N
01/21/2024,22:00,SANDHSYD_5AC, 21.74,N
01/21/2024,22:00,SANDHSYD_CC1, 21.74,N
01/21/2024,22:00,SANTACRU_ALL, 21.99,N
01/21/2024,22:00,SAN_SANMIGG1, 22.23,N
01/21/2024,22:00,SBEAN_BESS, 27.45,N
01/21/2024,22:00,SBE_RN_1, 22.44,N
01/21/2024,22:00,SC2SES_UNIT1, 20.73,N
01/21/2024,22:00,SCES_UNIT1, 20.96,N
01/21/2024,22:00,SCLP_PUN1, 21.89,N
01/21/2024,22:00,SCLP_PUN2, 21.89,N
01/21/2024,22:00,SCLP_PUN3, 21.89,N
01/21/2024,22:00,SCLP_PUN4, 21.89,N
01/21/2024,22:00,SCLP_SCLPC_1, 21.89,N
01/21/2024,22:00,SCLP_SCLPC_2, 21.89,N
01/21/2024,22:00,SCLP_SCLPC_3, 21.89,N
01/21/2024,22:00,SCLP_SCLPC_4, 21.89,N
01/21/2024,22:00,SCSES_UNIT2, 20.73,N
01/21/2024,22:00,SDSES_PUN1, 21.43,N
01/21/2024,22:00,SDSES_PUN3, 21.43,N
01/21/2024,22:00,SENATEWD_1, 19.47,N
01/21/2024,22:00,SGM_SIGNALMT, 16.54,N
01/21/2024,22:00,SGSA_DGR, 26.82,N
01/21/2024,22:00,SG_BES_BESS1, 26.9,N
01/21/2024,22:00,SHAFFER_ALL, 21.99,N
01/21/2024,22:00,SHAMROCK_RN, 22.35,N
01/21/2024,22:00,SHANNONW_RN, 19.38,N
01/21/2024,22:00,SHEEPCRK_1, 19.59,N
01/21/2024,22:00,SILASRAY_CC1, 19.32,N
01/21/2024,22:00,SIL_SILAS_10, 19.32,N
01/21/2024,22:00,SIL_SILAS_6, 19.32,N
01/21/2024,22:00,SIL_SILAS_9, 19.32,N
01/21/2024,22:00,SIRIUS_UNIT1, 26.79,N
01/21/2024,22:00,SJS_SJS_G1, 21.4,N
01/21/2024,22:00,SJS_SJS_G2, 21.4,N
01/21/2024,22:00,SKY1, 21.95,N
01/21/2024,22:00,SLCN_ESS_ALL, 21.62,N
01/21/2024,22:00,SLTFRK_UN1_2, 7.22,N
01/21/2024,22:00,SL_PUN1, 21.38,N
01/21/2024,22:00,SL_PUN2, 21.38,N
01/21/2024,22:00,SNY_BESS_RN, 18.12,N
01/21/2024,22:00,SOLARA_UNIT1, 18.99,N
01/21/2024,22:00,SPARTA_ALL, 21.88,N
01/21/2024,22:00,SPLAIN1_RN, 7,N
01/21/2024,22:00,SPLAIN2_RN, 7,N
01/21/2024,22:00,SPNC_SPNCE_4, 20.48,N
01/21/2024,22:00,SPNC_SPNCE_5, 20.48,N
01/21/2024,22:00,SPTX12B_RN, 26.7,N
01/21/2024,22:00,SROSA_ESR_RN, 19.32,N
01/21/2024,22:00,SRWE1_UNIT1, 19.83,N
01/21/2024,22:00,SSPURT_WIND1, 6.95,N
01/21/2024,22:00,STAM_SLR_ALL, 20.59,N
01/21/2024,22:00,STEAM_ENG123, 20.6,N
01/21/2024,22:00,STEA_STEAM_1, 20.6,N
01/21/2024,22:00,STEA_STEAM_2, 20.6,N
01/21/2024,22:00,STEA_STEAM_3, 20.6,N
01/21/2024,22:00,STELLA_RN, 22.03,N
01/21/2024,22:00,STP_STP_G1, 21.38,N
01/21/2024,22:00,STP_STP_G2, 21.38,N
01/21/2024,22:00,STRATEGC_RN, 20.71,N
01/21/2024,22:00,STWF_T1, 18.67,N
01/21/2024,22:00,SUNVASLR_ALL, 20.79,N
01/21/2024,22:00,SWEC_G1, 26.67,N
01/21/2024,22:00,SWEETWN2_2_4, 19.45,N
01/21/2024,22:00,SWEETWN3_3, 19.45,N
01/21/2024,22:00,SWEETWND_1, 19.45,N
01/21/2024,22:00,SWOOSE1_U1, 27.58,N
01/21/2024,22:00,SWOOSEII_RN, 27.58,N
01/21/2024,22:00,SWTWN4_WND45, 19.45,N
01/21/2024,22:00,SWT_BESS_RN, 18.45,N
01/21/2024,22:00,S_HILLS_RN, 19.48,N
01/21/2024,22:00,TAHOKA_ALL, 20.89,N
01/21/2024,22:00,TAV_RN, 22.05,N
01/21/2024,22:00,TAYGETE2_ALL, 27.07,N
01/21/2024,22:00,TAYGETE_ALL, 27.07,N
01/21/2024,22:00,TBWF_ES_BES1, 26.7,N
01/21/2024,22:00,TC_PUN1, 21.41,N
01/21/2024,22:00,TC_PUN2, 21.41,N
01/21/2024,22:00,TC_TCHP1, 21.41,N
01/21/2024,22:00,TEN_CC1, 20.58,N
01/21/2024,22:00,TEN_CT1_STG, 20.58,N
01/21/2024,22:00,TGCCS_ALL, 20.71,N
01/21/2024,22:00,TGCCS_CC1, 20.71,N
01/21/2024,22:00,TGF_TGFGT, 22.97,N
01/21/2024,22:00,TGS_GT01, 22.97,N
01/21/2024,22:00,TGW_T1_T2, 22.03,N
01/21/2024,22:00,THW_1_CCU, 21.36,N
01/21/2024,22:00,THW_2_CCU, 21.36,N
01/21/2024,22:00,THW_CC1, 21.36,N
01/21/2024,22:00,THW_CC2, 21.36,N
01/21/2024,22:00,THW_THWGT5X, 21.35,N
01/21/2024,22:00,THW_THWGT_1, 21.36,N
01/21/2024,22:00,TI_SOLAR_ALL, 27.42,N
01/21/2024,22:00,TKWSW_CHAMP, 19.39,N
01/21/2024,22:00,TKWSW_ROSCOE, 19.39,N
01/21/2024,22:00,TNP_TNP_O_1, 21.12,N
01/21/2024,22:00,TNP_TNP_O_2, 21.12,N
01/21/2024,22:00,TNSKA_CC1, 20.56,N
01/21/2024,22:00,TNSKA_CCU, 20.56,N
01/21/2024,22:00,TOPAZ_ALL, 21.43,N
01/21/2024,22:00,TORR_ALL, 22.22,N
01/21/2024,22:00,TORT_ESS_RN, 21.44,N
01/21/2024,22:00,TOYAH_RN, 26.82,N
01/21/2024,22:00,TREB_SOLAR1, 21.59,N
01/21/2024,22:00,TRENT_TRENT, 18.67,N
01/21/2024,22:00,TRINITY_ALL, 19.39,N
01/21/2024,22:00,TRIPBUT1_RN, 29.87,N
01/21/2024,22:00,TRSES_UNIT6, 20.74,N
01/21/2024,22:00,TRUENO_ALL, 19.31,N
01/21/2024,22:00,TRUSGILL_RN, 19.08,N
01/21/2024,22:00,TTRSW_RN, 20.59,N
01/21/2024,22:00,TTWEC_G1, 18.9,N
01/21/2024,22:00,TURQ_BESS1, 20.6,N
01/21/2024,22:00,TV_RN, 21.61,N
01/21/2024,22:00,TXCTY_CC1, 21.43,N
01/21/2024,22:00,TXCTY_CTA, 21.43,N
01/21/2024,22:00,TXCTY_CTB, 21.43,N
01/21/2024,22:00,TXCTY_CTC, 21.43,N
01/21/2024,22:00,TXCTY_ST, 21.43,N
01/21/2024,22:00,TYLRWIND_RN, 20.36,N
01/21/2024,22:00,T_CK_GT2_RN, 23.96,N
01/21/2024,22:00,T_CK_GT3_RN, 23.96,N
01/21/2024,22:00,UCC_COG_PUN2, 21.43,N
01/21/2024,22:00,UCC_UCC_C_2, 21.43,N
01/21/2024,22:00,VANCOURT_RN, 19.32,N
01/21/2024,22:00,VENADO_ALL, 23.91,N
01/21/2024,22:00,VERAWIND_ALL, 19.08,N
01/21/2024,22:00,VERTIGO_UN1, 19.18,N
01/21/2024,22:00,VICTORIA_CC1, 22.01,N
01/21/2024,22:00,VICTPORT_RN, 21.95,N
01/21/2024,22:00,VIC_VICTORG5, 22.01,N
01/21/2024,22:00,VIC_VICTORG6, 22.01,N
01/21/2024,22:00,VISION_RN, 20.75,N
01/21/2024,22:00,VLSES_UNIT3, 20.55,N
01/21/2024,22:00,VORT_ALL_RN, 19.27,N
01/21/2024,22:00,WAKEWE_ALL, 18.5,N
01/21/2024,22:00,WAP_WAPGT_1, 21.58,N
01/21/2024,22:00,WAP_WAP_G1, 21.58,N
01/21/2024,22:00,WAP_WAP_G2, 21.58,N
01/21/2024,22:00,WAP_WAP_G3, 21.61,N
01/21/2024,22:00,WAP_WAP_G4, 21.61,N
01/21/2024,22:00,WAP_WAP_G5, 21.58,N
01/21/2024,22:00,WAP_WAP_G6, 21.41,N
01/21/2024,22:00,WAP_WAP_G7, 21.41,N
01/21/2024,22:00,WAP_WAP_G8, 21.42,N
01/21/2024,22:00,WAYMARK_RN, 26.01,N
01/21/2024,22:00,WCPP_CC1, 20.39,N
01/21/2024,22:00,WCPP_CT1, 20.39,N
01/21/2024,22:00,WCPP_CT2, 20.39,N
01/21/2024,22:00,WCPP_ST1, 20.39,N
01/21/2024,22:00,WEBBER_WS_T1, 21.69,N
01/21/2024,22:00,WEC_WECG1, 18.98,N
01/21/2024,22:00,WES_ALL, 21.87,N
01/21/2024,22:00,WFCOGEN_13, 19.34,N
01/21/2024,22:00,WFCOGEN_24, 19.34,N
01/21/2024,22:00,WFCOGEN_CC1, 19.34,N
01/21/2024,22:00,WFTANK_ESS1, 22.21,N
01/21/2024,22:00,WGU_RN, 21.81,N
01/21/2024,22:00,WHCCS2_4, 20.54,N
01/21/2024,22:00,WHCCS2_5_6, 20.54,N
01/21/2024,22:00,WHCCS2_CC2, 20.54,N
01/21/2024,22:00,WHCCS_CC1, 20.54,N
01/21/2024,22:00,WHCCS_CT1_ST, 20.54,N
01/21/2024,22:00,WHCCS_CT2, 20.54,N
01/21/2024,22:00,WHITE_PT_UN1, 21.96,N
01/21/2024,22:00,WHMESA_U1, 22.16,N
01/21/2024,22:00,WHTTAIL_WR1, 20.32,N
01/21/2024,22:00,WH_WIND_ALL, 19.33,N
01/21/2024,22:00,WILDWIND_ALL, 20.45,N
01/21/2024,22:00,WIPOPA_1_2, 21.74,N
01/21/2024,22:00,WIPOPA_3_4, 21.74,N
01/21/2024,22:00,WIR_WIRTZ_G1, 22.71,N
01/21/2024,22:00,WIR_WIRTZ_G2, 22.71,N
01/21/2024,22:00,WLTC_ESR_RN, 22,N
01/21/2024,22:00,WL_RANCH_RN, 20.85,N
01/21/2024,22:00,WNDTS2_UNIT1, 19.63,N
01/21/2024,22:00,WND_WHITNEY, 20.82,N
01/21/2024,22:00,WOODWRD1_RN, 26.75,N
01/21/2024,22:00,WOODWRD2_RN, 26.75,N
01/21/2024,22:00,WOV_BESS_RN, 28.23,N
01/21/2024,22:00,WRSBES_BESS1, 27.43,N
01/21/2024,22:00,W_HRL_ESR_RN, 19.32,N
01/21/2024,22:00,W_PECO_UNIT1, 27.46,N
01/21/2024,22:00,X443ESRN, 34.17,N
01/21/2024,22:00,YNG_WND_ALL, 19.34,N
01/21/2024,22:00,ZIER_SLR_ALL, 32.12,N
01/21/2024,23:00,7RNCHSLR_ALL, 18.35,N
01/21/2024,23:00,AEEC, 14.25,N
01/21/2024,23:00,AGUAYO_UNIT1, 17.32,N
01/21/2024,23:00,AJAXWIND_RN, 16.84,N
01/21/2024,23:00,ALGOD_ALL_RN, 18.68,N
01/21/2024,23:00,ALVIN_RN, 18.07,N
01/21/2024,23:00,AMADEUS_ALL, 16.95,N
01/21/2024,23:00,AMISTAD_ALL, 35.64,N
01/21/2024,23:00,AMOCOOIL_CC1, 18.06,N
01/21/2024,23:00,AMOCOOIL_CC2, 18.06,N
01/21/2024,23:00,AMOCO_PUN1, 18.06,N
01/21/2024,23:00,AMOCO_PUN2, 18.06,N
01/21/2024,23:00,AMO_AMOCO_1, 18.06,N
01/21/2024,23:00,AMO_AMOCO_2, 18.06,N
01/21/2024,23:00,AMO_AMOCO_5, 18.06,N
01/21/2024,23:00,AMO_AMOCO_G1, 18.06,N
01/21/2024,23:00,AMO_AMOCO_G2, 18.06,N
01/21/2024,23:00,AMO_AMOCO_G3, 18.06,N
01/21/2024,23:00,AMO_AMOCO_S1, 18.06,N
01/21/2024,23:00,AMO_AMOCO_S2, 18.06,N
01/21/2024,23:00,ANACACHO_ANA, 28.23,N
01/21/2024,23:00,ANCHOR_ALL, 17.27,N
01/21/2024,23:00,ANDMDSLR_ALL, 16.94,N
01/21/2024,23:00,ANEM_ESS_RN, 18.76,N
01/21/2024,23:00,ANG_ALL, 16.45,N
01/21/2024,23:00,ANSON1_ALL, 17.19,N
01/21/2024,23:00,APPALOSA_ALL, 29.65,N
01/21/2024,23:00,AQUI_ALL, 17.54,N
01/21/2024,23:00,ARAGORN_RN, 25.09,N
01/21/2024,23:00,ASTRA_RN, 7.39,N
01/21/2024,23:00,ATK_ATKINSG7, 17.84,N
01/21/2024,23:00,AURO_SLR_RN, 17.82,N
01/21/2024,23:00,AUSTPL_ALL, 18.27,N
01/21/2024,23:00,AVIAT_ALL, 16.72,N
01/21/2024,23:00,AZURE_RN, 16.96,N
01/21/2024,23:00,AZ_ALL, 18.02,N
01/21/2024,23:00,BAC_RN_ALL, 18.06,N
01/21/2024,23:00,BAFFIN_ALL, 18.71,N
01/21/2024,23:00,BAIRDWND_ALL, 17.19,N
01/21/2024,23:00,BARROW_ALL, 25.91,N
01/21/2024,23:00,BASTEN_CC1, 18.27,N
01/21/2024,23:00,BASTEN_CCU, 18.27,N
01/21/2024,23:00,BATCAVE_RN, 20.93,N
01/21/2024,23:00,BAYC_BESS_RN, 20.22,N
01/21/2024,23:00,BBREEZE_1_2, 18.74,N
01/21/2024,23:00,BCATWD_WD_1, 16.99,N
01/21/2024,23:00,BCH_RN, 18.2,N
01/21/2024,23:00,BCK_RN, 18.09,N
01/21/2024,23:00,BELM_SLR_RN, 17.81,N
01/21/2024,23:00,BIGSTAR_ALL, 18.28,N
01/21/2024,23:00,BLACKJAK_RN, 18.68,N
01/21/2024,23:00,BLSMT1_5_A_6, 16.61,N
01/21/2024,23:00,BLUEJAY_RN, 17.83,N
01/21/2024,23:00,BOARDCRK_ALL, 17.56,N
01/21/2024,23:00,BOOTLEG_UN1, 24.39,N
01/21/2024,23:00,BORDAS_345, 18.82,N
01/21/2024,23:00,BOSQUESW_CC1, 17.64,N
01/21/2024,23:00,BOSQUESW_CC2, 17.66,N
01/21/2024,23:00,BOSQ_BSQSU_5, 17.66,N
01/21/2024,23:00,BOSQ_BSQS_12, 17.66,N
01/21/2024,23:00,BOSQ_BSQS_34, 17.64,N
01/21/2024,23:00,BRANDON_RN, 15.95,N
01/21/2024,23:00,BRAUNIG_CC1, 18.39,N
01/21/2024,23:00,BRAUNIG_VHB1, 19.65,N
01/21/2024,23:00,BRAUNIG_VHB2, 19.65,N
01/21/2024,23:00,BRAUNIG_VHB3, 19.9,N
01/21/2024,23:00,BRAZ_WND_ALL, 16.45,N
01/21/2024,23:00,BRA_AVR1_CT2, 18.39,N
01/21/2024,23:00,BRA_AVR_CST1, 18.39,N
01/21/2024,23:00,BRHEIGHT_RN, 18.06,N
01/21/2024,23:00,BRIGHTSD_RN, 19.02,N
01/21/2024,23:00,BRIGHTSD_U1, 19.01,N
01/21/2024,23:00,BRISCOE_WIND, 7.63,N
01/21/2024,23:00,BRPANGLE_RN, 18.29,N
01/21/2024,23:00,BRPMAGNO_RN, 18.07,N
01/21/2024,23:00,BRP_BRAZ_RN, 18.3,N
01/21/2024,23:00,BRP_DIKN_RN, 18.06,N
01/21/2024,23:00,BRP_LOOP_RN, 18.61,N
01/21/2024,23:00,BRP_LOP1_RN, 19.98,N
01/21/2024,23:00,BRP_PBL1_RN, 46.34,N
01/21/2024,23:00,BRP_PBL2_RN, 46.33,N
01/21/2024,23:00,BRP_RN_UNIT1, 19.24,N
01/21/2024,23:00,BRP_SEMI_RN, 18.07,N
01/21/2024,23:00,BRP_SWNY_RN, 18.3,N
01/21/2024,23:00,BRP_ZPT1_RN, 20.06,N
01/21/2024,23:00,BRP_ZPT2_RN, 20.06,N
01/21/2024,23:00,BRTSW_BCW1, 17.23,N
01/21/2024,23:00,BR_ARROW_ALL, 17.39,N
01/21/2024,23:00,BR_VHB6CT5_6, 19.65,N
01/21/2024,23:00,BR_VHB6CT7_8, 19.65,N
01/21/2024,23:00,BSS_U1, 18.31,N
01/21/2024,23:00,BTE_BTE_G1, 18.02,N
01/21/2024,23:00,BTE_BTE_G2, 18.02,N
01/21/2024,23:00,BTE_BTE_G3, 18.02,N
01/21/2024,23:00,BTE_BTE_G4, 18.02,N
01/21/2024,23:00,BTE_CC1, 18.02,N
01/21/2024,23:00,BTE_PUN1, 18.02,N
01/21/2024,23:00,BTE_PUN2, 18.02,N
01/21/2024,23:00,BTM_ALL, 18.17,N
01/21/2024,23:00,BUCHAN_ALL, 18.59,N
01/21/2024,23:00,BUCKTHRN_RN, 17.48,N
01/21/2024,23:00,BUFF_GAP_ALL, 16.97,N
01/21/2024,23:00,BULLCRK_1_2, 16.68,N
01/21/2024,23:00,BVE_CC1, 18.07,N
01/21/2024,23:00,BVE_UNIT1, 18.07,N
01/21/2024,23:00,BVE_UNIT2, 18.07,N
01/21/2024,23:00,BVE_UNIT3, 18.07,N
01/21/2024,23:00,BYRDR_ES_ALL, 18.3,N
01/21/2024,23:00,BYU_BYU_1, 18.04,N
01/21/2024,23:00,BYU_BYU_12, 18.04,N
01/21/2024,23:00,BYU_BYU_34, 18.04,N
01/21/2024,23:00,BYU_BYU_G8, 18.04,N
01/21/2024,23:00,BYU_CC1, 18.04,N
01/21/2024,23:00,BYU_G4_RN, 18.04,N
01/21/2024,23:00,BYU_PUN1, 18.04,N
01/21/2024,23:00,BYU_PUN2, 18.04,N
01/21/2024,23:00,BYU_PUN3, 18.04,N
01/21/2024,23:00,BYU_PUN4, 18.04,N
01/21/2024,23:00,B_DAVIS_3, 18.68,N
01/21/2024,23:00,B_DAVIS_4, 18.68,N
01/21/2024,23:00,B_DAVIS_CC1, 18.68,N
01/21/2024,23:00,B_D_B_DAVIG1, 18.68,N
01/21/2024,23:00,B_D_B_DAVIG2, 18.68,N
01/21/2024,23:00,CABEZON_ALL, 18.79,N
01/21/2024,23:00,CALAVER_JKS1, 18.52,N
01/21/2024,23:00,CALAVER_JKS2, 18.52,N
01/21/2024,23:00,CALAVER_JTD1, 19.61,N
01/21/2024,23:00,CALAVER_JTD2, 19.61,N
01/21/2024,23:00,CALAVER_OWS1, 19.7,N
01/21/2024,23:00,CALAVER_OWS2, 19.7,N
01/21/2024,23:00,CALHOUN_ALL, 18.37,N
01/21/2024,23:00,CALLAHA_WND1, 15.69,N
01/21/2024,23:00,CAL_CALGT1, 18.03,N
01/21/2024,23:00,CAL_CALSTG1, 18.03,N
01/21/2024,23:00,CAL_CC1, 18.03,N
01/21/2024,23:00,CAL_PUN1, 18.03,N
01/21/2024,23:00,CAL_PUN2, 18.03,N
01/21/2024,23:00,CAMWIND_RN, 13.03,N
01/21/2024,23:00,CANYONWD_ALL, 17.3,N
01/21/2024,23:00,CAPRIDG4_CR4, 16.72,N
01/21/2024,23:00,CAPRIDGE_ALL, 16.72,N
01/21/2024,23:00,CARBN_BSP_1, 16.23,N
01/21/2024,23:00,CASL_GAP_UN1, 25.26,N
01/21/2024,23:00,CATARINA_B1, 25.86,N
01/21/2024,23:00,CBECII_89, 18.12,N
01/21/2024,23:00,CBECII_CC3, 18.12,N
01/21/2024,23:00,CBECII_CT7, 18.12,N
01/21/2024,23:00,CBEC_ALL, 18.85,N
01/21/2024,23:00,CBEC_CC1, 18.85,N
01/21/2024,23:00,CBEC_CC2, 18.85,N
01/21/2024,23:00,CBY4_ALL, 18.02,N
01/21/2024,23:00,CBY4_CC1, 18.02,N
01/21/2024,23:00,CBY_CBY_G1, 18.02,N
01/21/2024,23:00,CBY_CBY_G2, 18.02,N
01/21/2024,23:00,CCEC_CC1, 18.68,N
01/21/2024,23:00,CCEC_GT1, 18.68,N
01/21/2024,23:00,CCEC_GT2, 18.68,N
01/21/2024,23:00,CCEC_PUN1, 18.68,N
01/21/2024,23:00,CCEC_PUN2, 18.68,N
01/21/2024,23:00,CCEC_ST1, 18.68,N
01/21/2024,23:00,CEDROHI_CHW1, 18.88,N
01/21/2024,23:00,CEDRVALE_RN, 25.06,N
01/21/2024,23:00,CFLATS_UNIT, 12.67,N
01/21/2024,23:00,CHALUP_ALL, 14.41,N
01/21/2024,23:00,CHAL_SLR_RN, 25.1,N
01/21/2024,23:00,CHAMON_UN1, 18.01,N
01/21/2024,23:00,CHAMON_UN2, 18.01,N
01/21/2024,23:00,CHEDPW_GT2, 18,N
01/21/2024,23:00,CHE_CC1, 18,N
01/21/2024,23:00,CHE_LYD, 18.01,N
01/21/2024,23:00,CHE_LYD2, 18.01,N
01/21/2024,23:00,CHE_PUN1, 18.01,N
01/21/2024,23:00,CHE_PUN2, 18.01,N
01/21/2024,23:00,CHISMGRD_RN, 17.31,N
01/21/2024,23:00,CISC_RN, 16.97,N
01/21/2024,23:00,CITYVICT_ALL, 18.6,N
01/21/2024,23:00,CN_BRKS_UNT1, 7.47,N
01/21/2024,23:00,COL_COLETOG1, 18.69,N
01/21/2024,23:00,CONIGLIO_RN, 17.37,N
01/21/2024,23:00,CONTINEN_RN, 14.52,N
01/21/2024,23:00,CORALSLR_ALL, 17.69,N
01/21/2024,23:00,CORAZON_RN, 18.83,N
01/21/2024,23:00,COTPLNS_RN, 7.61,N
01/21/2024,23:00,COTTON_PAP2, 18.66,N
01/21/2024,23:00,COYOTSPR_RN, 25.07,N
01/21/2024,23:00,CPSES_UNIT1, 17.35,N
01/21/2024,23:00,CPSES_UNIT2, 17.35,N
01/21/2024,23:00,CRANELL_ALL, 18.68,N
01/21/2024,23:00,CROSSETT_ALL, 25.3,N
01/21/2024,23:00,CRWN_SLR_UN1, 17.74,N
01/21/2024,23:00,CSC_CSECG1_2, 16.51,N
01/21/2024,23:00,CVC_CC1, 18,N
01/21/2024,23:00,CVC_CVCG1_5, 18,N
01/21/2024,23:00,CVC_CVC_G2, 18,N
01/21/2024,23:00,CVC_CVC_G3, 18,N
01/21/2024,23:00,DAG_ALL, 18.44,N
01/21/2024,23:00,DANSBY_ALL, 17.83,N
01/21/2024,23:00,DAN_ALL, 18.13,N
01/21/2024,23:00,DA_BESS, 18.27,N
01/21/2024,23:00,DC2SES_ALL, 17.39,N
01/21/2024,23:00,DC_E, 17.39,N
01/21/2024,23:00,DC_L, 18.8,N
01/21/2024,23:00,DC_N, 16.75,N
01/21/2024,23:00,DC_R, 14.45,N
01/21/2024,23:00,DDPEC_CC1, 18.03,N
01/21/2024,23:00,DDPEC_GT1, 18.03,N
01/21/2024,23:00,DDPEC_GT2, 18.03,N
01/21/2024,23:00,DDPEC_GT3, 18.03,N
01/21/2024,23:00,DDPEC_GT4, 18.03,N
01/21/2024,23:00,DDPEC_GT6, 18.03,N
01/21/2024,23:00,DDPEC_ST1, 18.03,N
01/21/2024,23:00,DECKER_DPG2, 18.26,N
01/21/2024,23:00,DECKER_GT, 18.26,N
01/21/2024,23:00,DENISON_G1_2, 17.36,N
01/21/2024,23:00,DERMOTT_ALL, 16.93,N
01/21/2024,23:00,DIBOL_RN, 17.52,N
01/21/2024,23:00,DIB_CC1, 18.03,N
01/21/2024,23:00,DIB_DIB_G1, 18.03,N
01/21/2024,23:00,DIB_DIB_G2, 18.03,N
01/21/2024,23:00,DIB_DIB_G3, 18.03,N
01/21/2024,23:00,DIB_DIB_G4, 18.03,N
01/21/2024,23:00,DIB_PUN1, 18.03,N
01/21/2024,23:00,DIB_PUN2, 18.03,N
01/21/2024,23:00,DILEOS_UNIT1, 17.67,N
01/21/2024,23:00,DKNS_ESS_RN, 16.21,N
01/21/2024,23:00,DOWGEN_PUN1, 18.15,N
01/21/2024,23:00,DOWGEN_PUN2, 18.15,N
01/21/2024,23:00,DOWGEN_PUN3, 18.15,N
01/21/2024,23:00,DOW_61_2_63, 18.15,N
01/21/2024,23:00,DOW_64, 18.15,N
01/21/2024,23:00,DOW_81_2_84, 18.15,N
01/21/2024,23:00,DOW_G37_G35, 18.15,N
01/21/2024,23:00,DOW_G66_ST65, 18.15,N
01/21/2024,23:00,DOW_G67, 18.15,N
01/21/2024,23:00,DOW_G96_ST95, 18.15,N
01/21/2024,23:00,DUKE_CC1, 14.44,N
01/21/2024,23:00,DUKE_GST1CCU, 14.44,N
01/21/2024,23:00,DUKE_GT2_CCU, 14.44,N
01/21/2024,23:00,DUP_PUN1, 18.56,N
01/21/2024,23:00,DUP_PUN2, 18.56,N
01/21/2024,23:00,DUP_PUN3, 18.56,N
01/21/2024,23:00,DUP_PUN4, 18.56,N
01/21/2024,23:00,EBELLS_UNIT1, 17.82,N
01/21/2024,23:00,EBNY_ESS_RN, 18.98,N
01/21/2024,23:00,ECLIPSE_UN1, 30.37,N
01/21/2024,23:00,EIFSLR_UNIT1, 17.38,N
01/21/2024,23:00,ELB_ELBCREEK, 16.99,N
01/21/2024,23:00,ELECTRAW_1_2, 16.75,N
01/21/2024,23:00,ELSAUZ_ALL, 18.74,N
01/21/2024,23:00,ELSA_ESR_RN, 14.43,N
01/21/2024,23:00,ELS_RN_1, 17.43,N
01/21/2024,23:00,EL_RAYO_ALL, 14.41,N
01/21/2024,23:00,ENDPARK_ESS1, 16.81,N
01/21/2024,23:00,ERSL_RN, 21.52,N
01/21/2024,23:00,ESTONIAN_ALL, 17.38,N
01/21/2024,23:00,ETCCS_CC1, 17.46,N
01/21/2024,23:00,ETCCS_CCU, 17.46,N
01/21/2024,23:00,EUNICE_ALL, 25.25,N
01/21/2024,23:00,EXGNSND_RN, 20.06,N
01/21/2024,23:00,EXGNWTL_1, 18.88,N
01/21/2024,23:00,EXN_14, 18.02,N
01/21/2024,23:00,EXN_1_3, 18.02,N
01/21/2024,23:00,EXN_4, 18.02,N
01/21/2024,23:00,EXN_8, 18.02,N
01/21/2024,23:00,EXN_9_13, 18.02,N
01/21/2024,23:00,EXN_PUN1, 18.02,N
01/21/2024,23:00,EXN_PUN2, 18.02,N
01/21/2024,23:00,EXN_PUN3, 18.02,N
01/21/2024,23:00,E_BLACK_RN, 18.14,N
01/21/2024,23:00,FALFUR_RN, 18.8,N
01/21/2024,23:00,FAL_FALCONG1, 19.94,N
01/21/2024,23:00,FAL_FALCONG2, 19.94,N
01/21/2024,23:00,FAL_FALCONG3, 19.94,N
01/21/2024,23:00,FAULKNER_RN, 25.07,N
01/21/2024,23:00,FEGC_RN, 18.09,N
01/21/2024,23:00,FENCESLR_ALL, 17.52,N
01/21/2024,23:00,FERGCC_CC1, 18.93,N
01/21/2024,23:00,FERGCC_GT1_1, 18.93,N
01/21/2024,23:00,FERGCC_GT2_3, 18.93,N
01/21/2024,23:00,FERGCC_ST1_5, 18.93,N
01/21/2024,23:00,FERMI_ALL, 3.28,N
01/21/2024,23:00,FILESSLR_PV1, 17.49,N
01/21/2024,23:00,FIVEWSLR_ALL, 17.87,N
01/21/2024,23:00,FLCNS_CC1, 20.47,N
01/21/2024,23:00,FLCNS_UNIT1, 20.47,N
01/21/2024,23:00,FLCNS_UNIT2, 20.47,N
01/21/2024,23:00,FLCNS_UNIT3, 20.47,N
01/21/2024,23:00,FLOWERII_RN, 25.04,N
01/21/2024,23:00,FLTBES1, 25.04,N
01/21/2024,23:00,FLTCK_SSI, 17.35,N
01/21/2024,23:00,FLUVANNA_1_2, 16.81,N
01/21/2024,23:00,FLVABES1_ESR, 25.04,N
01/21/2024,23:00,FOARDCTY_ALL, 16.62,N
01/21/2024,23:00,FORMOSA_CC1, 18.35,N
01/21/2024,23:00,FORMOSA_CC2, 18.35,N
01/21/2024,23:00,FORMOSA_PUN1, 18.35,N
01/21/2024,23:00,FORMOSA_PUN2, 18.35,N
01/21/2024,23:00,FOXTROT_ALL, 18.71,N
01/21/2024,23:00,FO_FORMOSA11, 18.35,N
01/21/2024,23:00,FO_FORMOSA12, 18.35,N
01/21/2024,23:00,FO_FORMOSG1, 18.35,N
01/21/2024,23:00,FO_FORMOSG10, 18.35,N
01/21/2024,23:00,FO_FORMOSG13, 18.35,N
01/21/2024,23:00,FO_FORMOSG14, 18.35,N
01/21/2024,23:00,FO_FORMOSG15, 18.35,N
01/21/2024,23:00,FO_FORMOSG2, 18.35,N
01/21/2024,23:00,FO_FORMOSG3, 18.35,N
01/21/2024,23:00,FO_FORMOSG4, 18.35,N
01/21/2024,23:00,FO_FORMOSG5, 18.35,N
01/21/2024,23:00,FO_FORMOSG6, 18.35,N
01/21/2024,23:00,FO_FORMOSG7, 18.35,N
01/21/2024,23:00,FO_FORMOSG8, 18.35,N
01/21/2024,23:00,FO_FORMOSG9, 18.35,N
01/21/2024,23:00,FPPYD_FPP_G1, 18.26,N
01/21/2024,23:00,FPPYD_FPP_G2, 18.26,N
01/21/2024,23:00,FPPYD_FPP_G3, 18.26,N
01/21/2024,23:00,FREC_1_CCU, 17.56,N
01/21/2024,23:00,FREC_2_CCU, 17.57,N
01/21/2024,23:00,FREC_CC1, 17.56,N
01/21/2024,23:00,FREC_CC2, 17.57,N
01/21/2024,23:00,FRMRSVLW_RN, 17.39,N
01/21/2024,23:00,FRNYPP_1_CCU, 17.43,N
01/21/2024,23:00,FRNYPP_2_CCU, 17.43,N
01/21/2024,23:00,FRNYPP_CC1, 17.43,N
01/21/2024,23:00,FRNYPP_CC2, 17.43,N
01/21/2024,23:00,FRONT_EC_CC1, 14.45,N
01/21/2024,23:00,FRONT_EC_RN1, 14.45,N
01/21/2024,23:00,FRONT_EC_RN2, 14.45,N
01/21/2024,23:00,FRONT_EC_RN3, 14.45,N
01/21/2024,23:00,FRYE_SLR_ALL, 7.54,N
01/21/2024,23:00,FTR_CC1, 17.87,N
01/21/2024,23:00,FTR_FTR_G1_4, 17.87,N
01/21/2024,23:00,FTWIND_UNIT1, 16.98,N
01/21/2024,23:00,FWLR_SLR_1, 25.26,N
01/21/2024,23:00,GALO_RN1, 16.7,N
01/21/2024,23:00,GAMBIT_RN, 18.29,N
01/21/2024,23:00,GARC_BESS_RN, 14.53,N
01/21/2024,23:00,GBY_GT, 18.02,N
01/21/2024,23:00,GID_GIDEONG1, 18.26,N
01/21/2024,23:00,GID_GIDEONG2, 18.26,N
01/21/2024,23:00,GID_GIDEONG3, 18.26,N
01/21/2024,23:00,GIGA_ESS_RN, 18.22,N
01/21/2024,23:00,GOA_GOATWIND, 16.84,N
01/21/2024,23:00,GOLINDA_UN1, 17.74,N
01/21/2024,23:00,GOMZ_RN, 25.04,N
01/21/2024,23:00,GOODNIT1_ALL, 7.67,N
01/21/2024,23:00,GPASTURE_ALL, 16.83,N
01/21/2024,23:00,GRANDVW1_A_B, 7.68,N
01/21/2024,23:00,GRDNE_ESR_RN, 15.57,N
01/21/2024,23:00,GREASWOD_ALL, 24.51,N
01/21/2024,23:00,GRIF_TRL_RN, 16.75,N
01/21/2024,23:00,GRSES_UNIT1, 17.04,N
01/21/2024,23:00,GRSES_UNIT2, 17.1,N
01/21/2024,23:00,GUADG_CC1, 18.54,N
01/21/2024,23:00,GUADG_CC2, 18.54,N
01/21/2024,23:00,GUADG_CCU1, 18.54,N
01/21/2024,23:00,GUADG_CCU2, 18.54,N
01/21/2024,23:00,GUNMTN_NODE, 15.25,N
01/21/2024,23:00,GWEC_G1, 17.75,N
01/21/2024,23:00,HALO_RN1, 17.85,N
01/21/2024,23:00,HAMI_BESS_RN, 35.64,N
01/21/2024,23:00,HAYSEN1_2, 18.45,N
01/21/2024,23:00,HAYSEN3_4, 18.45,N
01/21/2024,23:00,HB_BUSAVG, 17.85,N
01/21/2024,23:00,HB_HOUSTON, 18.02,N
01/21/2024,23:00,HB_HUBAVG, 18.14,N
01/21/2024,23:00,HB_NORTH, 17.46,N
01/21/2024,23:00,HB_PAN, 8.46,N
01/21/2024,23:00,HB_SOUTH, 18.04,N
01/21/2024,23:00,HB_WEST, 19.06,N
01/21/2024,23:00,HELIOS_RN, 24.88,N
01/21/2024,23:00,HHGT_KENDAL, 18.44,N
01/21/2024,23:00,HHOLLW2_WND1, 16.97,N
01/21/2024,23:00,HHOLLW3_WND1, 16.97,N
01/21/2024,23:00,HHOLLW4_WND1, 16.97,N
01/21/2024,23:00,HICK_G1_G2, 19.39,N
01/21/2024,23:00,HI_LONEB_RN1, 20.36,N
01/21/2024,23:00,HI_LONE_ALL, 20.36,N
01/21/2024,23:00,HLSES_UNIT3, 17.38,N
01/21/2024,23:00,HLSES_UNIT4, 17.38,N
01/21/2024,23:00,HLSES_UNIT5, 17.38,N
01/21/2024,23:00,HMNG_ESS_RN, 17.26,N
01/21/2024,23:00,HOLCOMB_RN1, 20.18,N
01/21/2024,23:00,HOLSTEIN_ALL, 17.04,N
01/21/2024,23:00,HOL_ALL, 18.12,N
01/21/2024,23:00,HOPKNSLR_ALL, 17.39,N
01/21/2024,23:00,HORSCR_RN, 25.38,N
01/21/2024,23:00,HORSECRK_RN, 16.84,N
01/21/2024,23:00,HOUSEMTN_RN, 32.57,N
01/21/2024,23:00,HOVEY_GEN, 24.86,N
01/21/2024,23:00,HRBESS_BESS, 24.87,N
01/21/2024,23:00,HRFDWIND_ALL, 7.39,N
01/21/2024,23:00,HRZN_SLR_UN1, 21.1,N
01/21/2024,23:00,HWF_HWFG1, 17.08,N
01/21/2024,23:00,HYDR_ESS_RN, 24.1,N
01/21/2024,23:00,H_HOLLO_WND1, 16.97,N
01/21/2024,23:00,IMP_RN1, 17.38,N
01/21/2024,23:00,INDNENR_1_RN, 26.1,N
01/21/2024,23:00,INDNENR_2_RN, 25.72,N
01/21/2024,23:00,INDNNWP_RN, 25.89,N
01/21/2024,23:00,IND_INADALE1, 17.29,N
01/21/2024,23:00,INGLCOSW_CC1, 18.65,N
01/21/2024,23:00,INGLCOSW_STG, 18.65,N
01/21/2024,23:00,INGLCOS_CTG1, 18.65,N
01/21/2024,23:00,INGLCOS_CTG2, 18.65,N
01/21/2024,23:00,INGLCO_PUN1, 18.65,N
01/21/2024,23:00,INGLCO_PUN2, 18.65,N
01/21/2024,23:00,INGLCO_PUN3, 18.65,N
01/21/2024,23:00,INKS_INKS_G1, 19.25,N
01/21/2024,23:00,INRT_W_ALL, 16.9,N
01/21/2024,23:00,JACKCNTY_CC1, 17.3,N
01/21/2024,23:00,JACKCNTY_CT1, 17.3,N
01/21/2024,23:00,JACKCNTY_CT2, 17.3,N
01/21/2024,23:00,JACKCNTY_STG, 17.3,N
01/21/2024,23:00,JADE_SLR_ALL, 16.9,N
01/21/2024,23:00,JAY_RN_1, 18.08,N
01/21/2024,23:00,JCKCNTY2_CC1, 17.22,N
01/21/2024,23:00,JCKCNTY2_CT3, 17.22,N
01/21/2024,23:00,JCKCNTY2_CT4, 17.22,N
01/21/2024,23:00,JCKCNTY2_ST2, 17.22,N
01/21/2024,23:00,JC_BAT_RN, 18.74,N
01/21/2024,23:00,JDKNS_RN, 25.43,N
01/21/2024,23:00,JUNCTION_RN, 25.18,N
01/21/2024,23:00,JUNO_ALL, 18.23,N
01/21/2024,23:00,KARAKAW1_1, 18.69,N
01/21/2024,23:00,KARAKAW2_1, 18.69,N
01/21/2024,23:00,KEECHI_U1, 17.3,N
01/21/2024,23:00,KELAMSL_U1, 17.51,N
01/21/2024,23:00,KEO_KEO_SM1, 25.38,N
01/21/2024,23:00,KINGE_ALL, 25.35,N
01/21/2024,23:00,KINGW_ALL, 25.27,N
01/21/2024,23:00,KMCHI_CC1, 17.36,N
01/21/2024,23:00,KMCHI_CC2, 17.36,N
01/21/2024,23:00,LACY_CRK_ALL, 16.01,N
01/21/2024,23:00,LAMESASLR_G, 10,N
01/21/2024,23:00,LAPETUS_U1, 26.51,N
01/21/2024,23:00,LARDVFTN_G4, 18.8,N
01/21/2024,23:00,LARDVFTN_G5, 18.8,N
01/21/2024,23:00,LASSO_GEN, 32.57,N
01/21/2024,23:00,LBRA_BES1, 18.59,N
01/21/2024,23:00,LEG_LEG_G1, 17.71,N
01/21/2024,23:00,LEG_LEG_G2, 17.71,N
01/21/2024,23:00,LEONLCPCT1_2, 20.3,N
01/21/2024,23:00,LEONLCPCT3_4, 20.3,N
01/21/2024,23:00,LFSTH_RN, 17.52,N
01/21/2024,23:00,LGDRAW_S_ALL, 18.23,N
01/21/2024,23:00,LGD_LANGFORD, 16.45,N
01/21/2024,23:00,LGE_CC1, 18.65,N
01/21/2024,23:00,LGE_LGE_GT1, 18.65,N
01/21/2024,23:00,LGE_LGE_GT2, 18.65,N
01/21/2024,23:00,LGE_LGE_STG, 18.65,N
01/21/2024,23:00,LGE_PUN1, 18.65,N
01/21/2024,23:00,LGE_PUN2, 18.65,N
01/21/2024,23:00,LGW_UNIT_ALL, 17.03,N
01/21/2024,23:00,LHM_CVC_G4, 18.01,N
01/21/2024,23:00,LHM_PUN1, 18.01,N
01/21/2024,23:00,LHM_PUN2, 18.01,N
01/21/2024,23:00,LHORN_N_U1_2, 7.63,N
01/21/2024,23:00,LHSES_UNIT1, 17.42,N
01/21/2024,23:00,LHSES_UNIT2, 17.42,N
01/21/2024,23:00,LIG_RN, 18.01,N
01/21/2024,23:00,LILY_RN, 17.44,N
01/21/2024,23:00,LMAJADAS_ALL, 14.41,N
01/21/2024,23:00,LMO_ESR_RN, 17.86,N
01/21/2024,23:00,LNCRK_ALL, 17.07,N
01/21/2024,23:00,LONESTAR_RN, 25.14,N
01/21/2024,23:00,LONEWOLF_ALL, 17.37,N
01/21/2024,23:00,LON_RN1, 18.17,N
01/21/2024,23:00,LOSTPI_CC1, 18.24,N
01/21/2024,23:00,LOS_LOSTPGT1, 18.24,N
01/21/2024,23:00,LOS_LOSTPGT2, 18.24,N
01/21/2024,23:00,LOS_LOSTPST1, 18.24,N
01/21/2024,23:00,LPCCS_CC1, 17.37,N
01/21/2024,23:00,LPCCS_CC2, 17.37,N
01/21/2024,23:00,LPCCS_CT11, 17.37,N
01/21/2024,23:00,LPCCS_CT12, 17.37,N
01/21/2024,23:00,LPCCS_CT21, 17.37,N
01/21/2024,23:00,LPCCS_CT22, 17.37,N
01/21/2024,23:00,LPCCS_UNIT1, 17.37,N
01/21/2024,23:00,LPCCS_UNIT2, 17.37,N
01/21/2024,23:00,LV1A_LV1B, 14.41,N
01/21/2024,23:00,LV3_RN, 18.77,N
01/21/2024,23:00,LV3_UNIT1, 18.77,N
01/21/2024,23:00,LV4_UNIT_1, 18.77,N
01/21/2024,23:00,LV5_UNIT1, 14.5,N
01/21/2024,23:00,LZ_AEN, 18.27,N
01/21/2024,23:00,LZ_CPS, 19.5,N
01/21/2024,23:00,LZ_HOUSTON, 18.06,N
01/21/2024,23:00,LZ_LCRA, 18.35,N
01/21/2024,23:00,LZ_NORTH, 17.45,N
01/21/2024,23:00,LZ_RAYBN, 17.42,N
01/21/2024,23:00,LZ_SOUTH, 18.23,N
01/21/2024,23:00,LZ_WEST, 22.87,N
01/21/2024,23:00,L_FRE_ESR_RN, 14.41,N
01/21/2024,23:00,MADERO_RN, 14.45,N
01/21/2024,23:00,MAINLAND_RN, 18.07,N
01/21/2024,23:00,MARBFA, 18.93,N
01/21/2024,23:00,MARIAH_ALL, 7.39,N
01/21/2024,23:00,MAR_MARSFOG1, 18.3,N
01/21/2024,23:00,MAR_MARSFOG2, 18.3,N
01/21/2024,23:00,MAR_MARSFOG3, 18.3,N
01/21/2024,23:00,MASSENGL_CC1, 12.11,N
01/21/2024,23:00,MASSENGL_G6, 15.23,N
01/21/2024,23:00,MASSENGL_G7, 15.23,N
01/21/2024,23:00,MASSENGL_G8, 9.15,N
01/21/2024,23:00,MAVCRK_W_ALL, 16.7,N
01/21/2024,23:00,MCDLD_FCSBW1, 11.13,N
01/21/2024,23:00,MCLNSLR_RN, 23.86,N
01/21/2024,23:00,MCSES_UNIT6, 17.42,N
01/21/2024,23:00,MCSES_UNIT7, 17.42,N
01/21/2024,23:00,MCSES_UNIT8, 17.42,N
01/21/2024,23:00,MDANP_CT1_2, 17.44,N
01/21/2024,23:00,MDANP_CT3_4, 17.43,N
01/21/2024,23:00,MDANP_CT5_6, 17.44,N
01/21/2024,23:00,MERCURY_ALL, 17.54,N
01/21/2024,23:00,MESQCRK_ALL, 18.23,N
01/21/2024,23:00,MESTENO_RN, 18.77,N
01/21/2024,23:00,MGSES_CT123, 16.19,N
01/21/2024,23:00,MGSES_CT456, 16.19,N
01/21/2024,23:00,MIAM1_G1_G2, 7.83,N
01/21/2024,23:00,MIDWY_RN, 25.32,N
01/21/2024,23:00,MIL_MILG1_2, 17.39,N
01/21/2024,23:00,MIL_MILG345, 17.39,N
01/21/2024,23:00,MIRAGE_G1, 18.04,N
01/21/2024,23:00,MIRASOLE_GEN, 18.76,N
01/21/2024,23:00,MISAE_GEN_RN, 8.23,N
01/21/2024,23:00,MLSES_UNIT1, 17.49,N
01/21/2024,23:00,MLSES_UNIT2, 17.49,N
01/21/2024,23:00,MLSES_UNIT3, 17.49,N
01/21/2024,23:00,MNWL_BESS_RN, 17.34,N
01/21/2024,23:00,MOZART_WIND1, 16.34,N
01/21/2024,23:00,MUSTNGCK_ALL, 18.92,N
01/21/2024,23:00,MV_VALV4_RN, 14.43,N
01/21/2024,23:00,MWEC_G1, 16.49,N
01/21/2024,23:00,MYRY_ESR_RN, 14.45,N
01/21/2024,23:00,MYR_ALL, 18.2,N
01/21/2024,23:00,NACPW_UNIT1, 17.51,N
01/21/2024,23:00,NBOHR_RN, 15.89,N
01/21/2024,23:00,NCARBIDEG8, 18.51,N
01/21/2024,23:00,NCARBIDE_1_7, 18.51,N
01/21/2024,23:00,NCARBID_PUN1, 18.51,N
01/21/2024,23:00,NCARBID_PUN2, 18.51,N
01/21/2024,23:00,NCO_RN, 18.31,N
01/21/2024,23:00,NEBULA_RN, 14.42,N
01/21/2024,23:00,NEDIN_CC1, 14.4,N
01/21/2024,23:00,NED_NEDIN_G1, 14.44,N
01/21/2024,23:00,NED_NEDIN_G2, 14.44,N
01/21/2024,23:00,NED_NEDIN_G3, 14.34,N
01/21/2024,23:00,NF_BRP_RN, 18.29,N
01/21/2024,23:00,NOBLESLR_ALL, 17.26,N
01/21/2024,23:00,NOVA1SLR_ALL, 16.59,N
01/21/2024,23:00,NOVA2S_UNIT1, 16.59,N
01/21/2024,23:00,NUECES_B_CC1, 18.68,N
01/21/2024,23:00,NUE_NUECESG7, 18.68,N
01/21/2024,23:00,NUE_NUECESG8, 18.68,N
01/21/2024,23:00,NUE_NUECESG9, 18.68,N
01/21/2024,23:00,NWF_NWF1, 25.46,N
01/21/2024,23:00,N_AL_BESS_RN, 14.44,N
01/21/2024,23:00,N_MRD_ESR_RN, 14.43,N
01/21/2024,23:00,OBERON_U1, 25.33,N
01/21/2024,23:00,ODESW_RN, 25.47,N
01/21/2024,23:00,OECCS_1, 25.25,N
01/21/2024,23:00,OECCS_2, 25.25,N
01/21/2024,23:00,OECCS_CC1, 25.25,N
01/21/2024,23:00,OECCS_CC2, 25.25,N
01/21/2024,23:00,OGSES_1, 17.77,N
01/21/2024,23:00,OGSES_2, 17.77,N
01/21/2024,23:00,OLIN_OLING_1, 17.41,N
01/21/2024,23:00,OLIN_OLING_2, 17.41,N
01/21/2024,23:00,OLIN_OLING_3, 17.41,N
01/21/2024,23:00,OLIN_OLING_4, 17.41,N
01/21/2024,23:00,OLNEYTN_RN, 17.04,N
01/21/2024,23:00,OR_BESS_RN, 18.36,N
01/21/2024,23:00,OWF_OWF, 2.07,N
01/21/2024,23:00,OXY_OXY_CCG1, 18.68,N
01/21/2024,23:00,OXY_PUN1, 18.68,N
01/21/2024,23:00,OXY_PUN2, 18.68,N
01/21/2024,23:00,PALE_ESS_EN, 14.65,N
01/21/2024,23:00,PALMWI_UNIT1, 13.03,N
01/21/2024,23:00,PANDA_S_CC1, 17.36,N
01/21/2024,23:00,PANDA_S_CT1, 17.36,N
01/21/2024,23:00,PANDA_S_CT2, 17.36,N
01/21/2024,23:00,PANDA_S_ST1, 17.36,N
01/21/2024,23:00,PANDA_T1_CC1, 17.85,N
01/21/2024,23:00,PANDA_T1_CT1, 17.85,N
01/21/2024,23:00,PANDA_T1_CT2, 17.85,N
01/21/2024,23:00,PANDA_T1_ST1, 17.85,N
01/21/2024,23:00,PANDA_T2_CC1, 17.85,N
01/21/2024,23:00,PANDA_T2_CT1, 17.85,N
01/21/2024,23:00,PANDA_T2_CT2, 17.85,N
01/21/2024,23:00,PANDA_T2_ST1, 17.85,N
01/21/2024,23:00,PAP1_PAP1, 18.66,N
01/21/2024,23:00,PAULN_RN, 17.5,N
01/21/2024,23:00,PAVLOV_BT_RN, 22.13,N
01/21/2024,23:00,PAVO_ESS_ALL, 25.38,N
01/21/2024,23:00,PB2SES_CT1, 25.24,N
01/21/2024,23:00,PB2SES_CT2, 25.24,N
01/21/2024,23:00,PB2SES_CT3, 25.24,N
01/21/2024,23:00,PB2SES_CT4, 25.24,N
01/21/2024,23:00,PB2SES_CT5, 25.24,N
01/21/2024,23:00,PC_NORTH_1, 16.99,N
01/21/2024,23:00,PC_SOUTH_ALL, 16.99,N
01/21/2024,23:00,PEARSA_1_24, 21.1,N
01/21/2024,23:00,PENA_ALL, 18.71,N
01/21/2024,23:00,PES1_RN, 18.09,N
01/21/2024,23:00,PEY_RN, 18.11,N
01/21/2024,23:00,PH1_UNIT1_2, 7.76,N
01/21/2024,23:00,PH2_U1_U2, 7.76,N
01/21/2024,23:00,PHILLWND_ALL, 17.67,N
01/21/2024,23:00,PHOEBE_ALL, 25.3,N
01/21/2024,23:00,PHOENIX_RN, 17.37,N
01/21/2024,23:00,PHO_ALL, 18.12,N
01/21/2024,23:00,PIONR_DJ_RN, 24.97,N
01/21/2024,23:00,PISG_RN_ALL, 17.56,N
01/21/2024,23:00,PITSDD_UNIT1, 17.55,N
01/21/2024,23:00,PLN_ALL, 18.13,N
01/21/2024,23:00,PNPI_GT2_RN, 18.14,N
01/21/2024,23:00,PORTSL_UNIT1, 17.2,N
01/21/2024,23:00,POTSVIL_RN, 18.04,N
01/21/2024,23:00,PRID_RN, 17.26,N
01/21/2024,23:00,PROSPERO_ALL, 25.37,N
01/21/2024,23:00,PRO_RN, 18.09,N
01/21/2024,23:00,PRSPERO2_ALL, 25.37,N
01/21/2024,23:00,PR_PR_ALL, 18.03,N
01/21/2024,23:00,PR_PR_G2, 18.03,N
01/21/2024,23:00,PSA_CC1, 18.01,N
01/21/2024,23:00,PSA_PSA_G1, 18.01,N
01/21/2024,23:00,PSA_PSA_G2, 18.01,N
01/21/2024,23:00,PSA_PSA_G3, 18.01,N
01/21/2024,23:00,PSA_PSA_G4, 18.01,N
01/21/2024,23:00,PSA_PSA_G5, 18.01,N
01/21/2024,23:00,PSA_PSA_G6, 18.01,N
01/21/2024,23:00,PSA_PSA_G7, 18.01,N
01/21/2024,23:00,PSA_PUN1, 18.01,N
01/21/2024,23:00,PSA_PUN2, 18.01,N
01/21/2024,23:00,PSA_PUN3, 18.01,N
01/21/2024,23:00,PSA_PUN4, 18.01,N
01/21/2024,23:00,PSA_PUN5, 18.01,N
01/21/2024,23:00,PSG_CC1, 18.03,N
01/21/2024,23:00,PSG_PSG_GT2, 18.03,N
01/21/2024,23:00,PSG_PSG_GT3, 18.03,N
01/21/2024,23:00,PSG_PSG_ST1, 18.03,N
01/21/2024,23:00,PTLBES_BESS1, 18.5,N
01/21/2024,23:00,PYR_PYRON1, 17.29,N
01/21/2024,23:00,QALSW_ALL, 25.28,N
01/21/2024,23:00,QALSW_CC1, 25.28,N
01/21/2024,23:00,QALSW_CC2, 25.28,N
01/21/2024,23:00,QUEEN_BA_RN, 24.95,N
01/21/2024,23:00,QUEEN_SL_RN, 24.95,N
01/21/2024,23:00,RAB_G1-8, 18.07,N
01/21/2024,23:00,RADN_SLR_ALL, 16.98,N
01/21/2024,23:00,RAMBLER_UNIT, 16.45,N
01/21/2024,23:00,RANCHERO_ALL, 19.71,N
01/21/2024,23:00,RAT_RN_1, 15.55,N
01/21/2024,23:00,RAYBURN_CC1, 18.63,N
01/21/2024,23:00,RAYB_G78910, 18.63,N
01/21/2024,23:00,RBN_BESS1, 18.19,N
01/21/2024,23:00,RDCAN_RDCNY1, 16.47,N
01/21/2024,23:00,REDBARN_RN, 24.39,N
01/21/2024,23:00,REDFISH_ALL, 14.41,N
01/21/2024,23:00,REDGATE_ALL, 14.44,N
01/21/2024,23:00,REDGATE_RN, 14.44,N
01/21/2024,23:00,RELOJ_ALL, 18.81,N
01/21/2024,23:00,REROCK_ALL, 24.86,N
01/21/2024,23:00,RHESS2_ESS1, 18.14,N
01/21/2024,23:00,RIGGIN_UNIT1, 25.2,N
01/21/2024,23:00,RIOG_ESR_RN, 14.51,N
01/21/2024,23:00,RIONOG_CC1, 18.49,N
01/21/2024,23:00,RIONOG_CT1, 18.49,N
01/21/2024,23:00,RIONOG_CT2, 18.49,N
01/21/2024,23:00,RIONOG_CT3, 18.49,N
01/21/2024,23:00,RIONOG_ST1, 18.49,N
01/21/2024,23:00,RIPPEY_ALL, 17.32,N
01/21/2024,23:00,RN_APOGEE, 16.88,N
01/21/2024,23:00,RN_BYU_G8, 18.04,N
01/21/2024,23:00,RN_DEC_AGR_A, 17.32,N
01/21/2024,23:00,RN_DEC_AGR_B, 17.32,N
01/21/2024,23:00,RN_DEC_AGR_C, 17.32,N
01/21/2024,23:00,RN_DEC_AGR_D, 17.32,N
01/21/2024,23:00,RN_ECEC_HOLT, 25.8,N
01/21/2024,23:00,RN_OCI_ALAMO, 20.06,N
01/21/2024,23:00,RN_RTS1, 16.83,N
01/21/2024,23:00,RN_SR_WIND1, 14.41,N
01/21/2024,23:00,RN_TOSBATT, 4.96,N
01/21/2024,23:00,ROSELAND_ALL, 17.69,N
01/21/2024,23:00,ROUTE66_RN, 7.68,N
01/21/2024,23:00,ROW_ALL, 18.08,N
01/21/2024,23:00,RPUBRDS_RN, 17.84,N
01/21/2024,23:00,RRANCHES_ALL, 25.11,N
01/21/2024,23:00,RRC_WIND_ALL, 17.28,N
01/21/2024,23:00,RSK_RN, 15.89,N
01/21/2024,23:00,RTLSNAKE_BT, 25.13,N
01/21/2024,23:00,RUSSEKST_RN, 34.19,N
01/21/2024,23:00,RVRVLYS_ALL, 18.12,N
01/21/2024,23:00,SADLBACK_RN, 25.06,N
01/21/2024,23:00,SALVTION_GEN, 16.84,N
01/21/2024,23:00,SAMSON_ALL, 17.39,N
01/21/2024,23:00,SANDHSYD1_2, 18.27,N
01/21/2024,23:00,SANDHSYD3_4, 18.27,N
01/21/2024,23:00,SANDHSYD6_7, 18.27,N
01/21/2024,23:00,SANDHSYD_5AC, 18.27,N
01/21/2024,23:00,SANDHSYD_CC1, 18.27,N
01/21/2024,23:00,SANTACRU_ALL, 18.69,N
01/21/2024,23:00,SAN_SANMIGG1, 18.85,N
01/21/2024,23:00,SBEAN_BESS, 25.1,N
01/21/2024,23:00,SBE_RN_1, 18.57,N
01/21/2024,23:00,SC2SES_UNIT1, 17.51,N
01/21/2024,23:00,SCES_UNIT1, 17.68,N
01/21/2024,23:00,SCLP_PUN1, 18.31,N
01/21/2024,23:00,SCLP_PUN2, 18.31,N
01/21/2024,23:00,SCLP_PUN3, 18.31,N
01/21/2024,23:00,SCLP_PUN4, 18.31,N
01/21/2024,23:00,SCLP_SCLPC_1, 18.31,N
01/21/2024,23:00,SCLP_SCLPC_2, 18.31,N
01/21/2024,23:00,SCLP_SCLPC_3, 18.31,N
01/21/2024,23:00,SCLP_SCLPC_4, 18.31,N
01/21/2024,23:00,SCSES_UNIT2, 17.51,N
01/21/2024,23:00,SDSES_PUN1, 18.03,N
01/21/2024,23:00,SDSES_PUN3, 18.03,N
01/21/2024,23:00,SENATEWD_1, 17.12,N
01/21/2024,23:00,SGM_SIGNALMT, 20.13,N
01/21/2024,23:00,SGSA_DGR, 24.86,N
01/21/2024,23:00,SG_BES_BESS1, 25.2,N
01/21/2024,23:00,SHAFFER_ALL, 18.69,N
01/21/2024,23:00,SHAMROCK_RN, 19.54,N
01/21/2024,23:00,SHANNONW_RN, 17.02,N
01/21/2024,23:00,SHEEPCRK_1, 17.28,N
01/21/2024,23:00,SILASRAY_CC1, 14.41,N
01/21/2024,23:00,SIL_SILAS_10, 14.41,N
01/21/2024,23:00,SIL_SILAS_6, 14.41,N
01/21/2024,23:00,SIL_SILAS_9, 14.41,N
01/21/2024,23:00,SIRIUS_UNIT1, 25.69,N
01/21/2024,23:00,SJS_SJS_G1, 18.04,N
01/21/2024,23:00,SJS_SJS_G2, 18.04,N
01/21/2024,23:00,SKY1, 18.39,N
01/21/2024,23:00,SLCN_ESS_ALL, 18.17,N
01/21/2024,23:00,SLTFRK_UN1_2, 7.83,N
01/21/2024,23:00,SL_PUN1, 18.02,N
01/21/2024,23:00,SL_PUN2, 18.02,N
01/21/2024,23:00,SNY_BESS_RN, 16.2,N
01/21/2024,23:00,SOLARA_UNIT1, 16.39,N
01/21/2024,23:00,SPARTA_ALL, 18.71,N
01/21/2024,23:00,SPLAIN1_RN, 7.61,N
01/21/2024,23:00,SPLAIN2_RN, 7.61,N
01/21/2024,23:00,SPNC_SPNCE_4, 17.33,N
01/21/2024,23:00,SPNC_SPNCE_5, 17.33,N
01/21/2024,23:00,SPTX12B_RN, 25.26,N
01/21/2024,23:00,SROSA_ESR_RN, 14.41,N
01/21/2024,23:00,SRWE1_UNIT1, 18.23,N
01/21/2024,23:00,SSPURT_WIND1, 7.54,N
01/21/2024,23:00,STAM_SLR_ALL, 17.39,N
01/21/2024,23:00,STEAM_ENG123, 17.41,N
01/21/2024,23:00,STEA_STEAM_1, 17.41,N
01/21/2024,23:00,STEA_STEAM_2, 17.41,N
01/21/2024,23:00,STEA_STEAM_3, 17.41,N
01/21/2024,23:00,STELLA_RN, 18.71,N
01/21/2024,23:00,STP_STP_G1, 18.13,N
01/21/2024,23:00,STP_STP_G2, 18.13,N
01/21/2024,23:00,STRATEGC_RN, 17.5,N
01/21/2024,23:00,STWF_T1, 16.17,N
01/21/2024,23:00,SUNVASLR_ALL, 17.56,N
01/21/2024,23:00,SWEC_G1, 27.33,N
01/21/2024,23:00,SWEETWN2_2_4, 17.24,N
01/21/2024,23:00,SWEETWN3_3, 17.24,N
01/21/2024,23:00,SWEETWND_1, 17.24,N
01/21/2024,23:00,SWOOSE1_U1, 25.17,N
01/21/2024,23:00,SWOOSEII_RN, 25.17,N
01/21/2024,23:00,SWTWN4_WND45, 17.24,N
01/21/2024,23:00,SWT_BESS_RN, 16.17,N
01/21/2024,23:00,S_HILLS_RN, 17.01,N
01/21/2024,23:00,TAHOKA_ALL, 19.43,N
01/21/2024,23:00,TAV_RN, 18.37,N
01/21/2024,23:00,TAYGETE2_ALL, 25.02,N
01/21/2024,23:00,TAYGETE_ALL, 25.02,N
01/21/2024,23:00,TBWF_ES_BES1, 25.27,N
01/21/2024,23:00,TC_PUN1, 18.05,N
01/21/2024,23:00,TC_PUN2, 18.05,N
01/21/2024,23:00,TC_TCHP1, 18.05,N
01/21/2024,23:00,TEN_CC1, 17.42,N
01/21/2024,23:00,TEN_CT1_STG, 17.42,N
01/21/2024,23:00,TGCCS_ALL, 17.5,N
01/21/2024,23:00,TGCCS_CC1, 17.5,N
01/21/2024,23:00,TGF_TGFGT, 18.84,N
01/21/2024,23:00,TGS_GT01, 18.84,N
01/21/2024,23:00,TGW_T1_T2, 18.71,N
01/21/2024,23:00,THW_1_CCU, 18.01,N
01/21/2024,23:00,THW_2_CCU, 18.01,N
01/21/2024,23:00,THW_CC1, 18.01,N
01/21/2024,23:00,THW_CC2, 18.01,N
01/21/2024,23:00,THW_THWGT5X, 18,N
01/21/2024,23:00,THW_THWGT_1, 18.01,N
01/21/2024,23:00,TI_SOLAR_ALL, 25.09,N
01/21/2024,23:00,TKWSW_CHAMP, 17.29,N
01/21/2024,23:00,TKWSW_ROSCOE, 17.29,N
01/21/2024,23:00,TNP_TNP_O_1, 17.8,N
01/21/2024,23:00,TNP_TNP_O_2, 17.8,N
01/21/2024,23:00,TNSKA_CC1, 17.37,N
01/21/2024,23:00,TNSKA_CCU, 17.37,N
01/21/2024,23:00,TOPAZ_ALL, 18.06,N
01/21/2024,23:00,TORR_ALL, 18.83,N
01/21/2024,23:00,TORT_ESS_RN, 18.07,N
01/21/2024,23:00,TOYAH_RN, 24.86,N
01/21/2024,23:00,TREB_SOLAR1, 18.37,N
01/21/2024,23:00,TRENT_TRENT, 16.17,N
01/21/2024,23:00,TRINITY_ALL, 17.03,N
01/21/2024,23:00,TRIPBUT1_RN, 28.69,N
01/21/2024,23:00,TRSES_UNIT6, 17.52,N
01/21/2024,23:00,TRUENO_ALL, 14.41,N
01/21/2024,23:00,TRUSGILL_RN, 16.8,N
01/21/2024,23:00,TTRSW_RN, 17.39,N
01/21/2024,23:00,TTWEC_G1, 14.95,N
01/21/2024,23:00,TURQ_BESS1, 17.41,N
01/21/2024,23:00,TV_RN, 18.15,N
01/21/2024,23:00,TXCTY_CC1, 18.06,N
01/21/2024,23:00,TXCTY_CTA, 18.06,N
01/21/2024,23:00,TXCTY_CTB, 18.06,N
01/21/2024,23:00,TXCTY_CTC, 18.06,N
01/21/2024,23:00,TXCTY_ST, 18.06,N
01/21/2024,23:00,TYLRWIND_RN, 17.29,N
01/21/2024,23:00,T_CK_GT2_RN, 22.96,N
01/21/2024,23:00,T_CK_GT3_RN, 22.96,N
01/21/2024,23:00,UCC_COG_PUN2, 18.06,N
01/21/2024,23:00,UCC_UCC_C_2, 18.06,N
01/21/2024,23:00,VANCOURT_RN, 14.42,N
01/21/2024,23:00,VENADO_ALL, 19.98,N
01/21/2024,23:00,VERAWIND_ALL, 16.8,N
01/21/2024,23:00,VERTIGO_UN1, 16.83,N
01/21/2024,23:00,VICTORIA_CC1, 18.6,N
01/21/2024,23:00,VICTPORT_RN, 18.56,N
01/21/2024,23:00,VIC_VICTORG5, 18.6,N
01/21/2024,23:00,VIC_VICTORG6, 18.6,N
01/21/2024,23:00,VISION_RN, 17.53,N
01/21/2024,23:00,VLSES_UNIT3, 17.36,N
01/21/2024,23:00,VORT_ALL_RN, 17,N
01/21/2024,23:00,WAKEWE_ALL, 16.21,N
01/21/2024,23:00,WAP_WAPGT_1, 18.14,N
01/21/2024,23:00,WAP_WAP_G1, 18.14,N
01/21/2024,23:00,WAP_WAP_G2, 18.14,N
01/21/2024,23:00,WAP_WAP_G3, 18.15,N
01/21/2024,23:00,WAP_WAP_G4, 18.15,N
01/21/2024,23:00,WAP_WAP_G5, 18.14,N
01/21/2024,23:00,WAP_WAP_G6, 18.06,N
01/21/2024,23:00,WAP_WAP_G7, 18.06,N
01/21/2024,23:00,WAP_WAP_G8, 18.07,N
01/21/2024,23:00,WAYMARK_RN, 24.39,N
01/21/2024,23:00,WCPP_CC1, 17.23,N
01/21/2024,23:00,WCPP_CT1, 17.23,N
01/21/2024,23:00,WCPP_CT2, 17.23,N
01/21/2024,23:00,WCPP_ST1, 17.23,N
01/21/2024,23:00,WEBBER_WS_T1, 18.24,N
01/21/2024,23:00,WEC_WECG1, 16.5,N
01/21/2024,23:00,WES_ALL, 18.3,N
01/21/2024,23:00,WFCOGEN_13, 16.94,N
01/21/2024,23:00,WFCOGEN_24, 16.94,N
01/21/2024,23:00,WFCOGEN_CC1, 16.94,N
01/21/2024,23:00,WFTANK_ESS1, 18.83,N
01/21/2024,23:00,WGU_RN, 18.26,N
01/21/2024,23:00,WHCCS2_4, 17.35,N
01/21/2024,23:00,WHCCS2_5_6, 17.35,N
01/21/2024,23:00,WHCCS2_CC2, 17.35,N
01/21/2024,23:00,WHCCS_CC1, 17.35,N
01/21/2024,23:00,WHCCS_CT1_ST, 17.35,N
01/21/2024,23:00,WHCCS_CT2, 17.35,N
01/21/2024,23:00,WHITE_PT_UN1, 18.65,N
01/21/2024,23:00,WHMESA_U1, 19.39,N
01/21/2024,23:00,WHTTAIL_WR1, 17.28,N
01/21/2024,23:00,WH_WIND_ALL, 17.27,N
01/21/2024,23:00,WILDWIND_ALL, 17.28,N
01/21/2024,23:00,WIPOPA_1_2, 18.27,N
01/21/2024,23:00,WIPOPA_3_4, 18.27,N
01/21/2024,23:00,WIR_WIRTZ_G1, 18.86,N
01/21/2024,23:00,WIR_WIRTZ_G2, 18.86,N
01/21/2024,23:00,WLTC_ESR_RN, 18.68,N
01/21/2024,23:00,WL_RANCH_RN, 18.18,N
01/21/2024,23:00,WNDTS2_UNIT1, 17.06,N
01/21/2024,23:00,WND_WHITNEY, 17.62,N
01/21/2024,23:00,WOODWRD1_RN, 25.37,N
01/21/2024,23:00,WOODWRD2_RN, 25.37,N
01/21/2024,23:00,WOV_BESS_RN, 25.49,N
01/21/2024,23:00,WRSBES_BESS1, 25.11,N
01/21/2024,23:00,W_HRL_ESR_RN, 14.41,N
01/21/2024,23:00,W_PECO_UNIT1, 25.11,N
01/21/2024,23:00,X443ESRN, 20.54,N
01/21/2024,23:00,YNG_WND_ALL, 17.05,N
01/21/2024,23:00,ZIER_SLR_ALL, 32.26,N
01/21/2024,24:00,7RNCHSLR_ALL, 17.3,N
01/21/2024,24:00,AEEC, 13.19,N
01/21/2024,24:00,AGUAYO_UNIT1, 16.55,N
01/21/2024,24:00,AJAXWIND_RN, 16.13,N
01/21/2024,24:00,ALGOD_ALL_RN, 17.55,N
01/21/2024,24:00,ALVIN_RN, 17.12,N
01/21/2024,24:00,AMADEUS_ALL, 16.32,N
01/21/2024,24:00,AMISTAD_ALL, 28.96,N
01/21/2024,24:00,AMOCOOIL_CC1, 17.11,N
01/21/2024,24:00,AMOCOOIL_CC2, 17.11,N
01/21/2024,24:00,AMOCO_PUN1, 17.11,N
01/21/2024,24:00,AMOCO_PUN2, 17.11,N
01/21/2024,24:00,AMO_AMOCO_1, 17.11,N
01/21/2024,24:00,AMO_AMOCO_2, 17.11,N
01/21/2024,24:00,AMO_AMOCO_5, 17.11,N
01/21/2024,24:00,AMO_AMOCO_G1, 17.11,N
01/21/2024,24:00,AMO_AMOCO_G2, 17.11,N
01/21/2024,24:00,AMO_AMOCO_G3, 17.11,N
01/21/2024,24:00,AMO_AMOCO_S1, 17.11,N
01/21/2024,24:00,AMO_AMOCO_S2, 17.11,N
01/21/2024,24:00,ANACACHO_ANA, 23.77,N
01/21/2024,24:00,ANCHOR_ALL, 16.55,N
01/21/2024,24:00,ANDMDSLR_ALL, 16.33,N
01/21/2024,24:00,ANEM_ESS_RN, 17.61,N
01/21/2024,24:00,ANG_ALL, 15.85,N
01/21/2024,24:00,ANSON1_ALL, 16.57,N
01/21/2024,24:00,APPALOSA_ALL, 30.86,N
01/21/2024,24:00,AQUI_ALL, 16.75,N
01/21/2024,24:00,ARAGORN_RN, 23.3,N
01/21/2024,24:00,ASTRA_RN, 9.24,N
01/21/2024,24:00,ATK_ATKINSG7, 16.95,N
01/21/2024,24:00,AURO_SLR_RN, 16.94,N
01/21/2024,24:00,AUSTPL_ALL, 17.24,N
01/21/2024,24:00,AVIAT_ALL, 16.28,N
01/21/2024,24:00,AZURE_RN, 16.29,N
01/21/2024,24:00,AZ_ALL, 17.08,N
01/21/2024,24:00,BAC_RN_ALL, 17.1,N
01/21/2024,24:00,BAFFIN_ALL, 17.57,N
01/21/2024,24:00,BAIRDWND_ALL, 16.49,N
01/21/2024,24:00,BARROW_ALL, 24.16,N
01/21/2024,24:00,BASTEN_CC1, 17.24,N
01/21/2024,24:00,BASTEN_CCU, 17.24,N
01/21/2024,24:00,BATCAVE_RN, 20.51,N
01/21/2024,24:00,BAYC_BESS_RN, 18.35,N
01/21/2024,24:00,BBREEZE_1_2, 17.59,N
01/21/2024,24:00,BCATWD_WD_1, 16.29,N
01/21/2024,24:00,BCH_RN, 17.19,N
01/21/2024,24:00,BCK_RN, 17.13,N
01/21/2024,24:00,BELM_SLR_RN, 16.93,N
01/21/2024,24:00,BIGSTAR_ALL, 17.26,N
01/21/2024,24:00,BLACKJAK_RN, 17.55,N
01/21/2024,24:00,BLSMT1_5_A_6, 15.88,N
01/21/2024,24:00,BLUEJAY_RN, 16.95,N
01/21/2024,24:00,BOARDCRK_ALL, 16.76,N
01/21/2024,24:00,BOOTLEG_UN1, 23.02,N
01/21/2024,24:00,BORDAS_345, 17.65,N
01/21/2024,24:00,BOSQUESW_CC1, 16.82,N
01/21/2024,24:00,BOSQUESW_CC2, 16.83,N
01/21/2024,24:00,BOSQ_BSQSU_5, 16.83,N
01/21/2024,24:00,BOSQ_BSQS_12, 16.83,N
01/21/2024,24:00,BOSQ_BSQS_34, 16.82,N
01/21/2024,24:00,BRANDON_RN, 15.08,N
01/21/2024,24:00,BRAUNIG_CC1, 17.52,N
01/21/2024,24:00,BRAUNIG_VHB1, 17.75,N
01/21/2024,24:00,BRAUNIG_VHB2, 17.75,N
01/21/2024,24:00,BRAUNIG_VHB3, 17.8,N
01/21/2024,24:00,BRAZ_WND_ALL, 16.28,N
01/21/2024,24:00,BRA_AVR1_CT2, 17.52,N
01/21/2024,24:00,BRA_AVR_CST1, 17.52,N
01/21/2024,24:00,BRHEIGHT_RN, 17.11,N
01/21/2024,24:00,BRIGHTSD_RN, 17.74,N
01/21/2024,24:00,BRIGHTSD_U1, 17.73,N
01/21/2024,24:00,BRISCOE_WIND, 9.52,N
01/21/2024,24:00,BRPANGLE_RN, 17.24,N
01/21/2024,24:00,BRPMAGNO_RN, 17.11,N
01/21/2024,24:00,BRP_BRAZ_RN, 17.25,N
01/21/2024,24:00,BRP_DIKN_RN, 17.11,N
01/21/2024,24:00,BRP_LOOP_RN, 17.49,N
01/21/2024,24:00,BRP_LOP1_RN, 18.05,N
01/21/2024,24:00,BRP_PBL1_RN, 45.16,N
01/21/2024,24:00,BRP_PBL2_RN, 45.16,N
01/21/2024,24:00,BRP_RN_UNIT1, 17.69,N
01/21/2024,24:00,BRP_SEMI_RN, 17.11,N
01/21/2024,24:00,BRP_SWNY_RN, 17.25,N
01/21/2024,24:00,BRP_ZPT1_RN, 18.09,N
01/21/2024,24:00,BRP_ZPT2_RN, 18.09,N
01/21/2024,24:00,BRTSW_BCW1, 16.52,N
01/21/2024,24:00,BR_ARROW_ALL, 16.64,N
01/21/2024,24:00,BR_VHB6CT5_6, 17.75,N
01/21/2024,24:00,BR_VHB6CT7_8, 17.75,N
01/21/2024,24:00,BSS_U1, 17.25,N
01/21/2024,24:00,BTE_BTE_G1, 17.07,N
01/21/2024,24:00,BTE_BTE_G2, 17.07,N
01/21/2024,24:00,BTE_BTE_G3, 17.07,N
01/21/2024,24:00,BTE_BTE_G4, 17.07,N
01/21/2024,24:00,BTE_CC1, 17.07,N
01/21/2024,24:00,BTE_PUN1, 17.07,N
01/21/2024,24:00,BTE_PUN2, 17.07,N
01/21/2024,24:00,BTM_ALL, 17.17,N
01/21/2024,24:00,BUCHAN_ALL, 17.1,N
01/21/2024,24:00,BUCKTHRN_RN, 16.72,N
01/21/2024,24:00,BUFF_GAP_ALL, 16.4,N
01/21/2024,24:00,BULLCRK_1_2, 16.07,N
01/21/2024,24:00,BVE_CC1, 17.11,N
01/21/2024,24:00,BVE_UNIT1, 17.11,N
01/21/2024,24:00,BVE_UNIT2, 17.11,N
01/21/2024,24:00,BVE_UNIT3, 17.11,N
01/21/2024,24:00,BYRDR_ES_ALL, 17.25,N
01/21/2024,24:00,BYU_BYU_1, 17.09,N
01/21/2024,24:00,BYU_BYU_12, 17.09,N
01/21/2024,24:00,BYU_BYU_34, 17.09,N
01/21/2024,24:00,BYU_BYU_G8, 17.09,N
01/21/2024,24:00,BYU_CC1, 17.09,N
01/21/2024,24:00,BYU_G4_RN, 17.09,N
01/21/2024,24:00,BYU_PUN1, 17.09,N
01/21/2024,24:00,BYU_PUN2, 17.09,N
01/21/2024,24:00,BYU_PUN3, 17.09,N
01/21/2024,24:00,BYU_PUN4, 17.09,N
01/21/2024,24:00,B_DAVIS_3, 17.55,N
01/21/2024,24:00,B_DAVIS_4, 17.55,N
01/21/2024,24:00,B_DAVIS_CC1, 17.55,N
01/21/2024,24:00,B_D_B_DAVIG1, 17.55,N
01/21/2024,24:00,B_D_B_DAVIG2, 17.55,N
01/21/2024,24:00,CABEZON_ALL, 17.63,N
01/21/2024,24:00,CALAVER_JKS1, 17.53,N
01/21/2024,24:00,CALAVER_JKS2, 17.53,N
01/21/2024,24:00,CALAVER_JTD1, 17.73,N
01/21/2024,24:00,CALAVER_JTD2, 17.73,N
01/21/2024,24:00,CALAVER_OWS1, 17.75,N
01/21/2024,24:00,CALAVER_OWS2, 17.75,N
01/21/2024,24:00,CALHOUN_ALL, 17.34,N
01/21/2024,24:00,CALLAHA_WND1, 15.08,N
01/21/2024,24:00,CAL_CALGT1, 17.08,N
01/21/2024,24:00,CAL_CALSTG1, 17.08,N
01/21/2024,24:00,CAL_CC1, 17.08,N
01/21/2024,24:00,CAL_PUN1, 17.08,N
01/21/2024,24:00,CAL_PUN2, 17.08,N
01/21/2024,24:00,CAMWIND_RN, 13.77,N
01/21/2024,24:00,CANYONWD_ALL, 16.78,N
01/21/2024,24:00,CAPRIDG4_CR4, 16.28,N
01/21/2024,24:00,CAPRIDGE_ALL, 16.28,N
01/21/2024,24:00,CARBN_BSP_1, 18.95,N
01/21/2024,24:00,CASL_GAP_UN1, 23.88,N
01/21/2024,24:00,CATARINA_B1, 25.11,N
01/21/2024,24:00,CBECII_89, 17.15,N
01/21/2024,24:00,CBECII_CC3, 17.15,N
01/21/2024,24:00,CBECII_CT7, 17.15,N
01/21/2024,24:00,CBEC_ALL, 17.56,N
01/21/2024,24:00,CBEC_CC1, 17.56,N
01/21/2024,24:00,CBEC_CC2, 17.56,N
01/21/2024,24:00,CBY4_ALL, 17.08,N
01/21/2024,24:00,CBY4_CC1, 17.08,N
01/21/2024,24:00,CBY_CBY_G1, 17.08,N
01/21/2024,24:00,CBY_CBY_G2, 17.08,N
01/21/2024,24:00,CCEC_CC1, 17.55,N
01/21/2024,24:00,CCEC_GT1, 17.55,N
01/21/2024,24:00,CCEC_GT2, 17.55,N
01/21/2024,24:00,CCEC_PUN1, 17.55,N
01/21/2024,24:00,CCEC_PUN2, 17.55,N
01/21/2024,24:00,CCEC_ST1, 17.55,N
01/21/2024,24:00,CEDROHI_CHW1, 17.69,N
01/21/2024,24:00,CEDRVALE_RN, 23.31,N
01/21/2024,24:00,CFLATS_UNIT, 13.15,N
01/21/2024,24:00,CHALUP_ALL, 15.77,N
01/21/2024,24:00,CHAL_SLR_RN, 23.3,N
01/21/2024,24:00,CHAMON_UN1, 17.07,N
01/21/2024,24:00,CHAMON_UN2, 17.07,N
01/21/2024,24:00,CHEDPW_GT2, 17.06,N
01/21/2024,24:00,CHE_CC1, 17.07,N
01/21/2024,24:00,CHE_LYD, 17.07,N
01/21/2024,24:00,CHE_LYD2, 17.07,N
01/21/2024,24:00,CHE_PUN1, 17.07,N
01/21/2024,24:00,CHE_PUN2, 17.07,N
01/21/2024,24:00,CHISMGRD_RN, 16.58,N
01/21/2024,24:00,CISC_RN, 16.31,N
01/21/2024,24:00,CITYVICT_ALL, 17.47,N
01/21/2024,24:00,CN_BRKS_UNT1, 9.33,N
01/21/2024,24:00,COL_COLETOG1, 17.54,N
01/21/2024,24:00,CONIGLIO_RN, 16.62,N
01/21/2024,24:00,CONTINEN_RN, 15.83,N
01/21/2024,24:00,CORALSLR_ALL, 16.85,N
01/21/2024,24:00,CORAZON_RN, 17.66,N
01/21/2024,24:00,COTPLNS_RN, 9.5,N
01/21/2024,24:00,COTTON_PAP2, 17.53,N
01/21/2024,24:00,COYOTSPR_RN, 23.32,N
01/21/2024,24:00,CPSES_UNIT1, 16.62,N
01/21/2024,24:00,CPSES_UNIT2, 16.62,N
01/21/2024,24:00,CRANELL_ALL, 17.55,N
01/21/2024,24:00,CROSSETT_ALL, 23.89,N
01/21/2024,24:00,CRWN_SLR_UN1, 16.89,N
01/21/2024,24:00,CSC_CSECG1_2, 16.29,N
01/21/2024,24:00,CVC_CC1, 17.06,N
01/21/2024,24:00,CVC_CVCG1_5, 17.06,N
01/21/2024,24:00,CVC_CVC_G2, 17.06,N
01/21/2024,24:00,CVC_CVC_G3, 17.06,N
01/21/2024,24:00,DAG_ALL, 17.33,N
01/21/2024,24:00,DANSBY_ALL, 16.95,N
01/21/2024,24:00,DAN_ALL, 17.16,N
01/21/2024,24:00,DA_BESS, 17.23,N
01/21/2024,24:00,DC2SES_ALL, 16.65,N
01/21/2024,24:00,DC_E, 16.63,N
01/21/2024,24:00,DC_L, 17.67,N
01/21/2024,24:00,DC_N, 16.04,N
01/21/2024,24:00,DC_R, 15.79,N
01/21/2024,24:00,DDPEC_CC1, 17.09,N
01/21/2024,24:00,DDPEC_GT1, 17.09,N
01/21/2024,24:00,DDPEC_GT2, 17.09,N
01/21/2024,24:00,DDPEC_GT3, 17.09,N
01/21/2024,24:00,DDPEC_GT4, 17.09,N
01/21/2024,24:00,DDPEC_GT6, 17.09,N
01/21/2024,24:00,DDPEC_ST1, 17.09,N
01/21/2024,24:00,DECKER_DPG2, 17.23,N
01/21/2024,24:00,DECKER_GT, 17.23,N
01/21/2024,24:00,DENISON_G1_2, 16.61,N
01/21/2024,24:00,DERMOTT_ALL, 16.35,N
01/21/2024,24:00,DIBOL_RN, 16.73,N
01/21/2024,24:00,DIB_CC1, 17.08,N
01/21/2024,24:00,DIB_DIB_G1, 17.08,N
01/21/2024,24:00,DIB_DIB_G2, 17.08,N
01/21/2024,24:00,DIB_DIB_G3, 17.08,N
01/21/2024,24:00,DIB_DIB_G4, 17.08,N
01/21/2024,24:00,DIB_PUN1, 17.08,N
01/21/2024,24:00,DIB_PUN2, 17.08,N
01/21/2024,24:00,DILEOS_UNIT1, 16.84,N
01/21/2024,24:00,DKNS_ESS_RN, 15.46,N
01/21/2024,24:00,DOWGEN_PUN1, 17.17,N
01/21/2024,24:00,DOWGEN_PUN2, 17.17,N
01/21/2024,24:00,DOWGEN_PUN3, 17.17,N
01/21/2024,24:00,DOW_61_2_63, 17.17,N
01/21/2024,24:00,DOW_64, 17.17,N
01/21/2024,24:00,DOW_81_2_84, 17.17,N
01/21/2024,24:00,DOW_G37_G35, 17.17,N
01/21/2024,24:00,DOW_G66_ST65, 17.17,N
01/21/2024,24:00,DOW_G67, 17.17,N
01/21/2024,24:00,DOW_G96_ST95, 17.17,N
01/21/2024,24:00,DUKE_CC1, 15.79,N
01/21/2024,24:00,DUKE_GST1CCU, 15.79,N
01/21/2024,24:00,DUKE_GT2_CCU, 15.79,N
01/21/2024,24:00,DUP_PUN1, 17.46,N
01/21/2024,24:00,DUP_PUN2, 17.46,N
01/21/2024,24:00,DUP_PUN3, 17.46,N
01/21/2024,24:00,DUP_PUN4, 17.46,N
01/21/2024,24:00,EBELLS_UNIT1, 16.94,N
01/21/2024,24:00,EBNY_ESS_RN, 17.59,N
01/21/2024,24:00,ECLIPSE_UN1, 25.28,N
01/21/2024,24:00,EIFSLR_UNIT1, 16.63,N
01/21/2024,24:00,ELB_ELBCREEK, 16.93,N
01/21/2024,24:00,ELECTRAW_1_2, 16.03,N
01/21/2024,24:00,ELSAUZ_ALL, 17.59,N
01/21/2024,24:00,ELSA_ESR_RN, 15.79,N
01/21/2024,24:00,ELS_RN_1, 16.67,N
01/21/2024,24:00,EL_RAYO_ALL, 15.77,N
01/21/2024,24:00,ENDPARK_ESS1, 16.33,N
01/21/2024,24:00,ERSL_RN, 19.33,N
01/21/2024,24:00,ESTONIAN_ALL, 16.63,N
01/21/2024,24:00,ETCCS_CC1, 16.69,N
01/21/2024,24:00,ETCCS_CCU, 16.69,N
01/21/2024,24:00,EUNICE_ALL, 23.36,N
01/21/2024,24:00,EXGNSND_RN, 18.73,N
01/21/2024,24:00,EXGNWTL_1, 17.69,N
01/21/2024,24:00,EXN_14, 17.08,N
01/21/2024,24:00,EXN_1_3, 17.08,N
01/21/2024,24:00,EXN_4, 17.08,N
01/21/2024,24:00,EXN_8, 17.08,N
01/21/2024,24:00,EXN_9_13, 17.08,N
01/21/2024,24:00,EXN_PUN1, 17.08,N
01/21/2024,24:00,EXN_PUN2, 17.08,N
01/21/2024,24:00,EXN_PUN3, 17.08,N
01/21/2024,24:00,E_BLACK_RN, 17.16,N
01/21/2024,24:00,FALFUR_RN, 17.63,N
01/21/2024,24:00,FAL_FALCONG1, 18.02,N
01/21/2024,24:00,FAL_FALCONG2, 18.02,N
01/21/2024,24:00,FAL_FALCONG3, 18.02,N
01/21/2024,24:00,FAULKNER_RN, 23.32,N
01/21/2024,24:00,FEGC_RN, 17.12,N
01/21/2024,24:00,FENCESLR_ALL, 16.73,N
01/21/2024,24:00,FERGCC_CC1, 17.78,N
01/21/2024,24:00,FERGCC_GT1_1, 17.78,N
01/21/2024,24:00,FERGCC_GT2_3, 17.78,N
01/21/2024,24:00,FERGCC_ST1_5, 17.78,N
01/21/2024,24:00,FERMI_ALL, 9.93,N
01/21/2024,24:00,FILESSLR_PV1, 16.72,N
01/21/2024,24:00,FIVEWSLR_ALL, 16.97,N
01/21/2024,24:00,FLCNS_CC1, 20.12,N
01/21/2024,24:00,FLCNS_UNIT1, 20.12,N
01/21/2024,24:00,FLCNS_UNIT2, 20.12,N
01/21/2024,24:00,FLCNS_UNIT3, 20.12,N
01/21/2024,24:00,FLOWERII_RN, 23.36,N
01/21/2024,24:00,FLTBES1, 23.36,N
01/21/2024,24:00,FLTCK_SSI, 16.62,N
01/21/2024,24:00,FLUVANNA_1_2, 16.33,N
01/21/2024,24:00,FLVABES1_ESR, 23.36,N
01/21/2024,24:00,FOARDCTY_ALL, 15.9,N
01/21/2024,24:00,FORMOSA_CC1, 17.33,N
01/21/2024,24:00,FORMOSA_CC2, 17.33,N
01/21/2024,24:00,FORMOSA_PUN1, 17.33,N
01/21/2024,24:00,FORMOSA_PUN2, 17.33,N
01/21/2024,24:00,FOXTROT_ALL, 17.58,N
01/21/2024,24:00,FO_FORMOSA11, 17.33,N
01/21/2024,24:00,FO_FORMOSA12, 17.33,N
01/21/2024,24:00,FO_FORMOSG1, 17.33,N
01/21/2024,24:00,FO_FORMOSG10, 17.33,N
01/21/2024,24:00,FO_FORMOSG13, 17.33,N
01/21/2024,24:00,FO_FORMOSG14, 17.33,N
01/21/2024,24:00,FO_FORMOSG15, 17.33,N
01/21/2024,24:00,FO_FORMOSG2, 17.33,N
01/21/2024,24:00,FO_FORMOSG3, 17.33,N
01/21/2024,24:00,FO_FORMOSG4, 17.33,N
01/21/2024,24:00,FO_FORMOSG5, 17.33,N
01/21/2024,24:00,FO_FORMOSG6, 17.33,N
01/21/2024,24:00,FO_FORMOSG7, 17.33,N
01/21/2024,24:00,FO_FORMOSG8, 17.33,N
01/21/2024,24:00,FO_FORMOSG9, 17.33,N
01/21/2024,24:00,FPPYD_FPP_G1, 17.24,N
01/21/2024,24:00,FPPYD_FPP_G2, 17.24,N
01/21/2024,24:00,FPPYD_FPP_G3, 17.24,N
01/21/2024,24:00,FREC_1_CCU, 16.76,N
01/21/2024,24:00,FREC_2_CCU, 16.76,N
01/21/2024,24:00,FREC_CC1, 16.76,N
01/21/2024,24:00,FREC_CC2, 16.76,N
01/21/2024,24:00,FRMRSVLW_RN, 16.64,N
01/21/2024,24:00,FRNYPP_1_CCU, 16.66,N
01/21/2024,24:00,FRNYPP_2_CCU, 16.66,N
01/21/2024,24:00,FRNYPP_CC1, 16.66,N
01/21/2024,24:00,FRNYPP_CC2, 16.66,N
01/21/2024,24:00,FRONT_EC_CC1, 15.8,N
01/21/2024,24:00,FRONT_EC_RN1, 15.8,N
01/21/2024,24:00,FRONT_EC_RN2, 15.8,N
01/21/2024,24:00,FRONT_EC_RN3, 15.8,N
01/21/2024,24:00,FRYE_SLR_ALL, 9.4,N
01/21/2024,24:00,FTR_CC1, 16.97,N
01/21/2024,24:00,FTR_FTR_G1_4, 16.97,N
01/21/2024,24:00,FTWIND_UNIT1, 16.29,N
01/21/2024,24:00,FWLR_SLR_1, 23.84,N
01/21/2024,24:00,GALO_RN1, 16.07,N
01/21/2024,24:00,GAMBIT_RN, 17.24,N
01/21/2024,24:00,GARC_BESS_RN, 15.84,N
01/21/2024,24:00,GBY_GT, 17.08,N
01/21/2024,24:00,GID_GIDEONG1, 17.23,N
01/21/2024,24:00,GID_GIDEONG2, 17.23,N
01/21/2024,24:00,GID_GIDEONG3, 17.23,N
01/21/2024,24:00,GIGA_ESS_RN, 17.21,N
01/21/2024,24:00,GOA_GOATWIND, 16.41,N
01/21/2024,24:00,GOLINDA_UN1, 16.89,N
01/21/2024,24:00,GOMZ_RN, 23.52,N
01/21/2024,24:00,GOODNIT1_ALL, 9.55,N
01/21/2024,24:00,GPASTURE_ALL, 16.15,N
01/21/2024,24:00,GRANDVW1_A_B, 9.56,N
01/21/2024,24:00,GRDNE_ESR_RN, 16.73,N
01/21/2024,24:00,GREASWOD_ALL, 23.12,N
01/21/2024,24:00,GRIF_TRL_RN, 16.04,N
01/21/2024,24:00,GRSES_UNIT1, 16.37,N
01/21/2024,24:00,GRSES_UNIT2, 16.43,N
01/21/2024,24:00,GUADG_CC1, 17.45,N
01/21/2024,24:00,GUADG_CC2, 17.45,N
01/21/2024,24:00,GUADG_CCU1, 17.45,N
01/21/2024,24:00,GUADG_CCU2, 17.45,N
01/21/2024,24:00,GUNMTN_NODE, 15.56,N
01/21/2024,24:00,GWEC_G1, 16.76,N
01/21/2024,24:00,HALO_RN1, 16.96,N
01/21/2024,24:00,HAMI_BESS_RN, 28.96,N
01/21/2024,24:00,HAYSEN1_2, 17.38,N
01/21/2024,24:00,HAYSEN3_4, 17.38,N
01/21/2024,24:00,HB_BUSAVG, 17.03,N
01/21/2024,24:00,HB_HOUSTON, 17.08,N
01/21/2024,24:00,HB_HUBAVG, 17.28,N
01/21/2024,24:00,HB_NORTH, 16.69,N
01/21/2024,24:00,HB_PAN, 10.11,N
01/21/2024,24:00,HB_SOUTH, 17.23,N
01/21/2024,24:00,HB_WEST, 18.1,N
01/21/2024,24:00,HELIOS_RN, 23.87,N
01/21/2024,24:00,HHGT_KENDAL, 17.49,N
01/21/2024,24:00,HHOLLW2_WND1, 16.4,N
01/21/2024,24:00,HHOLLW3_WND1, 16.4,N
01/21/2024,24:00,HHOLLW4_WND1, 16.4,N
01/21/2024,24:00,HICK_G1_G2, 18.11,N
01/21/2024,24:00,HI_LONEB_RN1, 18.85,N
01/21/2024,24:00,HI_LONE_ALL, 18.85,N
01/21/2024,24:00,HLSES_UNIT3, 16.63,N
01/21/2024,24:00,HLSES_UNIT4, 16.63,N
01/21/2024,24:00,HLSES_UNIT5, 16.63,N
01/21/2024,24:00,HMNG_ESS_RN, 16.53,N
01/21/2024,24:00,HOLCOMB_RN1, 18.31,N
01/21/2024,24:00,HOLSTEIN_ALL, 16.49,N
01/21/2024,24:00,HOL_ALL, 17.16,N
01/21/2024,24:00,HOPKNSLR_ALL, 16.64,N
01/21/2024,24:00,HORSCR_RN, 23.99,N
01/21/2024,24:00,HORSECRK_RN, 16.15,N
01/21/2024,24:00,HOUSEMTN_RN, 30.1,N
01/21/2024,24:00,HOVEY_GEN, 23.27,N
01/21/2024,24:00,HRBESS_BESS, 23.28,N
01/21/2024,24:00,HRFDWIND_ALL, 9.24,N
01/21/2024,24:00,HRZN_SLR_UN1, 19.04,N
01/21/2024,24:00,HWF_HWFG1, 16.47,N
01/21/2024,24:00,HYDR_ESS_RN, 22.69,N
01/21/2024,24:00,H_HOLLO_WND1, 16.4,N
01/21/2024,24:00,IMP_RN1, 16.63,N
01/21/2024,24:00,INDNENR_1_RN, 24.61,N
01/21/2024,24:00,INDNENR_2_RN, 24.33,N
01/21/2024,24:00,INDNNWP_RN, 24.43,N
01/21/2024,24:00,IND_INADALE1, 16.8,N
01/21/2024,24:00,INGLCOSW_CC1, 17.52,N
01/21/2024,24:00,INGLCOSW_STG, 17.52,N
01/21/2024,24:00,INGLCOS_CTG1, 17.52,N
01/21/2024,24:00,INGLCOS_CTG2, 17.52,N
01/21/2024,24:00,INGLCO_PUN1, 17.52,N
01/21/2024,24:00,INGLCO_PUN2, 17.52,N
01/21/2024,24:00,INGLCO_PUN3, 17.52,N
01/21/2024,24:00,INKS_INKS_G1, 22.78,N
01/21/2024,24:00,INRT_W_ALL, 16.22,N
01/21/2024,24:00,JACKCNTY_CC1, 16.56,N
01/21/2024,24:00,JACKCNTY_CT1, 16.56,N
01/21/2024,24:00,JACKCNTY_CT2, 16.56,N
01/21/2024,24:00,JACKCNTY_STG, 16.56,N
01/21/2024,24:00,JADE_SLR_ALL, 16.31,N
01/21/2024,24:00,JAY_RN_1, 17.12,N
01/21/2024,24:00,JCKCNTY2_CC1, 16.52,N
01/21/2024,24:00,JCKCNTY2_CT3, 16.52,N
01/21/2024,24:00,JCKCNTY2_CT4, 16.52,N
01/21/2024,24:00,JCKCNTY2_ST2, 16.52,N
01/21/2024,24:00,JC_BAT_RN, 17.64,N
01/21/2024,24:00,JDKNS_RN, 23.38,N
01/21/2024,24:00,JUNCTION_RN, 20.29,N
01/21/2024,24:00,JUNO_ALL, 17.8,N
01/21/2024,24:00,KARAKAW1_1, 17.56,N
01/21/2024,24:00,KARAKAW2_1, 17.56,N
01/21/2024,24:00,KEECHI_U1, 16.56,N
01/21/2024,24:00,KELAMSL_U1, 16.72,N
01/21/2024,24:00,KEO_KEO_SM1, 23.98,N
01/21/2024,24:00,KINGE_ALL, 24.04,N
01/21/2024,24:00,KINGW_ALL, 23.9,N
01/21/2024,24:00,KMCHI_CC1, 16.62,N
01/21/2024,24:00,KMCHI_CC2, 16.62,N
01/21/2024,24:00,LACY_CRK_ALL, 16.24,N
01/21/2024,24:00,LAMESASLR_G, 7.75,N
01/21/2024,24:00,LAPETUS_U1, 24.91,N
01/21/2024,24:00,LARDVFTN_G4, 17.67,N
01/21/2024,24:00,LARDVFTN_G5, 17.67,N
01/21/2024,24:00,LASSO_GEN, 30.1,N
01/21/2024,24:00,LBRA_BES1, 17.47,N
01/21/2024,24:00,LEG_LEG_G1, 16.86,N
01/21/2024,24:00,LEG_LEG_G2, 16.86,N
01/21/2024,24:00,LEONLCPCT1_2, 17.92,N
01/21/2024,24:00,LEONLCPCT3_4, 17.92,N
01/21/2024,24:00,LFSTH_RN, 16.73,N
01/21/2024,24:00,LGDRAW_S_ALL, 17.8,N
01/21/2024,24:00,LGD_LANGFORD, 16.66,N
01/21/2024,24:00,LGE_CC1, 17.52,N
01/21/2024,24:00,LGE_LGE_GT1, 17.52,N
01/21/2024,24:00,LGE_LGE_GT2, 17.52,N
01/21/2024,24:00,LGE_LGE_STG, 17.52,N
01/21/2024,24:00,LGE_PUN1, 17.52,N
01/21/2024,24:00,LGE_PUN2, 17.52,N
01/21/2024,24:00,LGW_UNIT_ALL, 16.28,N
01/21/2024,24:00,LHM_CVC_G4, 17.07,N
01/21/2024,24:00,LHM_PUN1, 17.07,N
01/21/2024,24:00,LHM_PUN2, 17.07,N
01/21/2024,24:00,LHORN_N_U1_2, 9.52,N
01/21/2024,24:00,LHSES_UNIT1, 16.66,N
01/21/2024,24:00,LHSES_UNIT2, 16.66,N
01/21/2024,24:00,LIG_RN, 17.07,N
01/21/2024,24:00,LILY_RN, 16.68,N
01/21/2024,24:00,LMAJADAS_ALL, 15.77,N
01/21/2024,24:00,LMO_ESR_RN, 16.97,N
01/21/2024,24:00,LNCRK_ALL, 16.49,N
01/21/2024,24:00,LONESTAR_RN, 23.34,N
01/21/2024,24:00,LONEWOLF_ALL, 16.96,N
01/21/2024,24:00,LON_RN1, 17.17,N
01/21/2024,24:00,LOSTPI_CC1, 17.23,N
01/21/2024,24:00,LOS_LOSTPGT1, 17.23,N
01/21/2024,24:00,LOS_LOSTPGT2, 17.23,N
01/21/2024,24:00,LOS_LOSTPST1, 17.23,N
01/21/2024,24:00,LPCCS_CC1, 16.62,N
01/21/2024,24:00,LPCCS_CC2, 16.62,N
01/21/2024,24:00,LPCCS_CT11, 16.62,N
01/21/2024,24:00,LPCCS_CT12, 16.62,N
01/21/2024,24:00,LPCCS_CT21, 16.62,N
01/21/2024,24:00,LPCCS_CT22, 16.62,N
01/21/2024,24:00,LPCCS_UNIT1, 16.62,N
01/21/2024,24:00,LPCCS_UNIT2, 16.62,N
01/21/2024,24:00,LV1A_LV1B, 15.77,N
01/21/2024,24:00,LV3_RN, 17.61,N
01/21/2024,24:00,LV3_UNIT1, 17.62,N
01/21/2024,24:00,LV4_UNIT_1, 17.62,N
01/21/2024,24:00,LV5_UNIT1, 15.82,N
01/21/2024,24:00,LZ_AEN, 17.23,N
01/21/2024,24:00,LZ_CPS, 17.73,N
01/21/2024,24:00,LZ_HOUSTON, 17.1,N
01/21/2024,24:00,LZ_LCRA, 17.34,N
01/21/2024,24:00,LZ_NORTH, 16.68,N
01/21/2024,24:00,LZ_RAYBN, 16.66,N
01/21/2024,24:00,LZ_SOUTH, 17.45,N
01/21/2024,24:00,LZ_WEST, 21.62,N
01/21/2024,24:00,L_FRE_ESR_RN, 15.78,N
01/21/2024,24:00,MADERO_RN, 15.79,N
01/21/2024,24:00,MAINLAND_RN, 17.11,N
01/21/2024,24:00,MARBFA, 17.78,N
01/21/2024,24:00,MARIAH_ALL, 9.24,N
01/21/2024,24:00,MAR_MARSFOG1, 17.24,N
01/21/2024,24:00,MAR_MARSFOG2, 17.24,N
01/21/2024,24:00,MAR_MARSFOG3, 17.24,N
01/21/2024,24:00,MASSENGL_CC1, 10.72,N
01/21/2024,24:00,MASSENGL_G6, 14.33,N
01/21/2024,24:00,MASSENGL_G7, 14.33,N
01/21/2024,24:00,MASSENGL_G8, 7.3,N
01/21/2024,24:00,MAVCRK_W_ALL, 16.07,N
01/21/2024,24:00,MCDLD_FCSBW1, 13.79,N
01/21/2024,24:00,MCLNSLR_RN, 20.9,N
01/21/2024,24:00,MCSES_UNIT6, 16.66,N
01/21/2024,24:00,MCSES_UNIT7, 16.66,N
01/21/2024,24:00,MCSES_UNIT8, 16.66,N
01/21/2024,24:00,MDANP_CT1_2, 16.68,N
01/21/2024,24:00,MDANP_CT3_4, 16.67,N
01/21/2024,24:00,MDANP_CT5_6, 16.68,N
01/21/2024,24:00,MERCURY_ALL, 16.75,N
01/21/2024,24:00,MESQCRK_ALL, 17.8,N
01/21/2024,24:00,MESTENO_RN, 17.62,N
01/21/2024,24:00,MGSES_CT123, 16.4,N
01/21/2024,24:00,MGSES_CT456, 16.4,N
01/21/2024,24:00,MIAM1_G1_G2, 9.74,N
01/21/2024,24:00,MIDWY_RN, 23.4,N
01/21/2024,24:00,MIL_MILG1_2, 16.65,N
01/21/2024,24:00,MIL_MILG345, 16.65,N
01/21/2024,24:00,MIRAGE_G1, 17.09,N
01/21/2024,24:00,MIRASOLE_GEN, 17.61,N
01/21/2024,24:00,MISAE_GEN_RN, 10.19,N
01/21/2024,24:00,MLSES_UNIT1, 16.71,N
01/21/2024,24:00,MLSES_UNIT2, 16.71,N
01/21/2024,24:00,MLSES_UNIT3, 16.71,N
01/21/2024,24:00,MNWL_BESS_RN, 16.6,N
01/21/2024,24:00,MOZART_WIND1, 16.03,N
01/21/2024,24:00,MUSTNGCK_ALL, 17.64,N
01/21/2024,24:00,MV_VALV4_RN, 15.79,N
01/21/2024,24:00,MWEC_G1, 16.17,N
01/21/2024,24:00,MYRY_ESR_RN, 15.8,N
01/21/2024,24:00,MYR_ALL, 17.19,N
01/21/2024,24:00,NACPW_UNIT1, 16.72,N
01/21/2024,24:00,NBOHR_RN, 16.19,N
01/21/2024,24:00,NCARBIDEG8, 17.42,N
01/21/2024,24:00,NCARBIDE_1_7, 17.42,N
01/21/2024,24:00,NCARBID_PUN1, 17.42,N
01/21/2024,24:00,NCARBID_PUN2, 17.42,N
01/21/2024,24:00,NCO_RN, 17.25,N
01/21/2024,24:00,NEBULA_RN, 15.78,N
01/21/2024,24:00,NEDIN_CC1, 15.78,N
01/21/2024,24:00,NED_NEDIN_G1, 15.79,N
01/21/2024,24:00,NED_NEDIN_G2, 15.79,N
01/21/2024,24:00,NED_NEDIN_G3, 15.77,N
01/21/2024,24:00,NF_BRP_RN, 17.25,N
01/21/2024,24:00,NOBLESLR_ALL, 16.53,N
01/21/2024,24:00,NOVA1SLR_ALL, 15.93,N
01/21/2024,24:00,NOVA2S_UNIT1, 15.93,N
01/21/2024,24:00,NUECES_B_CC1, 17.54,N
01/21/2024,24:00,NUE_NUECESG7, 17.55,N
01/21/2024,24:00,NUE_NUECESG8, 17.54,N
01/21/2024,24:00,NUE_NUECESG9, 17.54,N
01/21/2024,24:00,NWF_NWF1, 23.62,N
01/21/2024,24:00,N_AL_BESS_RN, 15.79,N
01/21/2024,24:00,N_MRD_ESR_RN, 15.78,N
01/21/2024,24:00,OBERON_U1, 23.38,N
01/21/2024,24:00,ODESW_RN, 23.41,N
01/21/2024,24:00,OECCS_1, 23.18,N
01/21/2024,24:00,OECCS_2, 23.18,N
01/21/2024,24:00,OECCS_CC1, 23.18,N
01/21/2024,24:00,OECCS_CC2, 23.18,N
01/21/2024,24:00,OGSES_1, 16.9,N
01/21/2024,24:00,OGSES_2, 16.9,N
01/21/2024,24:00,OLIN_OLING_1, 16.65,N
01/21/2024,24:00,OLIN_OLING_2, 16.65,N
01/21/2024,24:00,OLIN_OLING_3, 16.65,N
01/21/2024,24:00,OLIN_OLING_4, 16.65,N
01/21/2024,24:00,OLNEYTN_RN, 16.35,N
01/21/2024,24:00,OR_BESS_RN, 17.28,N
01/21/2024,24:00,OWF_OWF, 7.81,N
01/21/2024,24:00,OXY_OXY_CCG1, 17.55,N
01/21/2024,24:00,OXY_PUN1, 17.55,N
01/21/2024,24:00,OXY_PUN2, 17.55,N
01/21/2024,24:00,PALE_ESS_EN, 13.65,N
01/21/2024,24:00,PALMWI_UNIT1, 13.77,N
01/21/2024,24:00,PANDA_S_CC1, 16.61,N
01/21/2024,24:00,PANDA_S_CT1, 16.61,N
01/21/2024,24:00,PANDA_S_CT2, 16.61,N
01/21/2024,24:00,PANDA_S_ST1, 16.61,N
01/21/2024,24:00,PANDA_T1_CC1, 16.96,N
01/21/2024,24:00,PANDA_T1_CT1, 16.96,N
01/21/2024,24:00,PANDA_T1_CT2, 16.96,N
01/21/2024,24:00,PANDA_T1_ST1, 16.96,N
01/21/2024,24:00,PANDA_T2_CC1, 16.96,N
01/21/2024,24:00,PANDA_T2_CT1, 16.96,N
01/21/2024,24:00,PANDA_T2_CT2, 16.96,N
01/21/2024,24:00,PANDA_T2_ST1, 16.96,N
01/21/2024,24:00,PAP1_PAP1, 17.53,N
01/21/2024,24:00,PAULN_RN, 16.72,N
01/21/2024,24:00,PAVLOV_BT_RN, 19.42,N
01/21/2024,24:00,PAVO_ESS_ALL, 23.98,N
01/21/2024,24:00,PB2SES_CT1, 23.35,N
01/21/2024,24:00,PB2SES_CT2, 23.35,N
01/21/2024,24:00,PB2SES_CT3, 23.35,N
01/21/2024,24:00,PB2SES_CT4, 23.35,N
01/21/2024,24:00,PB2SES_CT5, 23.35,N
01/21/2024,24:00,PC_NORTH_1, 16.93,N
01/21/2024,24:00,PC_SOUTH_ALL, 16.93,N
01/21/2024,24:00,PEARSA_1_24, 19.04,N
01/21/2024,24:00,PENA_ALL, 17.57,N
01/21/2024,24:00,PES1_RN, 17.12,N
01/21/2024,24:00,PEY_RN, 17.15,N
01/21/2024,24:00,PH1_UNIT1_2, 9.65,N
01/21/2024,24:00,PH2_U1_U2, 9.65,N
01/21/2024,24:00,PHILLWND_ALL, 16.84,N
01/21/2024,24:00,PHOEBE_ALL, 23.4,N
01/21/2024,24:00,PHOENIX_RN, 16.62,N
01/21/2024,24:00,PHO_ALL, 17.15,N
01/21/2024,24:00,PIONR_DJ_RN, 22.91,N
01/21/2024,24:00,PISG_RN_ALL, 16.76,N
01/21/2024,24:00,PITSDD_UNIT1, 16.75,N
01/21/2024,24:00,PLN_ALL, 17.16,N
01/21/2024,24:00,PNPI_GT2_RN, 17.15,N
01/21/2024,24:00,PORTSL_UNIT1, 16.45,N
01/21/2024,24:00,POTSVIL_RN, 17.18,N
01/21/2024,24:00,PRID_RN, 16.5,N
01/21/2024,24:00,PROSPERO_ALL, 23.49,N
01/21/2024,24:00,PRO_RN, 17.12,N
01/21/2024,24:00,PRSPERO2_ALL, 23.49,N
01/21/2024,24:00,PR_PR_ALL, 17.08,N
01/21/2024,24:00,PR_PR_G2, 17.08,N
01/21/2024,24:00,PSA_CC1, 17.07,N
01/21/2024,24:00,PSA_PSA_G1, 17.07,N
01/21/2024,24:00,PSA_PSA_G2, 17.07,N
01/21/2024,24:00,PSA_PSA_G3, 17.07,N
01/21/2024,24:00,PSA_PSA_G4, 17.07,N
01/21/2024,24:00,PSA_PSA_G5, 17.07,N
01/21/2024,24:00,PSA_PSA_G6, 17.07,N
01/21/2024,24:00,PSA_PSA_G7, 17.07,N
01/21/2024,24:00,PSA_PUN1, 17.07,N
01/21/2024,24:00,PSA_PUN2, 17.07,N
01/21/2024,24:00,PSA_PUN3, 17.07,N
01/21/2024,24:00,PSA_PUN4, 17.07,N
01/21/2024,24:00,PSA_PUN5, 17.07,N
01/21/2024,24:00,PSG_CC1, 17.08,N
01/21/2024,24:00,PSG_PSG_GT2, 17.08,N
01/21/2024,24:00,PSG_PSG_GT3, 17.08,N
01/21/2024,24:00,PSG_PSG_ST1, 17.08,N
01/21/2024,24:00,PTLBES_BESS1, 17.41,N
01/21/2024,24:00,PYR_PYRON1, 16.8,N
01/21/2024,24:00,QALSW_ALL, 23.19,N
01/21/2024,24:00,QALSW_CC1, 23.19,N
01/21/2024,24:00,QALSW_CC2, 23.19,N
01/21/2024,24:00,QUEEN_BA_RN, 23.39,N
01/21/2024,24:00,QUEEN_SL_RN, 23.39,N
01/21/2024,24:00,RAB_G1-8, 17.11,N
01/21/2024,24:00,RADN_SLR_ALL, 16.31,N
01/21/2024,24:00,RAMBLER_UNIT, 15.85,N
01/21/2024,24:00,RANCHERO_ALL, 18.36,N
01/21/2024,24:00,RAT_RN_1, 15.31,N
01/21/2024,24:00,RAYBURN_CC1, 17.5,N
01/21/2024,24:00,RAYB_G78910, 17.5,N
01/21/2024,24:00,RBN_BESS1, 17.18,N
01/21/2024,24:00,RDCAN_RDCNY1, 16.27,N
01/21/2024,24:00,REDBARN_RN, 23.02,N
01/21/2024,24:00,REDFISH_ALL, 15.77,N
01/21/2024,24:00,REDGATE_ALL, 15.79,N
01/21/2024,24:00,REDGATE_RN, 15.79,N
01/21/2024,24:00,RELOJ_ALL, 17.64,N
01/21/2024,24:00,REROCK_ALL, 23.27,N
01/21/2024,24:00,RHESS2_ESS1, 17.15,N
01/21/2024,24:00,RIGGIN_UNIT1, 23.68,N
01/21/2024,24:00,RIOG_ESR_RN, 15.83,N
01/21/2024,24:00,RIONOG_CC1, 17.4,N
01/21/2024,24:00,RIONOG_CT1, 17.4,N
01/21/2024,24:00,RIONOG_CT2, 17.4,N
01/21/2024,24:00,RIONOG_CT3, 17.4,N
01/21/2024,24:00,RIONOG_ST1, 17.4,N
01/21/2024,24:00,RIPPEY_ALL, 16.58,N
01/21/2024,24:00,RN_APOGEE, 16.25,N
01/21/2024,24:00,RN_BYU_G8, 17.09,N
01/21/2024,24:00,RN_DEC_AGR_A, 16.58,N
01/21/2024,24:00,RN_DEC_AGR_B, 16.58,N
01/21/2024,24:00,RN_DEC_AGR_C, 16.58,N
01/21/2024,24:00,RN_DEC_AGR_D, 16.58,N
01/21/2024,24:00,RN_ECEC_HOLT, 23.94,N
01/21/2024,24:00,RN_OCI_ALAMO, 17.85,N
01/21/2024,24:00,RN_RTS1, 16.19,N
01/21/2024,24:00,RN_SR_WIND1, 15.78,N
01/21/2024,24:00,RN_TOSBATT, 9.47,N
01/21/2024,24:00,ROSELAND_ALL, 16.85,N
01/21/2024,24:00,ROUTE66_RN, 9.56,N
01/21/2024,24:00,ROW_ALL, 17.12,N
01/21/2024,24:00,RPUBRDS_RN, 16.95,N
01/21/2024,24:00,RRANCHES_ALL, 23.33,N
01/21/2024,24:00,RRC_WIND_ALL, 16.55,N
01/21/2024,24:00,RSK_RN, 16.19,N
01/21/2024,24:00,RTLSNAKE_BT, 23.32,N
01/21/2024,24:00,RUSSEKST_RN, 38,N
01/21/2024,24:00,RVRVLYS_ALL, 17.14,N
01/21/2024,24:00,SADLBACK_RN, 23.33,N
01/21/2024,24:00,SALVTION_GEN, 16.15,N
01/21/2024,24:00,SAMSON_ALL, 16.64,N
01/21/2024,24:00,SANDHSYD1_2, 17.24,N
01/21/2024,24:00,SANDHSYD3_4, 17.24,N
01/21/2024,24:00,SANDHSYD6_7, 17.24,N
01/21/2024,24:00,SANDHSYD_5AC, 17.24,N
01/21/2024,24:00,SANDHSYD_CC1, 17.24,N
01/21/2024,24:00,SANTACRU_ALL, 17.55,N
01/21/2024,24:00,SAN_SANMIGG1, 17.66,N
01/21/2024,24:00,SBEAN_BESS, 23.3,N
01/21/2024,24:00,SBE_RN_1, 17.4,N
01/21/2024,24:00,SC2SES_UNIT1, 16.72,N
01/21/2024,24:00,SCES_UNIT1, 16.85,N
01/21/2024,24:00,SCLP_PUN1, 17.25,N
01/21/2024,24:00,SCLP_PUN2, 17.25,N
01/21/2024,24:00,SCLP_PUN3, 17.25,N
01/21/2024,24:00,SCLP_PUN4, 17.25,N
01/21/2024,24:00,SCLP_SCLPC_1, 17.25,N
01/21/2024,24:00,SCLP_SCLPC_2, 17.25,N
01/21/2024,24:00,SCLP_SCLPC_3, 17.25,N
01/21/2024,24:00,SCLP_SCLPC_4, 17.25,N
01/21/2024,24:00,SCSES_UNIT2, 16.72,N
01/21/2024,24:00,SDSES_PUN1, 17.08,N
01/21/2024,24:00,SDSES_PUN3, 17.08,N
01/21/2024,24:00,SENATEWD_1, 16.42,N
01/21/2024,24:00,SGM_SIGNALMT, 22.95,N
01/21/2024,24:00,SGSA_DGR, 23.27,N
01/21/2024,24:00,SG_BES_BESS1, 23.68,N
01/21/2024,24:00,SHAFFER_ALL, 17.55,N
01/21/2024,24:00,SHAMROCK_RN, 18.23,N
01/21/2024,24:00,SHANNONW_RN, 16.31,N
01/21/2024,24:00,SHEEPCRK_1, 16.55,N
01/21/2024,24:00,SILASRAY_CC1, 15.78,N
01/21/2024,24:00,SIL_SILAS_10, 15.78,N
01/21/2024,24:00,SIL_SILAS_6, 15.78,N
01/21/2024,24:00,SIL_SILAS_9, 15.78,N
01/21/2024,24:00,SIRIUS_UNIT1, 24.26,N
01/21/2024,24:00,SJS_SJS_G1, 17.09,N
01/21/2024,24:00,SJS_SJS_G2, 17.09,N
01/21/2024,24:00,SKY1, 17.32,N
01/21/2024,24:00,SLCN_ESS_ALL, 17.17,N
01/21/2024,24:00,SLTFRK_UN1_2, 9.74,N
01/21/2024,24:00,SL_PUN1, 17.08,N
01/21/2024,24:00,SL_PUN2, 17.08,N
01/21/2024,24:00,SNY_BESS_RN, 16.21,N
01/21/2024,24:00,SOLARA_UNIT1, 15.92,N
01/21/2024,24:00,SPARTA_ALL, 17.58,N
01/21/2024,24:00,SPLAIN1_RN, 9.5,N
01/21/2024,24:00,SPLAIN2_RN, 9.5,N
01/21/2024,24:00,SPNC_SPNCE_4, 16.59,N
01/21/2024,24:00,SPNC_SPNCE_5, 16.59,N
01/21/2024,24:00,SPTX12B_RN, 23.88,N
01/21/2024,24:00,SROSA_ESR_RN, 15.77,N
01/21/2024,24:00,SRWE1_UNIT1, 17.8,N
01/21/2024,24:00,SSPURT_WIND1, 9.4,N
01/21/2024,24:00,STAM_SLR_ALL, 16.64,N
01/21/2024,24:00,STEAM_ENG123, 16.65,N
01/21/2024,24:00,STEA_STEAM_1, 16.65,N
01/21/2024,24:00,STEA_STEAM_2, 16.65,N
01/21/2024,24:00,STEA_STEAM_3, 16.65,N
01/21/2024,24:00,STELLA_RN, 17.57,N
01/21/2024,24:00,STP_STP_G1, 17.17,N
01/21/2024,24:00,STP_STP_G2, 17.17,N
01/21/2024,24:00,STRATEGC_RN, 16.72,N
01/21/2024,24:00,STWF_T1, 15.96,N
01/21/2024,24:00,SUNVASLR_ALL, 16.76,N
01/21/2024,24:00,SWEC_G1, 22.54,N
01/21/2024,24:00,SWEETWN2_2_4, 16.76,N
01/21/2024,24:00,SWEETWN3_3, 16.76,N
01/21/2024,24:00,SWEETWND_1, 16.76,N
01/21/2024,24:00,SWOOSE1_U1, 23.33,N
01/21/2024,24:00,SWOOSEII_RN, 23.33,N
01/21/2024,24:00,SWTWN4_WND45, 16.76,N
01/21/2024,24:00,SWT_BESS_RN, 16.13,N
01/21/2024,24:00,S_HILLS_RN, 16.31,N
01/21/2024,24:00,TAHOKA_ALL, 19.19,N
01/21/2024,24:00,TAV_RN, 17.28,N
01/21/2024,24:00,TAYGETE2_ALL, 23.37,N
01/21/2024,24:00,TAYGETE_ALL, 23.37,N
01/21/2024,24:00,TBWF_ES_BES1, 23.9,N
01/21/2024,24:00,TC_PUN1, 17.09,N
01/21/2024,24:00,TC_PUN2, 17.09,N
01/21/2024,24:00,TC_TCHP1, 17.09,N
01/21/2024,24:00,TEN_CC1, 16.66,N
01/21/2024,24:00,TEN_CT1_STG, 16.66,N
01/21/2024,24:00,TGCCS_ALL, 16.71,N
01/21/2024,24:00,TGCCS_CC1, 16.71,N
01/21/2024,24:00,TGF_TGFGT, 17.55,N
01/21/2024,24:00,TGS_GT01, 17.55,N
01/21/2024,24:00,TGW_T1_T2, 17.57,N
01/21/2024,24:00,THW_1_CCU, 17.07,N
01/21/2024,24:00,THW_2_CCU, 17.07,N
01/21/2024,24:00,THW_CC1, 17.07,N
01/21/2024,24:00,THW_CC2, 17.07,N
01/21/2024,24:00,THW_THWGT5X, 17.06,N
01/21/2024,24:00,THW_THWGT_1, 17.07,N
01/21/2024,24:00,TI_SOLAR_ALL, 23.3,N
01/21/2024,24:00,TKWSW_CHAMP, 16.8,N
01/21/2024,24:00,TKWSW_ROSCOE, 16.8,N
01/21/2024,24:00,TNP_TNP_O_1, 16.93,N
01/21/2024,24:00,TNP_TNP_O_2, 16.93,N
01/21/2024,24:00,TNSKA_CC1, 16.62,N
01/21/2024,24:00,TNSKA_CCU, 16.62,N
01/21/2024,24:00,TOPAZ_ALL, 17.11,N
01/21/2024,24:00,TORR_ALL, 17.66,N
01/21/2024,24:00,TORT_ESS_RN, 17.12,N
01/21/2024,24:00,TOYAH_RN, 23.27,N
01/21/2024,24:00,TREB_SOLAR1, 17.34,N
01/21/2024,24:00,TRENT_TRENT, 15.96,N
01/21/2024,24:00,TRINITY_ALL, 16.34,N
01/21/2024,24:00,TRIPBUT1_RN, 25.56,N
01/21/2024,24:00,TRSES_UNIT6, 16.73,N
01/21/2024,24:00,TRUENO_ALL, 15.77,N
01/21/2024,24:00,TRUSGILL_RN, 16.11,N
01/21/2024,24:00,TTRSW_RN, 16.64,N
01/21/2024,24:00,TTWEC_G1, 14.25,N
01/21/2024,24:00,TURQ_BESS1, 16.65,N
01/21/2024,24:00,TV_RN, 17.16,N
01/21/2024,24:00,TXCTY_CC1, 17.11,N
01/21/2024,24:00,TXCTY_CTA, 17.11,N
01/21/2024,24:00,TXCTY_CTB, 17.11,N
01/21/2024,24:00,TXCTY_CTC, 17.11,N
01/21/2024,24:00,TXCTY_ST, 17.11,N
01/21/2024,24:00,TYLRWIND_RN, 16.56,N
01/21/2024,24:00,T_CK_GT2_RN, 23.26,N
01/21/2024,24:00,T_CK_GT3_RN, 23.26,N
01/21/2024,24:00,UCC_COG_PUN2, 17.11,N
01/21/2024,24:00,UCC_UCC_C_2, 17.11,N
01/21/2024,24:00,VANCOURT_RN, 15.78,N
01/21/2024,24:00,VENADO_ALL, 18.04,N
01/21/2024,24:00,VERAWIND_ALL, 16.11,N
01/21/2024,24:00,VERTIGO_UN1, 16.15,N
01/21/2024,24:00,VICTORIA_CC1, 17.47,N
01/21/2024,24:00,VICTPORT_RN, 17.46,N
01/21/2024,24:00,VIC_VICTORG5, 17.47,N
01/21/2024,24:00,VIC_VICTORG6, 17.47,N
01/21/2024,24:00,VISION_RN, 16.74,N
01/21/2024,24:00,VLSES_UNIT3, 16.62,N
01/21/2024,24:00,VORT_ALL_RN, 16.32,N
01/21/2024,24:00,WAKEWE_ALL, 15.46,N
01/21/2024,24:00,WAP_WAPGT_1, 17.15,N
01/21/2024,24:00,WAP_WAP_G1, 17.15,N
01/21/2024,24:00,WAP_WAP_G2, 17.15,N
01/21/2024,24:00,WAP_WAP_G3, 17.16,N
01/21/2024,24:00,WAP_WAP_G4, 17.16,N
01/21/2024,24:00,WAP_WAP_G5, 17.15,N
01/21/2024,24:00,WAP_WAP_G6, 17.11,N
01/21/2024,24:00,WAP_WAP_G7, 17.11,N
01/21/2024,24:00,WAP_WAP_G8, 17.11,N
01/21/2024,24:00,WAYMARK_RN, 23.02,N
01/21/2024,24:00,WCPP_CC1, 16.53,N
01/21/2024,24:00,WCPP_CT1, 16.53,N
01/21/2024,24:00,WCPP_CT2, 16.53,N
01/21/2024,24:00,WCPP_ST1, 16.53,N
01/21/2024,24:00,WEBBER_WS_T1, 17.22,N
01/21/2024,24:00,WEC_WECG1, 15.99,N
01/21/2024,24:00,WES_ALL, 17.25,N
01/21/2024,24:00,WFCOGEN_13, 16.23,N
01/21/2024,24:00,WFCOGEN_24, 16.23,N
01/21/2024,24:00,WFCOGEN_CC1, 16.23,N
01/21/2024,24:00,WFTANK_ESS1, 17.66,N
01/21/2024,24:00,WGU_RN, 17.23,N
01/21/2024,24:00,WHCCS2_4, 16.62,N
01/21/2024,24:00,WHCCS2_5_6, 16.62,N
01/21/2024,24:00,WHCCS2_CC2, 16.62,N
01/21/2024,24:00,WHCCS_CC1, 16.62,N
01/21/2024,24:00,WHCCS_CT1_ST, 16.62,N
01/21/2024,24:00,WHCCS_CT2, 16.62,N
01/21/2024,24:00,WHITE_PT_UN1, 17.52,N
01/21/2024,24:00,WHMESA_U1, 18.11,N
01/21/2024,24:00,WHTTAIL_WR1, 16.55,N
01/21/2024,24:00,WH_WIND_ALL, 16.71,N
01/21/2024,24:00,WILDWIND_ALL, 16.54,N
01/21/2024,24:00,WIPOPA_1_2, 17.24,N
01/21/2024,24:00,WIPOPA_3_4, 17.24,N
01/21/2024,24:00,WIR_WIRTZ_G1, 17.72,N
01/21/2024,24:00,WIR_WIRTZ_G2, 17.72,N
01/21/2024,24:00,WLTC_ESR_RN, 17.55,N
01/21/2024,24:00,WL_RANCH_RN, 17.2,N
01/21/2024,24:00,WNDTS2_UNIT1, 16.36,N
01/21/2024,24:00,WND_WHITNEY, 16.8,N
01/21/2024,24:00,WOODWRD1_RN, 23.98,N
01/21/2024,24:00,WOODWRD2_RN, 23.98,N
01/21/2024,24:00,WOV_BESS_RN, 23.48,N
01/21/2024,24:00,WRSBES_BESS1, 23.33,N
01/21/2024,24:00,W_HRL_ESR_RN, 15.78,N
01/21/2024,24:00,W_PECO_UNIT1, 23.3,N
01/21/2024,24:00,X443ESRN, 17.89,N
01/21/2024,24:00,YNG_WND_ALL, 16.35,N
01/21/2024,24:00,ZIER_SLR_ALL, 26.6,N
